Q1,FLOPs1,t1_PROCESS,t1_TRANSMIT,fn,B1,Q2,t2_TRANSMIT,B2,Q3_pre,Q3_trans,t3_pre,t3_trans,FLOPs3,B3,loss0,loss1,loss2,action,correct?
220.11088426845322,249.53261769964723,255.28714285099545,258.22273330265534,1,99.31294986051287,933.1465499452033,18979.424421158677,945.6975711218042,327.1964976764268,603.8177040316241,965.5913085012538,11806.166939159722,552.2263442440906,767.0072577734513,0.24670322798638827,9.813412544168582,5.548337837616055,0,yes
234.95756774071333,165.40385693903374,397.87497460001754,280.73986946726757,1,40.79460391518733,950.142789706924,18248.937793738576,947.2120260886749,751.0651635275941,188.8120686846613,751.0027527498896,14410.011454664764,293.97324508306974,645.1047306158472,0.24059057295806355,9.452267746147228,6.38585463129706,0,yes
273.9822955404235,121.86855799435907,383.1953531001457,271.5197896713611,1,64.75713003592335,738.732203121794,15134.510439369995,969.6079509950525,542.5833362562767,382.0225906770113,841.0772645343145,11982.787241777467,614.3464219436909,659.2696618522318,0.22634410577894765,7.850572322915145,5.57890736023714,0,yes
283.4709069240385,115.27668924173177,203.6170850249311,223.04070564855638,1,60.37631126105686,787.7083813468555,15088.400004521494,951.6447008684437,655.6304793594468,302.5994132864446,964.8779242027438,11385.546602331799,429.4690682462835,640.3825156975228,0.17874672960911978,7.835911895576366,5.3177228897646165,0,yes
299.9745119958869,243.23721565801105,353.041063813841,277.3672419719977,1,84.56510470066372,701.8795164990615,17389.987823179425,983.96453140732,59.17255337328679,876.439037373359,979.4247688315538,10740.192780228674,218.87182512706954,697.0259275357375,0.2758137136570936,8.972168621235069,4.985493597421925,0,yes
249.608491938369,266.1053054330419,387.61664633232544,251.31058389036727,4,43.61736127386059,610.2650053967562,19567.537200374703,937.755674236055,365.79887425101515,574.4380104988632,839.1594624734403,12068.385007585133,883.9656389433037,619.5869086578242,0.2871402106927878,10.034545338655793,5.717176432337835,0,yes
207.44875043772026,307.89490675814466,378.0088737884777,280.0154073058044,4,25.633009811889504,784.8970604505629,17769.720627060582,948.682081884577,303.7526251210583,677.9796437370114,979.6275630798792,12120.710345799209,129.92131425743167,684.4857719625442,0.30008977721941854,9.175538420649739,5.506904141434507,0,yes
254.67362535020663,388.46230796083955,210.0962662908724,219.50291569539732,4,40.924077428271424,703.3185214632622,16717.546969032148,922.719121066544,367.03336817947206,595.3322962404575,999.3028274196438,14799.715727946772,200.9625711602758,753.4979321664855,0.2945194084664556,8.627834239834135,6.621248069035896,0,yes
226.14148470822332,321.5576997320759,178.20143359196595,271.57414905386395,0,56.675471806654485,600.1704068443416,15462.717082660352,905.8886285263376,140.5773312388718,800.6513056944543,946.2882748181403,11120.308593042406,562.6311891561468,757.261655088628,0.2541666839116985,7.975582619754599,5.270538905410665,0,yes
244.6746811552341,168.14599839303162,142.5415048365411,259.0969564462051,1,51.418816049861,620.1995608108382,19782.682485318895,973.4764939284873,666.771657112114,270.7555117776725,804.0546695995494,14975.981601499614,393.5603251130096,770.0417653610173,0.18885555913905638,10.149197441439934,6.68948029636891,0,yes
267.8539000495971,298.7516527369821,340.8392267298777,240.53343931398177,4,99.03987289073184,824.1174840092658,16324.056847514508,950.5100675904202,456.72375154320105,532.4074125502823,795.2660519704533,10294.67848807705,299.80603542990536,676.7907729385294,0.2979641169071694,8.461720308750968,4.77071300607726,0,yes
215.03279131935585,285.6177489806612,311.33957760676105,261.5167563785577,1,80.84461620604696,891.3784800533799,18812.38676389674,962.609134934219,126.11108478531467,804.9815549305226,944.061078582997,10154.795872507004,264.51100453872306,681.074316859568,0.2700427839062065,9.72271405635865,4.752723905524851,0,yes
290.3889884558703,228.0987030771555,372.93265499242887,217.23819367331166,0,76.6031065687886,714.8826706956066,15580.13379079738,944.6710729577886,4.459793621839825,918.5628567767865,842.5433195821788,13886.870345263575,724.503019149462,703.758870920117,0.25549466924150566,8.0646841710086,6.3908280634223305,0,yes
255.20324203519223,220.66917037964518,389.3961982640949,216.76324984617696,1,81.69490210881847,888.3439377118859,17752.891027214733,947.2007305627626,591.6366115186033,388.0700599744016,723.9720424532227,11752.303967450634,889.0801794349354,747.840189180546,0.2559065732584689,9.19015670469338,5.569041281610778,0,yes
287.8251220058324,261.66834725223447,257.46813223074804,295.7978804377717,4,61.68346061650262,710.3630199864509,16558.241549422757,941.154199011255,491.9482601133986,504.8073280304971,993.8706361839455,12469.386461264592,800.8739917576657,672.9943715454137,0.27534095588290597,8.552259270589886,5.921023781505503,0,yes
272.27803148314086,253.39721902148813,275.30270755277826,218.94161493236066,4,56.77198057805414,683.9516063884282,16109.355482190964,942.2772834677529,73.47541642239545,846.6677770781746,752.0421932466286,10858.709768658637,479.2293423483408,742.1550504733076,0.25764184761964726,8.322164779526279,5.049942751061881,0,yes
258.10198275046844,375.65404910032385,190.5569385258806,279.1731982929815,1,34.90147267417982,794.4523835934567,16098.163610601881,990.6752438797705,642.2355585459401,280.2562488637258,721.960348643318,13642.936553180249,757.3404424933915,760.1810854381058,0.28509899278183226,8.347688393452044,6.2655626879071775,0,yes
233.17508830021774,307.10010001679717,135.0446627724857,243.32958036905424,4,65.80178898126393,693.276580260985,18767.174317962363,929.6146876155765,576.8456410480742,360.01488376162,732.0326326383953,10597.73724423383,404.4138276923821,618.3593562250413,0.2521391344058991,9.651384407698076,4.893622207410389,0,yes
279.35322346049173,351.0414725023431,396.164150874002,277.676219998023,1,75.52010532700832,721.9758622064966,15638.699636605485,960.8658265820831,617.2680731684719,337.5007066111393,988.5695752372678,11168.229630279378,599.5673684981683,657.4724378148644,0.32387154631239184,8.097759912651474,5.310074759613767,0,yes
234.14757140976775,130.5025141215534,219.00407326156596,215.849887844966,4,81.17753009195457,634.133309295839,18760.869093882553,966.8822787892834,561.2619514166157,375.19795855398377,733.0295618814679,14916.327814627519,869.5786930449517,703.9084362693949,0.19485211701194577,9.640414651616368,6.818696810154463,0,yes
267.3548763381486,144.54199313530637,194.5705397252774,271.44837184406543,4,31.162969864635144,806.9100347158231,15782.848105805979,949.2576114441887,17.78269894103728,978.0793290318616,767.4621342863616,10585.85882711171,444.95706132851785,620.9029117348744,0.20461279182460212,8.187092418641642,4.927734297500137,0,yes
233.78574447313576,318.9964797851006,390.44179427456527,220.11502480723234,0,86.27191221722937,854.9225429215704,17647.37639542461,912.4652676486265,239.2496742064216,672.9539631403662,825.4239222721686,14899.931406534002,606.9371242679624,649.4983138023946,0.2899851820027657,9.12508749676202,6.733562854191712,0,yes
238.7990916417309,100.98166443615776,354.40833558754287,275.7660674379043,4,62.987617966531666,973.5598750950794,18254.406782551006,969.2105304433372,794.9230409457518,146.61945302495826,917.4163458593541,13754.440495515315,254.0341770944515,631.4782966509785,0.22040864023620027,9.463414188597868,6.172661622871203,0,yes
250.89779466745935,318.835986071675,321.5370325502705,292.7695594203635,0,78.7296407657941,865.1854436355484,18288.898234899225,980.2064299683201,439.7969011690476,529.0781090457824,810.2437417452907,10566.61098043773,691.8696620118969,745.19115232925,0.2918853934721079,9.457474888201503,5.048539590587887,0,yes
235.36365815163208,388.10686306983814,192.70038680763702,254.90257083796257,4,52.58718140634835,610.2486622231681,17796.632264908578,916.3288852099608,712.9214691925721,197.91804144456023,900.7325199317071,14601.450319303134,304.7765467665678,676.7498925231429,0.297002928073995,9.146154787478618,6.526820935400714,0,yes
234.9681872254888,238.95245753618508,281.8708731039225,286.041204730213,1,89.96064807652354,965.4125954478865,19202.787161405937,962.8603191142672,652.0465683009976,313.5184414816438,941.2696665700562,10616.458745942222,694.0687330647901,748.6530078852804,0.2540519191893106,9.93485314290516,5.121771739894439,0,yes
204.00858539485105,200.80654065996936,329.75297361253513,264.7733790122264,4,22.451363488365228,754.0887800093416,19740.70210544637,982.6317667586047,116.44285843573225,838.7502249498309,800.6245002043019,13152.352942861922,659.8213313887135,686.7683333671479,0.24372088996469984,10.158868698825534,6.056556667281135,0,yes
271.2891970152046,296.27025075458175,198.85359540708424,293.00758089317435,1,45.79508459390621,903.6222133100656,18261.264338598336,963.2954180056571,468.0745496205762,482.60968790331714,912.80255393086,13505.465220243404,824.297877878668,729.8195011569146,0.26080950323801605,9.45002698782761,6.3135298772009465,0,yes
273.1380083146503,314.8492208450077,334.9810000320616,256.20575966332973,1,85.114747601272,807.3244373042344,16019.090105471265,927.3095272247609,813.3418075892802,94.6012138310382,923.4491254129746,10424.447637465491,391.0914908561615,743.3385451581864,0.29328345128775024,8.302293700194632,4.908035825936083,0,yes
282.80600592551167,156.42115648594904,384.79835247762327,231.10004386138442,1,22.60231700432513,669.4001571764551,16107.113914080113,985.2907738464553,328.5373247172844,574.3249764905614,820.3188522144627,14720.039577362486,553.1150830841954,624.1614668583912,0.22822073672106477,8.323787176944245,6.633445707183808,0,yes
210.3517036127478,202.79103062164836,157.74074568902722,260.6765742532639,1,63.39420317155543,976.7539689445741,17932.59953922811,960.6132609043065,788.2666604917171,190.84737473767177,805.7503310080159,12186.168213714212,368.02471443115354,787.6481763566421,0.20323940142904315,9.302060413061598,5.572099300220302,0,yes
221.26745411932143,380.8249496471701,141.4249663468297,269.0706359609684,4,95.37818445948399,761.9557666751832,17653.070261426674,919.1427219175554,646.3589918420921,330.71097252396146,965.4566824627946,14649.496760405562,657.3597881076578,612.123121581075,0.2902684257201019,9.108062302491986,6.713598986464047,0,yes
202.01396713756492,270.99246658564925,291.1527353548705,214.94625182452265,1,28.231548968330866,733.8138168172475,19458.256408652567,990.3113233217899,98.50394039311358,815.7053786870997,858.5931910797161,10604.564216200799,766.701797111942,666.5447075805577,0.24258451956005345,10.014222784116036,5.095099868794223,0,yes
241.1029229800725,153.57398858659275,259.1490073382736,203.15821637712622,1,74.81397368192418,895.2758500339196,16804.839256083033,937.0504691857119,291.2265185632247,666.2784268430635,786.4190117739429,10001.663708390546,471.31093150394526,688.498450735768,0.19765013537390194,8.716308712274207,4.715740905782774,0,yes
280.0037429316193,102.30976846371107,152.88046931994347,221.80713063710502,1,65.6270365399567,759.977804628609,16200.30798077934,946.6689269039225,671.5795243835634,279.00454831519335,947.7156139608676,10939.87047079571,487.9944006423312,672.9737622789605,0.1633868795397937,8.385016366479297,5.159219966225252,0,yes
206.23808836669122,129.1262756314878,312.59591431510233,212.8528616748603,4,63.2342958386677,973.2341273754345,15691.509129411033,913.8983064241665,960.8072790241686,30.815575126494423,932.1876579583662,14881.221806104815,181.14148978046805,613.2821698725584,0.2066405360408248,8.174293871423917,6.604660704487602,0,yes
280.7711541295438,236.15671074270037,236.91331586655357,272.01536874929167,0,75.63027637718154,939.258589370336,15799.682289678252,900.3783888103435,193.91327807483842,746.6240846846576,835.6630419210835,10555.819279301999,611.0597281612129,789.0076693115952,0.2411287255899888,8.218736852831015,5.024003865375863,0,yes
294.8477532538585,394.28926603502293,327.69351424835816,239.864595084892,1,53.27711346078967,936.3724666228436,17715.539581055706,932.7517548075215,28.74155634999587,891.328227876624,730.3613954506766,10725.33262966234,227.76871192897545,735.5007690569801,0.31908094918174895,9.180430439620313,4.886442362263508,0,yes
242.21858322884793,307.7336916239577,202.00607929110677,293.4414987218221,4,95.95544902742984,669.6266761520228,19434.35527193836,917.7076721344699,923.9316592652634,73.56808381080907,817.0740538518589,13018.568963524223,670.1888039755644,602.3498356303347,0.28074173513864686,9.978157797390182,6.008563492464334,0,yes
220.9689035994032,381.8083808266486,366.26074119676565,253.27881589362175,1,32.135875583646396,695.5562728807624,18016.917780173568,966.034104519379,235.12419638744618,667.501819927993,895.9669669718587,14075.345106589644,811.4978880518555,618.3497026705026,0.31248217652464005,9.281764766760961,6.5083892017722444,0,yes
247.81084475133883,358.25902442971164,275.6049721690339,210.06704060450534,1,41.840101429018205,696.7617419062532,18161.743052154023,975.1415931430096,181.48234265009728,790.1964975276608,982.6891032012995,10741.127742909992,814.3631351304581,629.4289706755208,0.28089999373010577,9.355700199170867,5.2214601297377214,0,yes
229.3177681378712,199.33003423710778,325.2919422947175,271.9188299063758,0,56.625125981019764,917.5018323626932,18613.23847161668,903.7681839762229,337.5657018865211,619.5437771261783,850.843072236127,10533.082042894195,484.6496581481121,704.2815615842444,0.23515752054825811,9.621009589976886,4.961440291455753,0,yes
273.585142390502,220.05776923220856,290.4973160927216,211.10701868692308,0,72.77412920126818,612.0873710356473,17509.776707467085,950.280123602473,140.39419367704758,792.0311932013058,934.8190981771527,13282.936114922664,540.9576075773887,658.0018444708995,0.2319552665795811,9.0077820339081,6.108012994444737,0,yes
203.058523411901,386.13002411934536,276.297306308654,242.00355026467662,1,51.101693075221036,970.0848453159942,15412.36261231369,956.9574056807894,254.83619498778953,693.2489996560562,707.3763774997474,14070.540573920876,404.3425733699299,608.0887424347242,0.2940861179228618,8.039902201205276,6.273054575820943,0,yes
244.81408435697404,198.66229022531772,215.63996197547834,214.59592439280027,0,42.8997774119717,964.5488342565432,17884.166271146973,907.4796394188578,871.7740164130671,76.05497876345578,794.3923093329066,10416.11284515127,603.6910577428062,634.3165444565855,0.20172841316126588,9.267747482626191,4.9292187118404565,0,yes
269.78393092378633,278.8978886137827,205.08265092300968,254.73373643601187,4,47.839417545890576,677.7044072071355,19238.631766804436,904.104364443504,414.28920164743676,542.5508069258058,708.1649761043161,12775.818457636437,802.2153656565818,670.2958648341984,0.2595180243227534,9.88020848998403,5.923976505147113,0,yes
272.9247989715739,232.78965991303053,399.64200551573634,224.535240189102,0,47.17783208798441,946.459216856081,17855.890353153874,915.4319037146299,204.4899669279659,704.2114552942603,926.8554220929695,14521.78556643576,754.0441514266188,796.7902827237781,0.25826132416978764,9.250543773472115,6.7007442111624105,0,yes
214.51914095303275,368.7273043613294,139.20072363238398,203.07136025994498,4,83.08473900687964,864.2292817992469,17465.818192173996,930.9365390429274,14.551017343591774,967.1162711620348,768.8537160087096,12727.272784463132,329.65538128292565,738.6733644779802,0.2693866029518548,9.038934161637538,5.752265786593219,0,yes
211.13030987959553,168.90595270628856,122.33494456122946,238.03088392178378,4,29.275538537979642,965.9086268364706,17944.52354964224,930.3517737140035,478.9171101463756,461.4556864582459,983.366510491134,12814.206739173724,502.18634556663676,684.4048473286236,0.18588491710307095,9.301366510543003,5.928992011529299,0,yes
236.0901375341311,354.9442997289307,224.14411904399773,255.86895713299282,1,57.434791410293336,837.9452128731134,15726.487251556551,978.8083800792872,132.51665593604258,822.3912800158266,922.2118430990236,14447.12094802625,303.00139430565764,675.2253328084289,0.2789210717782326,8.169942112927423,6.478812558999261,0,yes
273.6501339146928,384.2801258546597,357.3798640859143,246.53191415138147,1,70.41794733202582,790.9761173095801,16791.569028022823,913.7963614681391,585.523073215576,392.95579926724247,734.4992693838861,14104.165110970818,193.22502096411068,781.9826117638743,0.3218176892364411,8.683035491384251,6.240032838000424,0,yes
237.9593028914173,144.23052834206945,394.77980491685037,240.8296436862724,0,48.427467582363604,928.2601659339898,18747.462442270724,933.6786094732851,157.52746027720374,806.2377255545724,765.6463613345527,13637.708460624497,663.5130349796812,791.6708668231743,0.22085882369554324,9.69466540161233,6.253286860664995,0,yes
277.75046249558716,170.56414160963394,304.2776523004443,297.8097651592807,4,67.60731318881575,867.896194322238,18823.41837545761,919.9224053540762,765.2104342137048,213.16352086005418,956.3555330830782,12807.141664591145,882.855938852775,723.3292909102499,0.24813221002881553,9.717054040740768,6.078005012007005,0,yes
233.02807693295995,167.47863843840133,219.28097653716327,211.61923513005416,4,65.9586305426591,934.0643909848721,17462.35363406821,968.537915978912,61.451553252701245,874.9666233772265,852.4143958619088,10856.189556511305,516.3226334316721,641.0147731925831,0.2067968877961138,9.058233122119622,5.092820029561711,0,yes
292.1788229505628,270.4763270932489,150.63266818661342,287.5956653859678,4,34.20007396464557,682.6093613844926,17777.203456819916,975.5347458257505,655.275409881579,279.6269551180294,918.386932701551,13513.24654211136,104.94360972642278,687.2300366675936,0.2529538114653328,9.160377052033901,6.023340323640724,0,yes
220.54574763143165,147.4592687539857,171.69652186077047,258.63849571021365,0,65.66442582537574,769.7111487408605,19601.842112466245,913.5217564844332,67.65633480736277,843.4229275025489,870.2962825151883,13342.456242428823,771.707678181062,639.7179342187939,0.1810625472546356,10.083402004870138,6.1929955532479495,0,yes
213.85872732352712,166.6388892095402,319.46352313190965,291.052884471006,4,23.44291136596197,788.8704104677706,15490.60947613811,982.8927547672375,301.1918042801146,629.1128255972003,975.9937327820617,12866.6916913156,762.7563970038991,663.5235415163751,0.23461960310614058,8.041588503574097,6.047138565695192,0,yes
293.68408235720403,138.14367855599147,367.80337375196024,296.36215490804545,1,89.74503053956668,726.0487235088673,19459.563208750482,917.1936535842808,253.20008403868536,693.3792740498948,807.5902982043812,14687.447297003262,287.578258205329,628.2179019068402,0.24038176753743137,10.003095538135007,6.5156174365124695,0,yes
222.7599275095377,152.0392616679767,280.0015912572337,218.8483249541817,0,94.55502546044434,625.9523551642428,15598.967371346116,905.8220012461605,153.64654147986806,766.7413511497782,933.0637881442749,14827.224538054801,183.05792140136248,751.7249997514244,0.20050994505786143,8.04930382779591,6.592593524379033,0,yes
200.08860107657253,245.476178241445,323.747907323021,263.9003060425435,0,98.09851368776258,759.3731992580438,16746.778888599296,905.4012437810021,355.3562219397813,567.5879380077279,731.8872863283963,10640.27229083189,814.949953910946,717.9197853714493,0.25322848597590397,8.652466829723412,5.085965758383078,0,yes
284.01139323706843,353.8924037411732,281.2374077003092,239.15008256570673,4,23.8186002781838,626.0251329569488,19798.689946693306,991.831502239499,776.736289531683,131.88519220307865,842.9792423952498,12356.327490950205,212.77221408060703,680.0311330801347,0.3004125857922408,10.16101039989944,5.5689976113662,0,yes
297.4932180573419,185.7949766799553,179.25702605749794,203.05516401726123,1,56.332387354057865,613.941894000837,18778.760682844644,982.4587430582163,279.0939837103504,658.3879592218589,802.7504668742691,11158.688555243012,652.2468441551562,799.9067911483907,0.19935343414779402,9.647117795898664,5.26950060114307,0,yes
239.36298561057993,190.33547452583838,121.17076955770669,266.5694630514278,0,64.4780363093938,881.8530863405258,15534.641103746046,978.6003178823105,597.4565271424323,338.3623952402696,721.123900876427,13396.20641512537,237.1256216637483,663.7286696094402,0.19192195906104975,8.08389166145572,5.947527216001493,0,yes
285.9062252201785,388.15786576855083,334.6952727408548,272.72033605785856,1,64.9615052075167,919.7203739059403,17254.874547526975,900.58600192096,202.66459324176427,763.2718101912477,739.8486106527301,13077.92492769827,422.6286022099569,654.3142209290635,0.32493567202763735,8.941899420860864,5.904814053485567,0,yes
275.2841109179116,176.9500978336631,285.2606950289419,213.29794517639758,4,85.78694072405352,667.228204592458,17860.834891707083,975.9523307000729,224.21071696834395,728.7234371033751,828.7609876977483,12892.865757314534,275.9555800537187,601.6951726974427,0.23195440791151226,9.198879791163758,5.799017602192822,0,yes
233.2916134988496,238.3682142630522,286.06817564299024,221.95214586786324,1,75.0167039793269,983.8733246796533,17230.085581461077,957.4031610802535,711.7276767748227,282.8559455725664,835.9380542496822,14789.200059834398,198.33986357876682,607.9377289884931,0.23974886560924574,8.952003039020012,6.535945342657162,0,yes
236.59918697001774,326.21480005046993,359.50709065102245,299.7256827957229,4,67.10854895099848,637.3275581606592,15660.932457501487,924.0146443139986,461.43576347878,538.5389109547745,855.1717453504706,13164.064345029896,410.0446043730882,700.3782186954335,0.31655364089405397,8.08525106923646,5.991137135472032,0,yes
221.26781168809083,331.5191682763182,312.09399407683907,275.1721014417593,1,46.03033654809416,723.7565291808611,18208.341036886606,935.6331061675271,238.834905577447,744.7623159857519,744.4201980148805,14031.178300464626,147.1411947755465,702.0499922008548,0.28769583841757174,9.379503686162236,6.186469813671844,0,yes
231.8787215815848,306.0482474046694,378.28646501030255,270.74998155254127,0,73.97242171118553,678.6399117963014,15768.150431419774,999.0415780341393,720.2332793419348,216.71265743604602,905.092382583872,13010.341273841683,502.1799911289574,605.0587628855934,0.2907143030282062,8.158237405239653,5.965271220958927,0,yes
260.3142894329923,135.06384031229854,351.33308546336946,289.174484334637,1,81.62463390698097,738.915747105579,19545.16128154622,923.1993923421641,783.035820260699,118.89071556290503,869.0471420968264,11901.75323527657,310.39065046188074,717.9852807679424,0.2291717329652629,10.049558801320982,5.440736370017178,0,yes
273.21416319366574,306.39525755730676,314.5984278799082,236.54838843965643,4,60.1705581529004,800.6161815387951,16796.223952827124,908.5116498497417,563.982441888912,357.97310234580084,939.7804472865276,14522.01158663951,540.7513131308369,681.5113815673844,0.2907672895645586,8.68679198425144,6.607200325358235,0,yes
239.16205820327755,168.4355032209221,383.2990315393063,258.0229310998042,4,38.6586199032739,933.7504961840214,16237.806134044615,949.5475886907512,859.0198327418933,47.423726619403624,832.5828209148481,10568.828481101702,741.9837470809654,615.9132528989359,0.24660749097763318,8.443270777267204,5.052825910560728,0,yes
271.60346701060513,325.69165775551375,207.341838158661,245.6366238575013,1,65.1490886224828,901.7921207119805,16781.8530685582,943.173733555647,796.6259692073867,104.93521033264096,844.0240311088482,12348.607152164164,306.10169885473164,676.5859024179746,0.2672741462701291,8.70713587986059,5.602242965551466,0,yes
212.66427189049136,225.1542340555912,273.8326409651595,248.73444417978033,1,52.44529270605121,651.6897118741899,18302.743779055123,912.9384054708347,435.6808077960286,537.2060910528146,925.8244990044384,10298.498447609329,393.53170657640646,724.7867557720152,0.2319301909607101,9.407776988741645,4.866039997603962,0,yes
242.6992157983272,178.6058318106835,393.3344973960848,299.5926911104302,0,42.662981347677146,629.1299027835128,19601.858028933762,937.1243682436383,828.1402220756295,73.57955119504061,859.5252110779537,12229.524719839515,270.30847193594127,782.9593962548586,0.2459470013349467,10.055723808539705,5.560611596740109,0,yes
273.98477655382726,298.01683074302434,348.58636733379944,246.26913867726628,4,42.03762922683917,781.1440617343857,17755.51850847104,959.6617470238995,770.6579146905458,131.28623637024464,743.2326717560023,10463.129473779802,714.3020040385805,640.0625101342554,0.2939759692320645,9.1691133348812,4.966275897506843,0,yes
275.044054045321,241.0960480137943,252.56279401187587,255.45951921310512,0,27.941870669344517,762.5412462399631,18713.310923816425,932.7715890503026,789.2868148871366,152.8676294865561,703.5465127995326,11774.820743330834,563.8077853499398,626.3597874396585,0.23620358307550882,9.640178737112034,5.418590289096489,0,yes
250.6436005405578,173.38499252117606,208.4601952292046,257.3815286861235,0,52.08265139582083,728.4116716783196,16834.49295799275,949.5215626374461,299.1037650379862,687.8424765363029,712.3612391561435,12314.04068842446,656.9080255591914,776.0455990183855,0.20062988713327823,8.695514888969774,5.700980728377269,0,yes
241.0254630192474,361.06179595067044,276.2231018078619,273.9015965928762,1,59.186276798607636,788.8580019340399,19749.135583920055,978.3815095900165,902.7705676514607,47.9114661614077,906.3020185300647,11119.840985350587,678.2648321811578,755.2503156409275,0.2962342547178053,10.170224490246296,5.301642609642394,0,yes
294.9146572938859,226.23546619242495,164.99406014935232,252.80912333460944,1,64.24361193304402,630.4697680547973,15428.254009311018,946.4704184049559,703.7594792257983,216.03188138079656,882.3660812823894,10399.864228636921,327.4244868334009,765.0541756931035,0.22329548598566887,7.970497285053902,4.8608091482282605,0,yes
242.8321086318157,284.3586212352272,263.623898063778,274.18702831321355,0,36.531674751916526,957.4521910633017,19368.273323509224,990.6642452095177,913.5111132200847,36.05445274366343,962.7978907768925,11818.753574653878,196.17288651865073,654.5189060725918,0.2564710598065503,10.019611932056314,5.39751446011144,0,yes
246.24667513736188,267.29427378601997,243.55171524996285,281.8886177580247,4,84.54825663504519,684.7626627643909,17159.778489628334,973.3919202573697,856.3340499440901,71.395935450651,743.9792292877728,13186.502673904088,258.25472549288907,697.7536625566468,0.26963907114239083,8.851840840678221,5.884608109041189,0,yes
290.19864945522204,387.6215128799145,160.11378631060705,265.5261984629092,1,33.51943821733913,855.6599629158935,18973.600851884832,918.9231753973693,447.20474132764485,515.8755825053811,769.4126837645708,10260.222834439528,614.2820515151432,710.7999971118044,0.2849577451192528,9.789248450567698,4.873261328782886,0,yes
265.837867706021,167.4588518077174,132.94442658433948,207.69731613882743,4,20.603464210853872,984.9280665972406,15667.409181388599,979.3332118592689,290.5709971902483,644.1342205800015,866.8271076722275,13116.190619170546,262.3499804787277,604.7621428198777,0.18718508951014562,8.173935778897228,5.896026801710497,0,yes
216.08334609234382,235.62967937870866,147.63396369323567,253.766407701308,4,76.29559899573212,738.0419841218004,18770.6399577795,908.5100520718248,23.876278636901926,957.9496229852182,779.574950587349,10635.606180384148,605.5401763563875,707.209397067802,0.2273169925389842,9.66009734117423,5.026098416813193,0,yes
223.89423725767614,394.5092647568869,330.1775559852575,280.9746921566692,4,35.81896133092567,829.1127968376426,18829.43089130989,906.5529114048051,740.7208397075348,161.52610357965307,793.4821362894836,13629.047770223064,688.5491994943,736.1896423684777,0.3287173605140044,9.709505411485857,6.255146553094609,0,yes
252.61928651883454,171.0347630866267,155.69195496064248,285.13718985626804,4,25.39843041580798,821.5578544755234,16485.391139983847,918.4103413985935,577.6424550025686,358.10825408882226,712.9663291286198,12015.494562602891,897.3821061265645,740.9305524578446,0.2075833550728909,8.53741143029228,5.666262796438378,0,yes
241.2520036838784,221.28398609544638,336.3712300696453,256.7946454216703,0,46.365571312393286,858.1675356164384,18596.430749884013,972.2016090395844,817.1331852866286,131.07087655105067,739.6750870059619,13583.535619257693,651.2273134613297,633.5305085348989,0.24334845562133967,9.60855132663681,6.193264208262347,0,yes
269.1334422937351,253.07760699566197,248.87822412859552,209.07748728654903,1,39.97811497330253,720.3735013939331,15202.757314365748,967.6817201447592,673.1366006261106,231.91297931285385,740.2465951684376,11698.63169283304,798.3391026843021,660.9716571569309,0.23574737616504687,7.880375504418447,5.496061044072673,0,yes
245.0595463345217,149.63596483339484,144.97878221429005,214.28205982874744,4,31.778433062923924,689.4983914656979,18306.188448136458,947.8643253438895,204.15079779882336,761.6366489150248,717.6358946957426,14450.896498846118,874.3984653854126,793.7391072684558,0.1825561600721002,9.422566579205915,6.6442677517800846,0,yes
293.93057351386193,271.6088648574025,137.06727120518866,263.330703907247,1,49.67217862128808,822.6338061263731,19590.5917187283,961.9746414716191,23.26011429827113,938.6778058665255,713.9947856042189,14819.479294626602,876.7679250730205,690.6775766890712,0.23600738616106837,10.096234191107417,6.776978288657547,0,yes
236.71599099824016,103.35665185307435,398.6965821176699,288.27991748942094,4,70.08022978118116,617.8405255745217,17125.95912877995,959.5820973133287,509.2362350949056,438.44675324596165,964.5331003326248,10731.87068940418,392.1788537726253,612.0252583986456,0.233347492232577,8.818405075045689,5.03604182164686,0,yes
232.0776016886258,320.8545092261312,287.20925097159187,258.06003527969347,4,43.89482602310429,852.1049266331238,18468.834562206994,911.1999468366138,908.3194413828288,16.877334054151902,989.5219297366407,13712.013839479989,664.8225420310936,756.7016638822745,0.28812751468732306,9.535009110006174,6.363118281294755,0,yes
242.57337438962824,303.25193340737053,342.45991731005495,260.8167483485056,4,80.64491135619329,925.9004327638052,19712.68328465934,943.7312059060238,660.7729999501076,258.72545123485565,774.0491106796294,10841.79561542719,238.31009466707957,684.7287602475573,0.2986342293614108,10.17811699601782,4.947932316837107,0,yes
263.0145658537539,353.41874488880455,381.2304504440167,289.52037155117335,1,88.1276382821643,651.3297156662751,15224.90321068165,958.5658141443766,975.1170694759304,20.44151477178275,949.988489225052,10650.678935228532,482.75591627167216,682.2683087020137,0.3237217486017561,7.875037431947945,5.049794363463008,0,yes
289.0629675809938,399.98709309490437,163.5897838028439,275.6188598288866,0,34.66969685834259,656.3987670862282,16015.128990635036,932.8433836009557,969.8207494792485,12.820086982612679,788.2559872494501,13049.290133862263,643.9679616819225,622.9037701413482,0.2886183692197544,8.267722679890882,5.999457178825474,0,yes
294.5341331242801,125.4302854844577,207.4326921573169,271.1014097134061,4,56.53077174064184,979.4943632112854,19252.38995654171,932.991335088359,313.4256883654307,646.3996311206602,736.3987621548742,13896.363684336508,119.06717159291756,622.0358015754126,0.20610179353252792,9.958790095681847,6.10431853216276,0,yes
212.07963682680113,219.80491535587407,148.07933892416773,220.97596498025752,4,65.0982368382085,694.188145042972,18879.65249658887,930.9823398696603,132.75446026327512,809.3684178204312,755.0572660985084,10194.332472848115,524.756682793194,610.4719766252259,0.21260487194195654,9.708011200844798,4.789300682981394,0,yes
294.5341227427657,204.4879449876433,251.20780655961448,258.4659203496909,4,34.7108722391451,677.287182687072,16194.867545200213,994.2147263172108,468.27556991126687,490.2812537593145,890.9482760589846,14145.539932508818,504.4826936664854,780.8743729394885,0.24121023752994586,8.370629260084055,6.440767076562233,0,yes
217.80273221930716,286.9220162287439,293.07017242175266,283.2627156122714,4,93.82720293293767,801.7827461052675,19633.5397585826,921.8989662820118,351.02084965336394,563.0055977404627,897.7738692002422,10356.125585151713,443.22742836349056,749.2521101112872,0.2852421676980159,10.10753978416868,4.89290745840384,0,yes
243.44862042906078,122.65759990384521,350.0996497920735,223.99814383342456,1,58.04929601139545,722.9071025849235,18149.805225629527,903.0168893148043,215.19509712408637,707.8307301081447,815.3731226593771,13576.192736403242,192.3458963894551,751.9491814604027,0.20583054293306058,9.345587803110835,6.0492104490611,0,yes
235.17576096531857,139.73533452057495,251.96135480356594,264.6970918938369,1,66.06339055580574,870.6773737021819,19466.89921834777,980.314690580143,116.690299716815,878.6150457556515,967.070877107385,11359.222732047461,292.908103186192,629.330440415,0.20113573444394178,10.047730530088174,5.257127455929456,0,yes
298.673751412853,366.8008100189373,270.7337303708565,258.8058855686935,1,90.38034921626861,660.87659662161,18111.7026900656,968.9213371143737,917.393362997502,41.28505403579345,895.3103588693024,10080.011317558068,188.88718640627673,713.2525945400491,0.3056318185746505,9.321952375951144,4.6810952045546665,0,yes
248.83082770402513,309.9712809523437,201.58343962046513,210.8857094259871,1,94.77976653736337,878.75704759045,17114.17253506887,996.3267819849144,197.30129843042258,705.1889512937977,932.7044003305646,11236.054838509097,147.03614720643117,629.4634768237559,0.25372909455018333,8.875413206843994,5.123016521382155,0,yes
219.5206521007181,355.0954948741395,281.4907652337297,281.1865193248268,1,33.12994497319622,884.5853063014802,18199.05304439908,970.2278389682933,140.27761085127338,810.8246162484896,927.1236576810809,12283.842962855397,616.3738079181818,794.8333994569045,0.29036663247541433,9.415559072299292,5.756154650612133,0,yes
219.5152147808117,170.66380120652394,160.69763431861568,230.06685029856632,0,42.76668402363572,941.4880172051894,18551.080738868935,929.642750660901,798.9834808103495,152.59284478657776,950.1841160379271,13002.333817796001,366.9274308220944,670.6187508972744,0.1794218698897269,9.598945196204737,5.936592914693814,0,yes
241.1739493985101,207.38209143467614,309.6422188049439,204.81472690287643,0,78.77415754770755,959.7472248977306,18918.80337942713,960.7493024774141,102.67047530738249,815.3698961311565,798.4118570659871,12725.411537077258,259.8087681319661,652.7464559996755,0.2261102389867599,9.791268163793253,5.715322071631432,0,yes
202.87702798954433,315.35594142491925,152.63064772876118,293.7834277912981,4,73.22897543200794,614.6997633011858,18546.104232755635,915.694571133788,110.99085786118712,816.8255762956136,808.3318139133244,13558.003087912952,426.3775941171532,653.2148250695342,0.26615789661263883,9.521771698947145,6.120353462842422,0,yes
282.27145056105803,353.7965192598343,137.5060464094194,250.57142519173732,4,74.01368079656805,772.9940768519374,16196.404918582519,977.9721670679513,956.3584137459954,42.505379191102975,703.8020530465474,11725.568489394343,424.51929347362085,766.0444828115799,0.2800011619673152,8.39027170789272,5.3695325018886635,0,yes
290.76958961605465,237.71033890043446,128.61423678336575,216.57715651283522,0,29.28613247474507,998.4328807554659,15155.79102416718,910.2115326139362,895.7709090710479,27.184096583643168,784.4160482552977,14034.229338600924,809.9305459552041,682.690103982444,0.20444387978535875,7.9117494093262755,6.457905261656246,0,yes
241.5768019176456,226.93906496526543,168.8945449636964,200.89762900723298,0,70.38155800363097,767.8786700835292,17239.233680417212,940.2871837068338,173.37755171927677,819.0763158263351,986.9333470376198,11918.078279051335,790.6881583447386,710.8444663269867,0.20399576529450697,8.905356312787047,5.698042744062718,0,yes
244.21104270300108,347.8837975298126,216.4028106621867,222.15258185340736,4,68.9813526719168,630.2502805348586,18686.484208330538,921.5876217971634,378.2154345160106,617.7757691818447,723.1666520949418,14402.07584870895,259.4456980809832,653.720578459866,0.28228322619127283,9.596152199829556,6.366610170835617,0,yes
267.6248009222919,169.08668331797386,277.17885595880955,269.7073454314457,0,21.821618521659598,722.6776655946352,17114.66212193019,982.8409275352594,82.81279074009998,847.2815337755137,774.8223391737732,12532.038280930614,804.5738691615262,642.2288343956366,0.21346433526209063,8.838931771025198,5.846715020244471,0,yes
269.50317210016044,217.93565829342555,213.93355588230577,245.10247243736544,0,58.267341463362754,927.5706237327515,18245.365429062553,903.8507059075055,425.838631916495,510.1866596676518,820.0571160848712,13872.701592070378,669.1738701680935,659.9641708824356,0.22025230163449266,9.439380674186141,6.3500520662755005,0,yes
247.58063406385435,351.13234239486434,323.26043626015485,226.85817140058649,1,50.98548272604233,979.1411741686657,18446.992074538313,925.2618656008283,304.87391574135484,616.7568680721473,926.7986582683302,10990.429337529518,522.0147515651479,743.9134309673868,0.2920590225501874,9.554950703820095,5.1900842831018394,0,yes
200.0492537715404,357.6872138992185,312.8012427526253,227.65443057027642,0,58.78584609562261,706.9939980915643,19197.22492350294,979.353669973008,672.2173991579056,314.6314931006473,980.1192094522797,13398.091800278578,726.8021949595558,717.5960149797833,0.28372618830585,9.876274351639479,6.261883660312327,0,yes
277.41894783383265,184.00280385568288,293.15793694714216,248.48789507556492,0,28.90263367740352,961.4359817423945,17494.483992117282,978.6176144332426,223.79725366282943,766.6608391707686,761.9847593783786,14416.07663798456,118.97957940047581,611.7793325113144,0.22051242864367726,9.081963824713796,6.32529916555526,0,yes
237.77876832945972,293.8996235168762,121.62465598448318,227.92266172673968,4,48.72604832475902,827.9576452525057,16279.080132413676,932.4450033413651,59.94760536748911,939.9913427716417,783.2945101569376,13345.719977713125,735.1306686236197,779.2005167738824,0.23952875128315892,8.437612013626952,6.175538582330293,0,yes
225.6056759443689,157.96359763078493,373.17571419580804,269.28195687061606,0,85.4819398878823,664.534688081153,15002.436336611094,958.2829185187264,109.90754642981877,843.5131736904091,735.8095685251557,10638.989047725894,744.5553983676893,607.2191815507528,0.23081954676066713,7.766652269920271,5.048513063595838,0,yes
278.1774366328567,241.23768355017745,375.0536548369956,213.23586089786335,0,44.57497544645256,986.0745165116164,18141.873463864704,997.2322531801998,860.8146326831702,107.53801315988915,919.5027934311345,13150.589391445974,785.4651443320512,741.2042850330838,0.25480087236058635,9.413913427636995,6.1626713115756155,0,yes
213.8868267365296,137.03054137630537,317.95592396679814,261.0468422355663,1,36.25535121361938,726.1494405507865,17601.907452325977,917.5243145036992,899.2565808758463,92.52639987558473,835.8204691827046,11424.344263051364,646.637817787193,713.1660269551207,0.206087285198145,9.074335094687132,5.382697626702284,0,yes
214.98712148226565,199.12147952629994,399.11497257779286,247.52238209747037,0,70.87042952417546,754.8694390358869,15572.996240814573,983.4616724859242,302.03578222464716,630.0527716059901,770.436322262931,13118.03395516452,202.084929628841,768.4084200396595,0.24494060855135566,8.075303712772563,5.855300075545135,0,yes
259.7553683385335,390.0312874731973,253.06467915797145,295.19830161381054,0,79.34559655164665,995.2598204824804,19092.116476483643,960.8317825746291,676.0636523056155,276.1510293596557,913.5600961718067,11207.377910924293,765.2308970569459,697.6348706449166,0.3083525116317771,9.88612192829549,5.366926923514431,0,yes
243.09443248996624,317.7738189590067,362.5410509600861,235.83598647098006,0,34.01563921662878,754.2738659934332,18767.572240468475,944.3135619987752,327.75110153222283,584.594928915133,950.1302129250809,13361.993729602527,188.09816782682736,637.3228773835724,0.28166730530367495,9.667059929373254,5.999159896184461,0,yes
234.2991350302666,231.54061280860313,373.85745754555904,241.63695974032692,0,95.40637287168772,916.8316922965905,15506.754155765366,929.8875950233555,766.1626217871915,168.2046482412186,897.4119249630737,14056.479040397895,782.1649366052472,724.9743332362459,0.2572040257705525,8.071185137147356,6.508042889769637,0,yes
274.39925404200375,223.44419388906672,345.24741666505395,224.40232211345952,1,82.02317388112547,896.7782959902751,16454.16496457921,962.6000663234427,938.3580798049848,39.485681402411615,758.7095161101137,11109.661650856773,484.6216066507803,635.2734461620075,0.2521849407990687,8.544826978518897,5.149001602779085,0,yes
286.57132108830643,388.8146040007982,211.1728805011564,283.4646045308972,4,30.120222208481504,874.4190163747107,15554.040139483712,923.6965423330438,57.37350571243533,907.4600376234732,734.3099231004819,13299.063345506389,761.8916282833704,605.9958282686572,0.3103476951963531,8.084355103049223,6.120290664525202,0,yes
218.30808985682168,227.83975067974745,286.5000428910231,275.67796372589237,0,87.06978328058865,800.1334646239825,16495.14283932702,987.5079796370318,929.2676934601617,10.093941475201177,716.0304954523557,12469.295384735899,815.1660144996232,653.1422066468888,0.24199224053945537,8.547006681145104,5.805038841167131,0,yes
233.33762227856965,231.52045985082177,101.58141699845173,265.2548675991526,0,30.539704371111842,850.6644021122793,18115.262584296197,999.5289641812104,567.3910500295727,353.600521358455,835.4603211170526,10361.454652128652,684.9173089556956,683.1895155827472,0.19918799676429808,9.370062669397022,4.959004891902485,0,yes
245.4673919040143,185.77373207099964,316.84104721697986,257.7952353393624,4,36.052630237990044,992.1359458083436,17354.554481344057,959.531135252163,54.193662837649306,924.1572173983204,726.6436837196535,12077.551850274362,828.9915384295765,694.5904892268222,0.2406750844619551,9.016439255032004,5.668938692715764,0,yes
275.50084162061086,217.9020806650451,100.78723326208214,282.40369081831886,1,55.69012672555719,779.2088369871665,15331.764966971969,992.2406456798159,368.4416056780511,593.8686250484077,749.800455365497,10490.059788379722,867.4483949361296,688.6749403805763,0.20950512399605914,7.961310259552936,5.055592424166796,0,yes
218.04386017757975,329.9022438499443,117.23566531953277,273.450629610374,1,95.1137589101163,697.3548700009669,18657.221600717705,973.5463135132575,361.78385625547617,605.9864938926067,881.2691735962154,10853.1081915011,676.5866295504577,613.3555042751934,0.253497199513324,9.603349360123694,5.167935188761503,0,yes
222.48886183966812,214.67405186973178,261.87225291316656,261.4034222988965,4,86.51548895119744,732.0638320515845,18712.978305868186,997.0800167152033,852.6523308945834,58.93242369481516,816.497501694301,13922.330360830052,784.7829734388138,684.9179529995718,0.2454036864331151,9.642136248324617,6.414658137353609,0,yes
221.13506971822025,395.0401606235547,284.6782349043625,240.05379472840582,4,40.212640216904674,908.4937969566665,19223.296600930757,955.6132049755053,411.36614164488174,490.7897134780653,858.6434395816461,10646.622593377819,441.62648828172405,686.3326758568949,0.3118494528460898,9.93109208468759,4.982870600332728,0,yes
284.6029101170021,193.4576969326064,305.11867023624944,204.25522842021405,0,53.24153563800679,960.9743965786508,18064.62553143962,925.7077710736366,198.20437190508144,734.6956330096264,884.279416268261,10514.710413380384,356.61100843363147,712.0429534516406,0.2218088763583111,9.359647167150221,4.913948962077495,0,yes
228.88969023399878,142.05454206137233,184.3663191266804,297.6391910511324,0,62.99508134593019,695.4904780193574,15408.674755054519,900.7453930196481,666.0766982669884,291.409653444696,823.2123854437749,14744.03330626004,431.1117992960533,694.4439336596541,0.18995295292596787,7.9686760089536826,6.61210740833305,0,yes
248.81533572600213,152.84855830303968,129.30761724277357,218.27176867113218,0,85.68794856026925,991.7116314919797,16947.08239022883,951.0900201403178,30.54208610583713,956.2345448475921,863.1713027897134,10364.30660867894,528.7429522948025,682.9959637959414,0.1727566632062348,8.811442790401802,4.917791256876822,0,yes
205.00357004992884,175.44001836571047,245.59477294835642,229.18424719260253,4,93.83767827248462,905.6874139019908,17694.90802482858,947.0061216698482,737.5309991530459,229.3530536999059,706.4275258523832,12563.46314777255,882.2302685396905,660.0093521307301,0.21872440484194122,9.165075325113627,5.870379411531136,0,yes
290.5849784671563,212.32998503047583,248.44891441469733,223.08782850701965,0,78.09042620476907,931.7111676165216,15679.958983140743,954.3429180768558,855.4885419774721,106.13865614385702,850.2487113800769,12582.424690568978,257.056335914466,653.0229128943154,0.2256722084653278,8.164541084395964,5.683781427485899,0,yes
260.3603948974794,398.64335845357044,247.92030226063446,263.5323396959537,1,22.21414311824634,771.8614882808822,15553.127861696716,923.3344152862087,817.4603421662844,173.87906060095634,902.4074571778647,13264.519733353512,161.69690814947063,798.4885458823119,0.30133044134907283,8.060864452539827,5.962715470374455,0,yes
252.38950674689804,224.56802021664674,377.7852682811965,236.57723843980656,0,54.72255228181644,612.8868532498338,15291.783829015894,951.6965675498159,139.40458044592498,814.7289607332268,834.1171548924568,12402.202268830948,515.2815051400569,775.4083082946372,0.2513598605040794,7.899154272499878,5.723680257386408,0,yes
250.31635020898818,141.12704539369665,290.56647624939546,222.37857678855477,1,59.03893886378736,862.6947730968549,19145.721044418882,992.2018304369888,430.69589128257024,519.23779054991,780.4694625049902,13071.34077783436,301.29254100763114,650.4777557915626,0.2019804145161023,9.886986126953396,5.86718668897079,0,yes
284.5561962231274,278.77976769565316,136.92707694781544,267.45670885425943,4,33.080115654456165,847.156837415535,15548.35768344337,943.7569947345656,165.66835886109595,761.6308420159512,701.992753538532,10575.518044588945,116.63608142823509,616.8340886884939,0.2483997315786265,8.078116140947909,4.756097681947379,0,yes
223.57673417680536,371.1903978541754,134.8566044720254,228.28599656712305,1,91.09745997228127,918.1179791431657,15674.047527503684,974.4189893862116,963.6760927289305,11.907413633509805,993.4092953068023,12501.544433425013,720.0989147777641,630.9333152763122,0.26469722539560503,8.161253183293322,5.892945448887055,0,yes
256.43869614620803,339.6514056582996,236.06248825157675,291.5838887097593,0,50.437561711201994,700.6098701223973,15590.475273034308,913.4576397445742,67.93001960460133,922.7575581710806,869.1050478371437,10436.885229545558,552.0625668216306,734.1006581163749,0.2800234745829228,8.062436298098346,4.965817351057531,0,yes
223.0239309686364,322.4032720052302,369.94003504553393,242.96090220453607,4,61.589509570226966,752.8189278969893,17152.412976822052,975.9468488819606,574.5186720618472,406.39161590379194,716.2140952395262,10622.554974817984,305.94594045499485,747.6514231818297,0.3033539931535712,8.863517837904217,4.880926285378139,0,yes
223.81458912924836,111.41507266458792,356.8045814495056,254.41978107929836,1,47.18927500532722,700.8586057431846,15592.726249084966,929.0752091882592,349.1429944957265,562.4077801856758,842.804026641323,14491.716397249314,879.6295997590164,715.5525571137883,0.20491312823536365,8.065753089924243,6.694911344108667,0,yes
276.0349805517312,356.1713876121861,216.44625754815326,261.0128109500176,0,79.019951251212,997.7280489471366,18263.389757946108,925.7274720292353,884.7525022437188,63.40115809488793,762.376593236268,11525.115548339278,899.8950613797363,625.7572588174553,0.28266714230021295,9.46750702568287,5.477420894394765,0,yes
222.60489615770217,117.45426764934243,114.30235110220329,257.7570611568012,1,20.348313666257134,764.4662377509738,16314.620043270163,946.5445943281861,612.4895144010083,305.75543208199133,879.6454063047729,10247.83396431929,745.9890334380514,686.207421857495,0.15596971740148433,8.44315139452851,4.955681043102897,0,yes
233.18833495371388,254.32840384192724,297.1087167444116,273.59873145731103,1,22.092536844360644,864.2193447493395,19861.176238142736,974.2728238556325,646.3455363414394,281.5793724074467,901.687665598186,11483.221717135502,262.5280719348573,790.1425001822059,0.2520049704173158,10.242575268977816,5.280384083667338,0,yes
272.91888996088653,180.61131660350804,362.1610292144451,263.3552021110496,4,22.845509923262767,843.3729408463328,15230.791933580518,945.0448491916321,335.0386515328594,570.8152703762397,791.1985026213804,13830.961669998047,663.7122263366556,688.1980418104314,0.2505989612979217,7.918659111067742,6.319212543313966,0,yes
262.56228358188844,351.2492959764543,374.1360972655179,214.4556404901766,1,26.822651382945608,728.3784339719879,15944.632255710514,976.6103628534468,10.044072400162033,920.7167668799116,914.1978957978005,12631.726103649406,434.5929353662359,703.8626837386428,0.298658365037696,8.254312969396764,5.802541626885517,0,yes
201.52600481860094,238.20899697323753,238.39029883524395,253.63873675789463,0,47.97969398114439,664.5666691864985,16781.35605618664,977.1704071580939,645.0480645111454,293.80461827799286,854.9278768439357,11006.06389279815,644.1995200768329,608.1884553668303,0.22507756393377998,8.658726247699438,5.200971881041496,0,yes
249.54712112375594,391.3530736347018,205.01171905679797,298.90356725528704,4,27.142499831420757,720.4725477099917,16314.088631135724,902.4248326300085,195.74157237714707,710.2430861117919,721.220587550675,11653.090185784176,342.4491535744794,728.8472122864142,0.3081586169413319,8.427111758026266,5.296955285825483,0,yes
290.3462192424943,227.33213408160736,211.76023219035875,232.990013355164,4,73.94315747843788,660.0487550203792,18635.958036254968,999.2335913435498,283.94681317980877,684.3348700520182,808.3432102736415,13532.320657589105,774.8803073218027,799.0413144446856,0.2417640554353305,9.588096765367924,6.274367127384547,0,yes
212.73695939741515,221.4030321861868,292.81322054919553,239.1470985792488,4,24.38661918901922,951.9439588830078,18490.73144691228,915.1959591305957,172.3257580116503,825.8790797617751,886.2383365003316,11683.57679264924,334.51744721970715,677.8615728245411,0.24079103872978772,9.569189323244803,5.377945635613095,0,yes
257.0928474632813,106.9985160450513,388.40690815526824,298.1931213700432,0,99.72642803935729,717.9094051982395,16124.730789348227,918.558788709064,902.2291550289405,51.3257536355178,984.5887844661795,13159.105053806454,337.86992447669206,721.7432395436882,0.2250331825928734,8.33407047735482,6.008454622941046,0,yes
242.32468848192798,131.7121374320394,318.7863590679384,289.07399965061353,1,29.27793238773715,989.0917734705408,17672.890624997188,942.1760580350623,442.0717105375421,499.169434881529,750.3732312072901,12016.034777122954,788.8173243709501,654.7159666700893,0.21244658673702674,9.172516078292235,5.6273966259816905,0,yes
297.20852922604564,273.13794712532643,240.51607062190203,241.27056085805424,1,43.35595386484097,750.7374233326481,18703.94054627959,962.204792058652,586.5085026939794,316.94179966197794,718.7961135713782,12439.849443220543,143.0636841651201,672.7521735159405,0.25251835264084677,9.63692304704872,5.523186990181844,0,yes
216.86846252795655,267.558875578056,317.70829634894596,290.3492003779354,0,29.21908161332034,641.3532891332461,19979.200599408123,971.1726090048851,789.0782876418739,126.0818489817002,746.6714835666284,12473.044629657106,268.58137804013404,750.156531061233,0.2596016714561777,10.251747278054864,5.609650804034949,0,yes
254.22838866384228,141.78682951332826,214.21770282407078,291.7773077444193,1,69.63319526782007,814.2355082714753,18994.783999959713,992.7750240924263,665.8497131714296,289.4301081499732,705.048639251124,14460.579200255088,743.4545899543764,708.2260605843783,0.20268088054658512,9.800709457757893,6.577912275507281,0,yes
209.18171283036946,311.8539054600395,398.3135350156758,259.08100055979196,4,55.19824460338115,879.7195584859911,16856.64838900078,931.2206575234278,811.0735008998106,178.51705446042,751.8697820933768,13415.93449767343,890.3803235800597,688.2800882834863,0.30548203616311903,8.737888663156284,6.239662566418702,0,yes
292.9249484369822,244.25511013569843,231.61091272433177,297.05170286221403,1,82.47059328788255,988.1739074962281,16053.674683784433,922.9277250536287,689.7963946656231,251.73373338087026,925.3321256810841,13924.891143273178,376.37258793733855,777.3064440176088,0.2547147449804367,8.360057143146811,6.312198564034394,0,yes
212.8566395209716,351.2163986027647,217.34923863793827,288.6003092062583,1,97.40352783136478,859.9301824537293,18522.473829258237,986.9195449437973,518.7159731941209,472.7129476216197,726.6395575703092,14388.095502779419,704.4546000405248,725.5891367701566,0.2847086751577938,9.574006635098037,6.549247033087657,0,yes
221.85580238428062,232.22533764927846,281.1792790476361,264.44621303825903,1,67.20464052689991,601.3387480809765,17042.793428401084,922.004923736399,735.3863662624441,217.18098447286047,842.457393582232,10402.617987470743,470.06500934307826,777.1238022929388,0.24238612705550008,8.768076241877903,4.909109384266606,0,yes
226.86338512739778,267.86221328594877,394.1332891170826,298.91624266731003,0,67.90922408148643,963.7145066605162,16777.094285149255,905.5168337626989,748.5596341711172,187.89742255136105,844.8996720595468,14553.020128131513,512.7110536502455,792.1989692938558,0.2828466739217121,8.71375189205819,6.587106176215839,0,yes
285.87172447777925,112.16544842950918,156.00224536931432,217.7805609040361,0,67.314631945276,704.1831448700545,17634.062587134227,964.0366062008018,169.03182050332776,824.1516858418672,778.6159278407042,12377.058347810047,689.300202764955,772.2463569879327,0.16410360427190127,9.091958644214404,5.766004519731208,0,yes
228.24598539675662,143.41617492696702,188.27810928883372,285.7766613749109,1,39.97688279716412,635.9284213563215,16756.83326111724,971.2728874642401,39.32444623848159,951.4466299681995,802.1071954166882,11407.879480013968,576.0349235809458,704.0178460769988,0.18993282765871086,8.639394286026727,5.333036410624051,0,yes
259.1634890554304,206.5428254760395,174.1982189095706,256.81353369909345,4,65.68024217565032,739.5497284547993,16681.016407657982,978.5676424620644,31.16046513013304,889.5619560599321,925.3613035783355,14063.83741568198,560.6539184076404,627.9254417729732,0.2257138738830282,8.625244401265588,6.418928226886498,0,yes
230.40773836334256,150.39651772260197,197.24862372150585,208.39724547340472,0,76.69103622964153,902.847535754019,18521.17716220275,949.0605063912159,113.6552958544349,836.7015815486758,725.6597258953299,13780.296069922098,152.33615058876336,671.7152432558115,0.17993149093070634,9.577846891391863,6.072107874142491,0,yes
256.22186353604843,358.35773887642057,213.98660967127955,229.96006619488875,1,33.85430361468401,636.8095984671097,16242.72948680368,949.560903642096,238.99143497090884,702.567556670262,829.6612416530337,13584.767412152736,712.2671994669228,792.5138821893112,0.27265435842961233,8.379541828056269,6.2742746319720695,0,yes
272.9120320985808,301.65904519410986,291.6668345770787,238.09494951924125,0,47.125641516266526,705.4252985994711,19127.20592111523,934.2801196381859,706.934574415187,202.3793448897029,750.6473364645138,12056.847129733003,387.5394843033869,681.6047932762872,0.26691780987593344,9.83471107007783,5.482481208533463,0,yes
278.4572430885398,336.0342031315196,233.84620575407808,224.17514937764648,4,56.28033834642306,948.4821123744139,18909.072607441467,985.2669381992181,850.8819584587646,82.03431873031343,705.279836343799,10467.258330704006,354.645774742841,611.5432097806678,0.284172589955913,9.787205875920904,4.809391988896644,0,yes
261.45484698946655,328.4023529929975,215.57585536249104,299.4801509352451,0,95.63923223451718,722.3035952417866,19508.201989388697,933.1469718512351,778.0343637644418,155.8864627739723,999.4091771206937,14327.600223177407,715.101690548541,723.0598488410856,0.27932361448874504,10.028772640313981,6.630150269949155,0,yes
247.65578854126068,300.24273793016164,173.27062951735286,291.68024349542685,0,66.03831112782436,656.0444589215444,19375.119014906068,953.510533411299,413.42994389703887,497.4236424965522,793.9371165640806,12161.038629289302,335.87538108075074,743.7248745976938,0.2525713724564426,9.950479428197186,5.529229579979707,0,yes
253.11193794168776,217.2528020704333,266.5872673136531,276.188859428205,1,63.52261788125518,745.6532406948629,18633.603396401366,956.2256979686281,63.37550819153645,855.7463437823884,881.5931324346227,14002.054699647346,322.366519036207,741.7307469149131,0.23931408659208167,9.59980463542455,6.296159961012442,0,yes
291.6514444372518,312.6428343065015,377.16165673891084,226.2092915121202,0,67.96397312789004,956.0447707709682,16127.21060805838,965.3797166654091,416.55522008009655,518.6838629870568,800.1861167190646,10186.78098403944,892.4925909256056,674.1957888194654,0.2910261338427372,8.395260213521942,4.95882436574415,0,yes
201.0307702075816,246.6313219107266,316.5855539272073,212.08714917271868,4,26.232896142152875,793.3817400743492,18432.00554133739,934.9340553599158,632.2336933812259,302.2239922601325,765.5236289589942,11374.334768264534,881.8854304835556,735.2851090491113,0.24897957964511422,9.506683602098,5.423696787624837,0,yes
248.0581879840931,109.55683122021485,359.3568325235906,250.15980155942034,1,74.68319176491121,978.2550995964441,16413.004150513232,993.4144803578902,114.26412889808284,880.6429133085117,856.6824225025143,11538.767694591232,474.9806063415485,781.3825655144169,0.21034791621384613,8.547144797111462,5.377645456534641,0,yes
263.40655020384133,167.6614802374102,380.18498000514427,250.05468649396101,4,88.35774366456837,896.8238346031214,15075.37964795319,974.9950361478626,534.8949794653372,442.26345694381985,834.811239376373,13786.399220851841,260.447244936757,791.3377332524487,0.25339514632860904,7.857155944178519,6.181007959792298,0,yes
292.2362943317562,263.14509566191316,265.0066693768621,274.8573740130489,0,69.12491750643237,693.7074097969028,19287.49043889539,998.4231360761395,449.6556495515694,463.0641294761504,950.2876589422056,14432.432650798064,769.9169858596227,658.4422792552411,0.2587457297810439,9.921128558005952,6.662944028994255,0,yes
213.02237402249753,175.5126074974909,346.959654633526,200.16797273122077,4,46.287221897620356,691.5061853182071,17694.20010128677,949.760709545022,75.99007907438406,869.3466344548453,902.2634493277499,11503.993898821107,615.4760872750873,622.5597482226148,0.22825681862661543,9.117274143965506,5.4103544750622,0,yes
215.44545423313642,125.93220185712343,161.8523042062033,294.3306587058776,0,83.80493258906687,873.6843878938571,19030.325632855835,989.100549932781,461.77368863927745,520.1049041517465,885.6701791726426,10063.05515397287,440.4238864311689,722.1501196282122,0.1792582387261197,9.831340129543033,4.77545230659196,0,yes
275.47034481465926,276.3753145118461,359.1530968393014,254.93279199501754,1,38.91101379906778,905.4746589419301,15918.17609386908,994.4869796586463,406.4492975285334,521.6371291851051,912.3696959371433,13966.175940438005,368.3980202996682,752.3020697077138,0.27696055322495694,8.283219013919435,6.315163009343987,0,yes
282.3856503639906,222.84704793956885,206.1927004151563,244.1090152860617,1,98.44988593038644,985.4034031269556,17026.18265397694,953.9149932525021,628.2714956640115,360.9652741161059,952.6426386577448,12113.771839043915,770.4422887182385,709.8292750992006,0.2311537004582879,8.849924417450445,5.753925271847052,0,yes
265.8564849627471,318.5495162521894,338.380051163388,270.56340230323445,0,62.53957837572773,960.6432691930324,18368.98171951802,961.4471493465227,653.1141837336874,251.8443366909578,913.4272909911535,11465.577155543879,829.1668465030806,640.5150777984006,0.29055487610710734,9.516659370780802,5.4817490198320025,0,yes
291.79190649949095,181.97056734956473,252.75366432815474,260.9712606832724,4,36.48957901470504,765.4375220235422,17086.82836441392,951.9520806344599,51.39987361455394,896.3657475270447,933.6897700312068,13943.342908705752,608.1433512109851,656.0019867123809,0.2328895362545791,8.830214925117666,6.400442096148232,0,yes
268.73989527975635,161.27741366542966,326.5187530245812,265.17099706130534,1,92.54713734078985,729.1341851773229,16385.207999372928,940.0331745393838,388.81709400404236,557.7442902162844,781.9937238643209,11567.958645711018,183.45528777707037,615.1007737281191,0.23233332940284548,8.469728069579771,5.214218832269264,0,yes
278.14963357197456,154.20188178991012,238.93912058715182,275.297262885804,1,44.83357500577937,784.1405584848645,17763.24655476985,905.6952677087268,498.71393356591176,408.3239194120626,854.9181940021911,13364.784341696644,844.2424833393886,633.3406360465391,0.2092049075405302,9.166245356660646,6.223403522520492,0,yes
223.95173267429058,290.4986053825674,325.63629925178066,253.4618237613646,1,84.96884965235235,923.70803270601,15960.223898177193,929.915613451419,837.4242397982317,65.09625709681086,737.5659594636926,13074.856953417846,683.8383279738638,616.0287854288997,0.27488823665416473,8.299491443592931,5.993452426719949,0,yes
261.57598867178046,214.66596209566188,297.03102441996964,232.5011749497265,4,77.2851531239104,614.9821586369094,19894.66072897474,967.5012148849877,533.823423233533,454.7607873901676,764.8994558337754,14630.176522935933,204.61998793351066,735.4970768739404,0.2504314724784916,10.20322640283394,6.46236816545853,0,yes
204.31374058465116,222.77297949918858,131.08376262474894,214.10645346678092,0,87.64095756101852,640.9582892018717,19251.132453322938,928.3931909341894,486.9041862240003,452.19896865922857,718.5388403040148,10749.794134495394,644.6332682698506,754.6532031685954,0.19487344633998893,9.881742559088357,5.063395363744553,0,yes
254.3408510769831,105.95862046516761,158.7256018936858,254.99374342096579,0,64.8875765646659,948.0850553673448,18577.5857337818,974.7245644169523,17.52345958120256,962.056025112239,915.4267571062398,14747.321280100063,293.85845322182337,748.0754488775183,0.16531206840159016,9.619912687466513,6.605555062395147,0,yes
230.3714592747298,146.05868536739644,252.95729165173495,267.5254245689115,4,55.59295152049255,932.1552149324286,17364.930847326978,983.6958481073052,627.1118698348613,338.957396769511,936.1498321510355,13087.80962393007,629.5013537882783,787.6426375346589,0.2145067261514315,9.011181231265393,6.087703227191693,0,yes
296.46128049893133,235.4701850208144,246.45182834365374,218.46780317263122,1,98.86923083743622,942.7806748539988,15774.904596680428,968.3638407512801,560.5690125356573,400.9231641930055,769.9860393352795,12196.136165467618,787.3279881502798,712.0199332098674,0.2409627886348426,8.21647844252532,5.717016616173693,0,yes
283.8137767901431,355.08360666541313,209.6287598408819,254.84651896037275,1,99.8967664120701,987.2374331615869,15693.93133877779,999.1055887089649,274.7021448255276,651.1023050303043,814.0067041347229,14244.310245659657,719.214824964932,605.7243425990877,0.28724592429128376,8.190471077868093,6.507798071712763,0,yes
263.3007459025966,188.27369740772795,141.3438482122731,271.4005718661515,4,21.471510399416694,881.5272386534339,15506.801577823237,962.9077780114887,2.9184685433183084,933.3356761847573,741.5445024573769,10252.24185204865,426.8073827543116,786.7329285288445,0.2097196129871366,8.067730737311836,4.790332560162512,0,yes
295.3109372451367,240.32282009450074,183.04643365334368,252.89987468516034,4,98.47360142722913,956.6557705391087,17674.032115974213,920.3691397022228,551.7929268924761,403.5047262774932,865.8524279609401,13624.788591718763,562.5367950448825,702.9469265302358,0.24891360127008988,9.162628062758763,6.234855794357316,0,yes
209.89848527513257,151.80782361943525,333.03101763739335,287.67222204664574,1,91.06808477501308,663.3238065255075,19347.399501033946,920.4634408038352,932.152411253675,32.38055541886081,903.2088497644422,10863.877051787651,436.7893014513055,639.4739017878644,0.2267257730805622,9.933677090826182,5.088065564198257,0,yes
239.81147866679066,140.56212897325622,330.80083176916924,261.21057841281214,0,56.47096209102588,916.3610843846227,15011.787535105397,928.464529532759,811.7182639796168,90.92445588415342,738.2642064217248,13502.567697163837,104.3333575734656,779.012570633145,0.21191697373403834,7.823399640944679,5.954533090480534,0,yes
206.524189398003,303.8470659446076,354.1936007504825,287.69788498069386,1,81.33164564487201,941.2677708175844,15154.736214044478,978.8185480196277,401.1423140995775,554.8983008796465,989.8536006654823,10491.587253570213,353.3794168872854,614.3438035300225,0.2901288575072066,7.907492710657225,4.93598937865546,0,yes
220.58332928012186,386.7954887047507,327.9344667483193,218.97181495819808,0,47.793694914045105,757.6055143339076,18271.385913332226,949.9025048747516,768.8353619268848,178.2941645003832,773.8289553101839,14693.559548978323,501.3944681387633,754.9637971525643,0.29786961183948163,9.420473795941403,6.606865986077977,0,yes
209.90235135130382,288.29010508791225,383.37409808911184,255.76502046939885,0,48.47023790925271,832.448591740151,15383.494998891698,997.3903183160182,365.6654816869018,618.6707673801359,862.6264682530159,12754.818745747496,641.3840440690886,694.9820003825625,0.27565069348390264,7.999787116318238,5.9200756063514275,0,yes
240.3449797146775,249.91745059651626,138.28824382036333,228.62503649547656,4,60.539495057969155,839.6065733867363,19291.2625090723,941.5764681440444,6.912626698353503,949.4469880890426,776.4815183646017,13502.616511358705,218.2547543753997,745.0621107742706,0.22721834071110467,9.947571284262287,6.018247998081821,0,yes
297.61824672117245,180.2149214329604,161.38999351038083,283.8592677573042,4,40.10283956854452,851.1890001405834,16177.492566745213,993.7378105387933,104.13207599025547,864.2406943301859,728.7064602391504,10157.034285698144,839.1025437085116,703.277826850219,0.21968473835420224,8.40049175813926,4.905368384779328,0,yes
291.46703171848173,189.05554130332112,316.64897329381176,292.82044301079446,0,70.6853114406015,967.6914183649416,17074.7369879921,903.8982152991074,238.58864978820048,729.3446794261004,761.8591721122041,11532.051429027368,836.4667305292083,620.2515899193337,0.24312967648433315,8.863267031932619,5.456622980138017,0,yes
217.16183407522618,310.7831976808661,363.7049656167562,266.58234257293304,4,81.4182594923918,795.8808018047358,19065.790353075252,953.2877666872289,477.95119291949703,488.89391537122475,848.8175041430823,13401.662769325152,898.3718886208317,673.8386128293337,0.30393607151591157,9.826655258079336,6.27088294252827,0,yes
238.37768291011676,280.81076072685113,327.06015104614676,218.78745893537086,4,40.56943955536589,949.0719280312749,17917.99872653994,970.1795653700447,770.6690209965438,188.72170174142275,900.1348918857038,10103.811071316228,429.92129279932453,795.3287605783573,0.2726037571187086,9.28971742430284,4.799972982007751,0,yes
212.61305627442727,166.7700776476867,168.1112331751604,252.99054436539058,4,87.1106895458472,679.683662766138,19501.800241391924,994.2256398955428,917.4451624097554,3.6591342529883377,998.8674789837816,14266.760623239605,780.5341188294477,702.7107138169652,0.20463532153055666,10.024622553317458,6.627325435278639,0,yes
218.1791308317013,394.0790247088528,253.39321578820045,269.48516008279785,0,23.916093677538825,686.6862175563542,16929.169448282533,902.6207002343374,882.5253860980823,87.84480000454982,922.8322285626002,12408.046992616139,418.15525751941925,628.0289871605363,0.2926729422388297,8.72724529575794,5.7054381993172285,0,yes
252.79575135509566,389.9657664921262,329.7770747673543,239.01227540211482,1,97.39891915550375,903.1996947905313,19823.636729809583,981.8370087717828,567.7543192370579,350.33188687944846,735.8722909445119,13297.30628767539,246.03206255697404,702.6646361367368,0.31782171493061306,10.2336789847998,5.920125954060749,0,yes
253.27522148774895,226.7228414894496,258.66278430038733,285.7009166835584,4,21.9733679674276,744.0898021496067,17142.94372892462,956.3688895894601,422.8318130534012,543.4262681340258,791.6292130211633,12878.725581240093,420.58004484764933,762.3559370324037,0.25021801768225577,8.854148470538753,5.859345183124556,0,yes
265.68175285254006,159.6528664498271,273.10163195183924,253.84169449662284,0,81.07608129339471,840.9519409642924,17642.084641164336,917.1270536565997,939.5877356264746,15.155215816394048,976.1493669370096,14450.34322873224,222.42451071615008,795.2685938859547,0.2129046376113708,9.119934746230433,6.4853446588395425,0,yes
224.2333210823675,162.44134044869867,345.00963060177224,208.31249549526376,4,99.54413264341258,620.5934096308192,16390.3900947065,982.8695045622017,505.40964249355096,474.73717528662604,759.3674004384903,10578.686414381575,344.05372120991336,695.6609420557193,0.23237881943427982,8.454436189290552,4.888896487098665,0,yes
283.76497294573727,249.09289879972897,334.09193326697357,224.5494711780919,1,88.62503557826442,981.4345443145146,18100.641745480556,901.7571817031455,339.73946842311625,640.0103234046945,868.3275291714929,11979.373292842574,596.4216539350882,721.2544578944983,0.262258992591802,9.379093476482513,5.597028456069125,0,yes
240.22298252201145,196.7833156988486,233.40785636710703,284.19968395621316,0,20.05140991354093,844.9401461936217,19281.404016613327,999.6610638433145,260.3706983597348,670.4161909673018,906.1903464539637,10594.384230130816,229.99768361708323,739.4296182001438,0.21499935351893293,9.951863612346358,4.907274687076883,0,yes
216.47409146619455,392.34325045360606,132.7393587783153,231.95837558973525,1,45.357004116899226,873.2097240696867,15085.266363693434,901.4233475973004,429.19226382741357,491.52913011433515,990.4556163808145,13488.629754123824,132.83536956872118,704.0736438836594,0.26682191428232377,7.846652641106503,6.053756376677326,0,yes
241.38805150292967,258.32743165841373,114.31312510882394,230.1294867770142,0,69.84712883611799,957.1580246940373,18360.927078977984,902.9822452040626,587.7610153912533,397.6176954558583,778.2448312996605,10212.149605404882,560.954827226868,607.4241425769155,0.21139015249605894,9.503816428810579,4.825750663519928,0,yes
252.52915002272226,121.2181232040679,361.91536993118643,203.34728609950398,1,83.47865791448018,966.3551579522889,15115.993913473872,997.0043104139934,500.40286635659004,490.30248395218496,915.1156030010395,11430.972396436691,724.5158263265494,637.5087233753208,0.2078329174247767,7.896397792098389,5.438119639880821,0,yes
214.99362872491977,186.95573873210742,129.8272884675142,291.8098135628836,4,33.29754744183964,755.2235284614728,17684.73179232472,906.6851963549117,778.3436087316471,197.60185963340234,715.973245076142,12834.152679556712,236.3708672056462,743.1407961887019,0.2063522163183881,9.120698224068644,5.7363531519596185,0,yes
223.12582763687857,209.27438557370704,104.03501581344378,245.62595013098695,1,63.4971013834599,888.5758651002009,19040.13737054614,948.0324563251376,896.5262821364485,96.67973158242114,713.6039167687354,12839.076153001088,742.4143002958599,770.5155232616183,0.19370711976162266,9.833946797947991,5.945824805488451,0,yes
207.8944456034398,345.4192405586035,281.26940055320415,239.96180224869855,0,58.881525773755286,887.724362482797,16053.84164468372,917.3085461809665,15.639050363507621,886.4921677076774,800.8143869897918,13028.170986976402,545.5914182252675,777.8413358858992,0.27597604805506354,8.336393630265741,5.966071622811795,0,yes
255.4575163055875,117.2892726804722,266.9549506716985,292.52460486382734,4,28.389393761319663,969.648309770385,16353.441981282016,915.6376021910643,954.224247141213,27.337042615305904,799.151790574115,11039.116147533927,510.84941721259236,603.293242123848,0.2105500673577093,8.504672412455827,5.143790973747221,0,yes
248.10827972188162,307.2256402858791,152.47793002872072,215.55311945447062,0,76.01705130382697,627.6164001300156,19193.850283378615,998.4523647265651,817.9714290793806,162.2068543089564,951.1703580632,13498.90400404625,613.0638485907033,722.6707174470426,0.23729236772184956,9.859856037691419,6.244881491371682,0,yes
203.7945994892119,164.04547747401102,199.10965377374427,263.26749175783783,4,70.1445677078547,659.0040542536731,18424.527816512626,945.3981287313992,476.56436121653365,453.7305600018553,825.0454080781326,10669.068756789626,379.0416410935077,638.5599415362196,0.2085543074809363,9.47471510576755,4.9509508128112545,0,yes
235.94284663835265,243.25315575417935,279.36008384144327,261.2183456098572,1,25.40653271771327,935.8135590509839,19329.275150523346,938.1211176557424,11.936285216956515,928.4101345545511,735.1331711545182,12767.653436467239,729.7407305815411,786.8468644250962,0.24231356832748555,9.987906963095515,5.9156828869788685,0,yes
271.70473218134606,194.88537460223887,261.8316145251013,228.49299677593845,0,94.5817752826072,693.3957938225957,17082.59144959407,944.7944095641783,268.4437708735244,674.10764741578,852.0431744900679,14471.005737522886,289.82456194922906,797.213415496215,0.2221346576396889,8.811202122855814,6.469510960043959,0,yes
284.7904263815671,264.0422103290882,393.24169469187524,259.6784456673131,4,42.42296896891513,911.0751783808546,16591.372274589372,997.6669927139462,639.644940233174,298.208309369811,817.2235813490704,12631.364896940451,691.3178856452803,677.1215456767509,0.2934158740303207,8.621532459939237,5.863746441695273,0,yes
299.4956581906886,320.4718366357646,198.26712246979088,227.3065301716639,1,83.98560013284798,752.4433997886173,19911.070419846306,945.6500852515146,581.5582269619002,404.0525144857728,877.4096334039474,14887.216295673063,297.67181774400166,709.9262825847178,0.2656070463773976,10.238587014589438,6.643611998835433,0,yes
291.8096210284807,102.53072337883545,277.6775168608183,262.251518060305,0,53.372511990013614,749.9594439431667,15060.861513245507,913.146965080966,330.1455059729014,647.8743294270189,835.0825774448545,14729.19316497837,459.5257119029516,653.0911172250047,0.19247866521406107,7.808478727288237,6.619682734941631,0,yes
226.6816512122683,210.35634035959902,330.2011688937058,218.32698303073562,0,89.24728563846399,771.4855523511571,17083.254023503072,992.3712312667104,506.0165223043093,402.7481575853716,986.7997183142278,13693.739203050312,627.5122168269572,750.0857708592115,0.23360015980925675,8.83535543804009,6.336669427387018,0,yes
298.610540347137,237.37184471552797,373.48811638354783,276.0083832869749,4,58.72882967948779,939.0246259348694,16448.088254214552,908.7460623621006,271.92728192083774,714.9693296701487,943.500732021994,14539.743501963983,456.6551824582465,779.33261363874,0.2858639326455224,8.544027528195771,6.604048366787584,0,yes
201.0100978123287,247.9163443828527,370.4500526988037,201.5745486605695,0,20.33207749165367,765.2214493156631,15532.684493500828,967.5355222866564,287.26475828681123,648.9749709784854,917.2900185588519,14436.93473000529,597.4823399048718,665.1403702198328,0.2414198015015388,8.055242692738542,6.586670765620519,0,yes
262.91164057066464,208.0713223309557,260.55479969388585,240.89499290839348,0,52.53078410775893,925.873031923117,18927.63542124765,962.3553603435547,931.1006633755454,2.482669937070341,907.2062232165613,10091.503535862552,228.48145178093768,669.1708067372265,0.2232340873097345,9.788150210275845,4.697029461503742,0,yes
224.96475708400817,382.5246063288418,361.9190445311681,262.1598674248088,1,77.68156125125317,938.5068644648861,19499.623864707835,903.6275908909616,564.8429512302113,347.0569326771591,961.7391700537305,12690.052888060214,293.8381297512753,670.0930164669306,0.31990638423574197,10.068978598926453,5.781558940046376,0,yes
214.6294324910657,204.40438769479346,302.4264977512905,296.4186318444915,4,66.00754498890578,845.2307724545765,18360.877688512403,980.7566695159666,611.9852516165383,318.0286665102693,837.0135331594679,12742.136474082634,552.409270114133,675.0390880779335,0.2528388021613638,9.489044629763002,5.859058707407837,0,yes
283.4537429781529,184.96466933136804,113.5906814010381,242.97094827700707,4,42.180489380991794,741.4798712164284,18137.077776985105,979.1282311088632,612.8919611044022,352.0368814124348,886.343019689129,12904.69324606912,520.1147341711355,703.5031750530954,0.20231336121211682,9.353779577764868,5.939445938773165,0,yes
264.3278216020386,188.02857620074982,370.8659186535404,289.0758899945275,1,67.10906106416316,917.6415424168642,17270.616494942908,923.384566777565,741.479522138261,245.99163551942354,821.8983459986216,13846.809997237553,338.82429626333357,704.9114575569905,0.2529271915359273,8.952410265294278,6.221301358447281,0,yes
207.06662268241126,199.89413877039198,361.2781337858159,290.6104729327269,0,33.354584266121925,837.2084428718834,18583.787605444173,943.0086262623557,271.73073123300804,662.5439327043973,984.1969102829205,12369.41441909924,402.32471668162,747.2743752625446,0.24058451685036972,9.593491757830796,5.718939948187522,0,yes
272.4712243955033,131.13676040442041,188.01330908885703,213.39145218791992,4,83.0094911013649,847.6139149106227,16333.628203059048,969.1167931936772,388.7800153513693,566.691532615474,793.8794306173395,12316.86094424982,836.3312566697493,612.3554384905209,0.19349291946731856,8.474347045129987,5.780552179139054,0,yes
259.8193992359362,149.27762722850468,158.4358317788191,277.50462585290956,1,88.97961651561047,857.9933249068929,18238.467387365898,907.3680771095597,303.14339794513893,598.9362059145121,978.5860896896597,11814.106868911527,392.1451981573142,694.791828829202,0.19480613743686714,9.420629177029534,5.479153113093304,0,yes
259.6954212272211,300.2162101665417,358.78267289823145,206.18648230634506,0,93.40245126645029,962.8661187022481,17517.71334287887,970.2898705815581,801.7852479481037,179.84937217898312,726.9047823790033,13013.131774234967,629.7416264353183,743.1289711374653,0.2775278726808899,9.092756110590736,5.970451158203495,0,yes
236.03484689961607,251.6312834731634,186.46747728554556,295.44773732723456,4,57.717981068256,664.213396499297,16563.91776898288,995.7996640220574,647.9617424845695,314.74654560823456,761.335704406483,12847.895086037483,499.78662171760544,694.2856975492455,0.2500049048909476,8.552510894919056,5.857070239706739,0,yes
298.19590794735507,258.0364433242175,352.9236106559496,256.0642341776736,1,79.6700318318995,899.3739959245459,15693.040118805739,910.7740511472709,282.6220364943857,674.5082381863059,894.5919151654691,11166.320169763503,462.92784354305036,676.8614124367924,0.27660827894830414,8.15774284062734,5.219936067111493,0,yes
242.1190385255747,366.6285274627342,381.8375091810355,279.567391251691,0,75.37465603361792,832.9474841178011,17972.37234309024,993.1243196636651,302.88815736186814,621.0105941076251,807.0834555437128,14852.487899365227,176.4102713962659,695.8934588732722,0.3188904102752627,9.2937456613081,6.54273619004812,0,yes
235.48142626448762,319.35569242852716,223.99571287568838,205.0677516547089,4,20.904510432067323,874.5255966995054,16573.769644723005,938.642575028778,490.2452106856771,418.8328730278607,983.0032055568861,14883.021385645541,511.308349990195,718.3503100461313,0.2618275162551223,8.596292493440055,6.76021695061636,0,yes
295.27530442022424,246.41090300256232,344.42732766511836,242.512121379418,0,55.07116701311272,794.919552311897,18309.772351434724,948.2367120830374,349.74738426143205,616.3346675366572,756.3959463610126,10684.05833295494,624.0148566260583,620.316912672169,0.26008557663280607,9.44773691064759,5.030012727905082,0,yes
259.9410969127353,391.5633920474062,253.14346242399174,263.2903553857252,4,88.38256394504815,702.1613557765347,15941.85438818881,967.2537616566249,549.7325005725378,350.2950964986899,915.4457383085883,12032.558124387617,240.79756252500476,690.9690988169282,0.3197594246702156,8.245853640542148,5.479954860017501,0,yes
203.16020676003996,267.99653074530244,104.0426957224348,249.9833120821424,1,86.2858266493228,868.8328186501416,17755.068751143284,994.2618811472258,874.2918444920825,67.74259183422566,803.7191385431172,11838.772805260955,669.8786663185742,702.4644723397945,0.21841405442036796,9.193331336181789,5.536645252686251,0,yes
239.52627693213236,372.7497568181637,251.06303184135996,268.0322494045623,4,66.7676488859404,692.8928169689611,15885.829297804334,989.3855708163978,285.2223308974247,620.890214336056,939.9538751774196,10233.45909217361,496.8844905453474,666.9974258726074,0.30746716158746096,8.21886498592441,4.870229219136521,0,yes
267.6597290373559,372.6562275267293,154.82796918787906,291.7641108403109,4,43.69379761767745,995.4226740198367,17227.62941505508,935.7513599279098,88.35401596225095,869.2633116988873,745.2756200833721,12499.618025438216,285.48572092577876,655.3313808635239,0.29358659006450993,8.95046720235388,5.619791357938855,0,yes
296.2265837771653,392.72832778451925,249.93221960089153,202.76597089116547,1,64.74815545936035,900.3178122141139,19496.586442892025,952.2313025381668,192.91179898534176,774.6245459818086,772.3224939670553,14615.00938649983,269.60775312444935,671.4844531657103,0.2971013521111294,10.065413040411121,6.473903887945387,0,yes
251.86348525536715,174.21997399665068,210.40227864898736,299.90125217149546,4,66.81497832101678,806.3366584820549,17507.524717589535,912.0211869356758,864.6410918532832,76.28041750930049,741.462060475856,10069.823563587803,193.00375847213883,642.4135173764131,0.2278624634462001,9.044199310726622,4.605366379269186,0,yes
295.6795004562242,273.163590370478,328.8513736628844,238.6712417048225,1,74.46446404089495,801.1940934068639,18396.15546848057,995.2181011319226,9.883065419655974,977.849604786981,767.3984100111282,14375.46304735849,442.1285791363987,692.7257876524482,0.2733925681984904,9.498819095202183,6.4507130160323936,0,yes
277.93273442455427,135.751365332506,241.28244908417162,235.4810912673209,1,60.74588973444686,604.4927133245698,16412.267469479528,996.1063750386202,498.92442757723165,483.5768850374245,834.4532237637302,10936.674106887729,136.04095507922455,754.1336611609044,0.19630282164271043,8.463709808918328,4.986989470343731,0,yes
231.3956871632002,287.7906266789246,210.94851998138938,246.37935332797304,0,33.86501073368435,983.6678716871119,15913.459130568099,996.551621309091,846.4909235425397,76.50371589842041,794.0940720215148,10019.582630713723,577.8289157674615,698.4453708505253,0.239966958517868,8.299056204907407,4.76515861923547,0,yes
248.35487198206414,375.248692434079,123.14616591035178,229.3890112659669,0,70.31479164722711,639.5874812053619,15029.427117114623,921.6512579498029,698.4995576350219,249.260214060762,919.5424692138929,11578.28428634965,446.7949123576215,743.7122072951079,0.2607166450350448,7.769667858031333,5.395792851965149,0,yes
264.8828474521698,226.71767595162265,130.30380033915964,297.33249007381573,0,86.44484865302205,799.2218158196964,15342.786680551859,978.2388795917852,198.64727220824287,702.7389318879078,977.0114533785602,12301.822604212144,392.10404912499416,783.7768317203695,0.22044318698282045,7.969341782819402,5.685307213339468,0,yes
264.8749887790424,345.20601042102146,212.31590847516762,270.6117909501771,4,82.49988579989383,623.3898268920269,18527.836183153733,955.6684799648383,400.85835493964197,554.9201627564385,792.1382048995148,10814.222128163472,317.3112477488423,798.3874361092044,0.29439972014691734,9.520012029068742,4.9958065924231185,0,yes
266.33034949199146,150.41850556480185,198.79261617540368,209.80036476497511,0,41.9257519500343,867.7350600854968,19185.580294852596,907.8952504101997,78.7786171316749,887.1282628360458,784.6400501730762,11503.840866467306,672.267976850145,773.8118448540243,0.18070122645110007,9.896455465444301,5.408749122901108,0,yes
269.3830705774601,121.55406865192167,221.45040731699888,230.06118256438424,1,96.18109153614456,756.8836701201042,15929.24770628078,919.0901114207212,684.4329938330388,301.90175892463526,785.7627053678345,11514.947238334813,299.15331042650814,642.0225525273825,0.18894682116538958,8.24501869611511,5.249808384960698,0,yes
245.52237232702134,258.4267684945414,272.84530143479776,282.63069948696057,4,35.41993926920468,828.54295338345,19790.16911810131,940.8255738862742,13.142894728738403,905.7093343075936,921.7942401583584,10691.531109226926,319.0700814167682,699.6123437468485,0.2658316766936854,10.194437635900764,4.981101821352108,0,yes
234.5557515669106,230.9336943396528,216.04829494922728,254.05451273460957,0,65.52729868020592,740.4371599119672,15190.891051853478,906.999781981966,903.1303613607023,89.83753699553063,857.6002321052716,14474.282887451205,346.6053351037151,640.0861871273355,0.22415821608479122,7.870546494209371,6.481924603562578,0,yes
293.61258130605864,173.75834940477188,307.4314336499686,230.51432305236526,1,35.679529466934454,977.8264402137091,18138.374248896205,974.8021753472947,630.5117630486018,322.19973215324285,748.6923090249907,11027.992321298058,232.62586822128338,753.672891454268,0.22257774682466483,9.407153509301727,5.0236731407765,0,yes
242.15986511905575,216.67805950285657,195.5080919513781,291.0006736014662,1,51.356283598320644,865.5468587005464,16358.603845923983,997.8901109182378,574.041019176475,372.5606071182632,900.8910831774077,12585.59116131792,323.78485201907205,784.0972350041222,0.22491670790910065,8.494860624431308,5.747270703093784,0,yes
244.9852983759328,240.92935312306315,235.20588336005756,266.59695218642696,4,27.138611966551025,854.4706836066555,15363.186398988839,977.4816804271036,646.8520381206818,327.38692298138017,801.248237553291,12341.368345168847,455.71610276918693,644.9307155586466,0.24698942115195605,7.991825884906337,5.647903162276401,0,yes
265.01044269357544,209.91007087456916,232.2451090687737,231.4768294368953,1,77.11034840334212,632.9434288050633,19396.03647738709,944.9548875772266,410.9773897058604,493.0148424900712,836.3293313093515,13245.357477620344,403.1652083932457,788.8782653232167,0.22377963695403394,9.954719254701123,6.01190991143274,0,yes
234.64310347181242,138.97631717696123,114.35519374465474,297.7270019220045,0,60.268221613765604,668.6127858550698,18314.384881793878,951.1761039558138,127.22891897074969,840.6860025151184,946.8703912285064,14688.520164759968,346.99159999512403,611.3119065248806,0.17512104624872177,9.422540747637841,6.59625586046353,0,yes
216.85048018608282,178.38885785548717,360.8187777432341,227.17573035226079,1,57.8546272733152,977.2071433285963,17909.490469344815,925.3147549263534,414.9450546015861,532.5398911015736,803.7902554802984,12016.485701188483,200.40229807277427,766.293851555582,0.22751794273497591,9.285761284096026,5.4291812398888055,0,yes
243.08145694335286,241.76366370003683,344.36946295051354,280.6321435337892,4,44.9636222262627,969.9130609177957,18128.022282186375,929.1224329403485,286.4570637832896,638.5250145767602,768.1489743128868,14115.825445364742,470.094466518364,743.6020194154826,0.2739624941507319,9.393868704319605,6.356432045008399,0,yes
284.85813506096986,293.75181611274,341.8983248297982,227.82933311636913,1,90.35409561884376,678.8573863459653,18349.63715854702,951.1472483600986,634.0520609330839,313.4273801437704,832.5099918644497,10002.01576890773,565.1896563420034,676.8065861648616,0.282695734733668,9.442407611652625,4.768950920031187,0,yes
284.95045280607997,106.74852456991869,255.0595285833878,213.61650235611089,1,33.88190711543881,847.6674321963919,17074.827042492077,970.1883465449341,815.4740806936231,87.42772625298949,812.4852075882059,13025.708214164151,609.091606441146,644.593269484398,0.1805963929438194,8.845106474124082,5.977647987633325,0,yes
282.27480409494746,239.5274070650198,255.35884953208094,223.01082617723424,1,81.47299282171495,928.8527371091911,15147.140536398365,948.6751676288525,51.57225647036694,891.1016779914308,746.8974582240247,11543.255502721437,647.4638469372838,786.740080829259,0.24129030726500783,7.896699133133245,5.398024044660439,0,yes
299.99159034592054,232.72661242718462,249.84746989294152,236.06028622161142,0,75.35227288700511,872.9735870610791,19000.86879587878,900.8615581310441,333.8009328735932,661.8968708107902,996.5967474268537,14638.734502889934,417.232244762726,704.0279711097347,0.23755307750310906,9.804323913738557,6.640338036677598,0,yes
280.35510568389725,250.67747211859037,376.5433561461294,243.66874977414201,0,95.83844802570786,890.6242620312939,17128.914993786933,971.6749657997544,432.01584683731556,566.6075836080008,928.5023764612979,11078.435538460924,481.05114376363485,733.6584112271615,0.2716823093523576,8.882058401724594,5.218834533318087,0,yes
241.4340679790611,179.18600124464317,253.6290668382911,208.0417513127007,1,29.220917212596376,684.0676378095636,19003.982805953627,961.9023515898298,534.4239995082562,457.01205792687483,969.9320013824342,12530.754823311698,188.39012380833077,707.8253769324297,0.2020784913863693,9.772204565762868,5.694853564222934,0,yes
281.16044814798266,386.42301701124694,383.99988037809464,226.3689368527579,0,98.94337610195704,625.3725894627753,19401.00487979045,927.5112882603528,692.7261988046743,240.02596008918658,809.1815696512767,14803.019971243979,273.61836838041575,696.3417974746071,0.32450440560196925,9.95316105896856,6.563943443446675,0,yes
215.04798768575358,311.8719507154931,325.23196340165396,280.25783819870026,1,65.77651892948549,923.817517246131,19935.796890619087,996.366312111301,681.803861730438,274.12905060605624,747.9453734349967,11028.315477278242,650.7757893092728,774.6120602023555,0.28517855526262065,10.296467511885307,5.193996065609096,0,yes
266.38664729658296,238.57354123735104,145.43977606656856,289.6948238521018,4,76.82764725543947,826.0324093740425,18678.727482661696,924.729725513778,672.0241804440288,296.1621455801388,885.4355242829226,12790.996265051195,536.2296998015572,748.5266107625056,0.24166616087629483,9.635947018909393,5.906462451119123,0,yes
296.2486673559346,129.9530922904181,319.7936082637482,293.3625926182094,0,65.26048713100965,928.0380764798646,17502.605739547605,923.3365891508988,539.2357744591554,426.12707229128523,831.2925894938064,11776.631580943142,233.59319949305143,605.3379802679626,0.220150067625445,9.070769555831365,5.33877894329759,0,yes
294.45068794798664,272.69820346416145,326.6642130099152,286.7515100341799,0,90.10565228869521,611.6966009335039,19875.062896210922,906.7905103289726,878.6614303897867,116.14554248866602,858.1099454828186,12793.461862350738,380.11728346725045,633.6134383296576,0.2801961310274232,10.184382247255737,5.822613205910091,0,yes
255.75692635081333,203.67071079410078,223.31375884107914,214.21748937347843,1,91.22785029199106,914.6553814564388,18875.41318431158,990.0559248199003,512.9214581571227,463.8583728550442,748.637857596028,11999.7100342985,161.6844580794667,682.3385224816898,0.21665040840225216,9.763311878519234,5.377845561469094,0,yes
236.3482448498001,360.69760390892674,255.01232455161826,248.44160320190338,4,61.289649347674946,626.1330154874975,17745.490021942056,963.0537786051782,432.8910131792022,520.3954824452296,966.7186673206206,12534.11365268309,735.3787649338203,602.4371113859954,0.298427762078993,9.130453943187241,5.894614253829584,0,yes
288.93067985582013,264.3075645118511,126.30729099375614,219.96692435066504,1,84.75837161480473,871.9631368387275,19274.537565797225,950.3145777892049,369.3113408442528,544.5633145019774,944.8318922626363,10829.060212903205,528.7610293280669,775.2115076447684,0.22603958481396,9.94770112445876,5.138553847157042,0,yes
240.29620165671687,180.67326431066368,185.73723358445548,272.5381570712967,4,46.95382080461131,635.7160385222336,17370.891650014426,927.8081611400855,759.1160268856129,239.02092643632056,850.7587326611748,10961.131247691199,896.7034609301787,656.1488272479636,0.21607920796000213,8.940398717653293,5.2967886336626355,0,yes
210.51091342243447,202.3541803322009,251.5616483383619,235.05771916865382,0,76.02062301468669,772.1133669215417,19365.39898225036,958.3096096576097,505.25721030594684,483.4604204024257,844.1033890504727,14093.839104641938,636.9246484797858,644.2358430082726,0.21431261139035931,9.971858649629311,6.440429958431017,0,yes
299.5880022121906,182.97889221852486,316.9766323234144,250.4425230986119,4,66.57512449193877,889.013306176648,17671.194696731473,965.238054769649,18.874984087028796,963.4797366019515,962.2627158658498,10235.275020525782,705.8924708685493,638.4577105070044,0.24880158228804186,9.151944413610737,4.970217373683894,0,yes
279.88123346625105,148.3449129640506,160.5523950539481,267.56566219636454,1,35.85277849459431,693.0440377129577,19438.143585185535,933.2978234303179,848.819543412894,66.0751327344044,700.2158828194963,14447.273067934202,169.72404713915586,754.9974417719277,0.1887289923172866,9.98732279965747,6.341824372168623,0,yes
264.8300315957971,307.89409710152705,361.3450306523598,279.2281088874264,4,46.175267858214326,662.0958887062554,15345.958703950884,908.1200431183978,371.3595166213098,543.2025477928388,871.9935203750415,12539.523679065933,435.64145196568,624.1778591177748,0.3064317529867102,7.931001566154431,5.736518788780234,0,yes
226.66542594199933,228.6377136338708,398.59534872522664,227.61029904145835,4,91.1472052558789,904.9939031573872,19679.68549327044,928.9674479642238,717.1545070502002,271.248767661668,710.9165875816199,12728.992276453113,556.4743920398505,618.49206906307,0.27268510173954463,10.154830762300342,5.805627064384148,0,yes
235.2870463206471,242.292477965645,309.75496181896483,232.6734686184049,4,40.32973180931653,836.3195225314352,16186.19322018437,918.1509233798215,102.50611524122368,824.2405261097284,851.8037144834333,12906.317638249044,286.6373317129529,667.0076667132275,0.2560919418318687,8.391088212057042,5.822835412257406,0,yes
255.56949661016807,314.0067006832071,115.1761458480643,206.33607641525987,0,67.89095063750526,977.347114409711,19348.319710086507,909.7696071619592,570.7426656181215,408.4033651380229,975.1928687196585,13766.2177229414,537.9464306342162,667.9772879267242,0.23062284617557127,10.00308295259509,6.324014328963525,0,yes
213.37987312811018,193.05490286983854,265.4825867454741,274.14165453423016,0,79.4132233165273,816.301191686895,15067.497664975677,998.3895078876386,462.4164478776637,465.15915322986734,998.1934026237966,10617.948909052435,538.9005721166636,761.2028463071423,0.22198258342685434,7.838307916755455,5.079516914237322,0,yes
232.22472068052306,235.5592615758777,183.1699118730385,230.22776907544278,1,62.13958238825721,769.8586492599281,18453.82458606663,936.2321866707064,799.8708584583445,171.1032954167132,791.9485439276855,13235.87666226941,893.0216781903604,790.7525591190084,0.21794702691138626,9.51253508303608,6.195750650328131,0,yes
227.30662241095797,209.12542728892277,232.74618877043739,299.8315649768946,4,85.0724277135146,882.788511673768,19322.34802784508,922.1555253215082,706.846979697255,244.18471746849775,988.7491443846817,11356.945843192103,142.92190130677662,764.8045675751007,0.2454716301461296,9.970191702078237,5.2166460979632125,0,yes
278.7876165749006,263.6314962901662,146.2384293101731,275.52296056079604,0,70.83128725680915,667.0320436267434,19304.480249363216,999.4442622879176,286.43045264761764,640.8904939068527,857.6313415656375,14435.950317201536,369.4206655835443,738.4979460439656,0.23383060836769193,9.923915156867542,6.479648231452791,0,yes
215.87569519754973,357.33007118731035,174.0181170034414,288.05451609524584,1,72.08864542309827,995.2973306992403,16796.776015896776,995.3098976153651,705.9639211795572,226.90517049873358,700.7556832170902,14809.261037549291,202.4777626485827,755.1231675629833,0.2755764381535122,8.743229346543998,6.502413930850158,0,yes
203.49910129759144,261.14867815130907,161.2252327675115,249.08920993614976,4,64.17526798919978,698.5618415963163,17451.729912439067,932.6029014455263,433.0494012171974,531.9509411605263,721.2002977127235,12055.134717695768,318.95304952352336,776.3748529036843,0.23619530280748444,8.995233358023077,5.462781670038982,0,yes
235.65930729418537,214.27255055954686,150.85996571940615,228.70311221525603,4,68.84220040766702,676.7325884870615,18111.329731922928,919.2802097012986,836.8628402459415,97.30334417037625,970.1246474467131,13980.418579501678,897.8447384705178,759.9995373922297,0.2159419973412193,9.318416910259794,6.557598031113824,0,yes
281.09900861159656,133.3988943479072,373.67857259126043,225.39478395579746,4,41.082502238343956,779.517278310891,19104.569233492217,914.3485427216166,517.0985267190756,401.25263157763777,816.9045168203112,13968.216950828495,618.9274101991501,602.0610254653569,0.22975315191418647,9.837058908476973,6.35690777288548,0,yes
221.3657112736393,229.11214410763594,103.3883195865986,277.40467194993016,1,95.08990595833698,648.5624046052736,18358.045779376167,935.9991347262295,338.89957751012673,656.7326013470692,752.9176707881261,12926.505490023257,727.0451504493597,675.8502642191626,0.2116189299999097,9.437901690145818,5.97817820316835,0,yes
285.5194543194588,265.39383234373815,138.2134141963062,280.2919973098152,0,84.80083158433771,676.2638646367506,19146.68422898019,988.4860197592977,288.0498220572681,654.7500898732458,742.306929720488,10278.297084621405,445.91568939406716,637.0897745167581,0.23649349400766595,9.84551879662035,4.789819720311876,0,yes
266.6137367949347,308.1343950505501,174.310283631301,274.7098306799712,0,59.497375539257234,801.4261365839714,19864.234183310655,959.0991851462888,429.7385766113403,532.5363127026658,915.3305741865553,11428.310937907494,840.110630466316,798.3037844471191,0.2541175526589673,10.227915243353037,5.500722804287685,0,yes
215.56010698054658,348.75079396315743,356.0356877091498,251.90759710391913,1,25.36802856561552,693.1944745713386,15573.691830819436,920.4829413606344,905.2771536684323,52.54347788336736,826.9719732387973,14010.177824957202,649.8239659204223,700.434434021897,0.2954064494541508,8.053374950418362,6.408390085873642,0,yes
261.7714311869089,164.45799399166782,153.13863520226454,214.935658726239,0,62.03721499121096,812.7253018488395,19978.083414555662,991.2590612916631,745.153735870461,232.8054910819916,736.6521554189974,14741.253218167712,781.8528647196918,739.3638184976487,0.18016439682288243,10.291811004403002,6.725434877903985,0,yes
281.2663407485094,389.3860339462232,151.23286554033152,280.6554857879183,4,37.28047354934776,744.1410094381027,15365.638155851046,959.4147773959362,932.3746123660217,29.56392162659597,875.4444047758188,13871.6762446102,112.48826521529355,722.4456130307102,0.2982543497561116,7.965926642130712,6.16092061065797,0,yes
201.82134854115887,276.6890072423769,135.79874897782727,290.4006687103763,0,48.75361200150087,796.8651766729718,16969.638281782252,920.7382212091978,642.9001836110593,298.28131913518826,917.6479781384,11450.581211128956,581.6551135346735,688.0426468737238,0.22743818369430188,8.774332534948066,5.389632002115447,0,yes
284.2209388313578,207.70253768064902,394.4103983829711,251.48352965504552,4,87.02115799336272,661.3388864261927,18285.723684141216,944.0557052608845,507.93429326580514,463.63528770166494,721.2379465792991,12571.591912137146,868.1275633898541,702.1747977197006,0.27500940704466,9.405639226257916,5.88010990870316,0,yes
208.62842689755774,152.38692600558988,129.51919481799794,285.2994486487384,0,33.292218491393186,630.9586719949656,16051.396558149767,966.0373504214879,866.0867529773532,118.99147262030795,830.9003292511027,11314.176952529075,107.0607742777737,637.6598836554846,0.1743569024232118,8.284869926219544,5.109973249163895,0,yes
281.66478243920415,358.4861910656776,310.6859752842744,281.2973534296086,0,92.52229578051359,948.7021558762522,15626.897571359697,965.6676351564747,374.06493490723193,582.2610354826131,988.7114721445907,10269.076219508574,486.7688657017281,763.2798684901014,0.3089088246571709,8.143459267868707,4.919547671545122,0,yes
235.7995689964688,231.45145754315303,187.94558970928364,266.3230724690032,1,79.27160995195518,838.5879219006274,18259.83477998796,931.1189896545467,323.06850422085904,599.5536348319233,916.7381517812178,10007.658238090431,493.95470419231407,789.8870482889653,0.2270837089123131,9.430193796484593,4.787989374630831,0,yes
206.75316216573526,363.05934231913443,337.7515723171992,299.9397038631971,4,90.56783590551203,738.4996038009317,15331.220274811192,926.4388011122153,829.6217689964085,104.37530032709458,966.8076669391614,12614.688630733282,419.93851098748644,608.6457476065814,0.3261641226779816,7.9429397427726425,5.7988627194534414,0,yes
264.4802557882666,107.5280374583982,100.88511986675583,215.48841109989587,4,51.72314315154147,747.3974589379543,15865.757027455498,964.6133650206953,624.054374823088,357.9500840492635,839.8465929986328,12285.850726256818,188.13803188739664,665.4105696851402,0.16209847967198862,8.217423734219086,5.537864110399806,0,yes
272.86794723110563,219.56711060697208,169.63689140359492,286.8513615477458,4,28.711950708309153,655.9011420074447,17974.0895988464,936.6538250657757,636.6806979254626,305.48667236979634,725.5997434495889,11454.010523641982,832.6110570369011,625.5308344955066,0.23310648154171487,9.247616827003812,5.406502273843528,0,yes
211.79855887773178,106.69235515728522,301.6273835417495,238.66101505427235,1,85.5623300897784,948.5474096585244,17335.174651223027,983.5575270782421,208.76937113085043,691.2663542941656,980.5744177444367,14935.348797671677,224.69482991893122,704.2789642603933,0.1921440319295061,9.000035122813776,6.6624381690804455,0,yes
273.4567278390912,297.7993976154372,281.76438130371446,217.9137545648239,1,93.30530157696775,706.4648789756477,17816.664833063995,941.9414857206712,886.2682362285192,71.92024947331697,862.9630975365391,14247.503844705232,323.5042732954506,798.8090388410435,0.26923221021949,9.18072079646218,6.400314863501277,0,yes
218.4873338340734,125.11491971574578,357.3637857913449,230.64348102500873,4,69.44014370647119,905.7872642706852,19343.00929932922,969.9931498187906,275.425022009999,642.4724127220636,737.369705551008,13831.57311594225,145.97399179517475,638.1644725397963,0.2198740399732831,9.992315928477074,6.085906499159071,0,yes
256.52517742285676,230.54750434486368,203.24731539334047,291.13343644281565,0,45.42996997902335,781.4422193279183,15555.481921282737,978.7406879075072,843.4784282346329,67.13225692614014,856.6314948630685,12350.768042816137,615.0090106266802,737.9107125668045,0.22911031206799062,8.071795718475245,5.741047704476268,0,yes
283.47450875281356,271.6733097423346,259.07563367617195,275.5555153410959,1,72.87857636054974,826.7516716099849,16087.047819571439,967.2848584117352,266.7810006560526,663.7917366762169,963.027520803098,13611.245129969382,463.31753836266677,630.8073137093147,0.2644722772405396,8.34611781201763,6.215748631898049,0,yes
215.34324210330456,161.40543579324594,281.7769130359949,293.65780057258735,4,58.015032629549985,722.3759743110955,16890.28008165625,934.5469366930477,642.6670858911675,271.84985191650856,847.9753742318086,13378.574183166616,694.6090631321166,714.479020971128,0.23004249805874621,8.720019633529324,6.177978006253094,0,yes
239.31700365545726,307.38111172735546,199.24175468357862,270.49878474148153,0,44.73098963761984,662.8890823073323,19099.81695323622,938.9939924695445,705.150185956355,197.5867077739772,702.4760535934122,10215.071255680865,218.59061876860312,714.1241940757426,0.25265223882320426,9.812329857290969,4.662315000343595,0,yes
276.4857641766769,296.25334769611123,241.66691353075046,255.30345240205014,1,73.59998300392553,985.4880588299839,17351.846613043897,970.3460378674608,532.7245059713741,429.7512205907623,740.8270768700476,10755.77884474249,201.27791349225114,688.1051795134811,0.2659777767506622,9.015041492212065,4.891770268624057,0,yes
229.8383731089111,391.50622592212176,357.39185761231795,231.56492535908984,4,43.77153842332919,809.8907662070072,19296.888195819367,923.4118056709895,217.0050413830306,719.3433521193134,883.6234378459633,10714.95273834258,806.0016366274872,661.7009770717883,0.3248273286001001,9.941232824347559,5.167382424747807,0,yes
232.69625023616146,295.9307632076676,341.96139309409284,289.54676558283865,4,32.19259022861358,933.0671360989372,19629.540637603175,991.5586203932759,974.9993676935442,3.7118633639996688,774.604802127196,13531.049918204728,898.2606933262093,709.2904438648204,0.29401319021288996,10.14478414100285,6.299219956805845,0,yes
282.5465683471049,365.0531560120145,142.051179833072,294.8412486016049,0,38.34462868569561,697.857727800666,18850.299461197566,910.1379952148875,16.29262041818937,887.3350936191798,988.0690270809647,14175.591947617704,175.3294107651759,763.538107594308,0.27381790517773535,9.691289898643472,6.350134069738024,0,yes
263.05750238832303,330.0788207617213,261.2191585487698,243.0666129461724,4,74.59475977650854,759.913134330626,19538.985638802606,966.6918970046179,255.52771436417552,714.5884555021248,941.5328604957982,13524.395899294614,501.96996539003027,735.0500451775106,0.2913964956549727,10.057098728870912,6.207034879743366,0,yes
217.96851888392,180.91269639669298,247.9895408204773,291.47557563536304,1,54.294156536105916,863.3051530158623,15725.732735980464,928.9359082520822,618.635113204788,364.2328885724887,934.8470041344842,12063.595199592424,475.4624380790105,739.7659596260971,0.21851519330691163,8.168408755044876,5.61182608807102,0,yes
281.35975423768014,373.4837513061603,129.40835343616368,273.39894927784184,1,31.111612726411266,856.4650301620857,16495.261906345542,987.576315250544,490.97405563824054,499.4665383161939,900.2232269678213,12609.439413736913,356.8934371926872,749.877049878724,0.27331376619613446,8.559710523588704,5.771278671352379,0,yes
237.39739868140214,323.4752699038349,198.1530223846902,208.63069256840538,4,83.15162539523106,829.6042274685492,18025.49871336688,987.6172410198317,445.0868138178214,503.1387093038222,767.0522164425921,11850.116219700803,496.0628376033013,762.3217347578923,0.2670860417516491,9.318795017192521,5.465775203893283,0,yes
248.3819579118753,141.38933563443675,390.5114596330459,253.81681474526508,1,92.82060292228005,695.7269686711264,15982.02664206914,955.4490216002649,774.1262184557871,152.31075216578824,922.5628361096572,11349.570895147592,437.3726869717931,704.0311520177088,0.23236497968481393,8.262897614763618,5.2935673090283535,0,yes
212.36556916074767,119.0761076738151,322.52739865186896,297.78263394505893,0,76.05204015889018,749.9872863976548,18835.53835441079,918.7574113358879,188.67421811451203,806.6599301858021,779.0678489260358,11638.567569547058,846.8829452255104,711.6890953237945,0.20797755989404784,9.696590104053023,5.5260814577217205,0,yes
217.92087698765576,360.5052529205853,253.18636597307406,224.00604552769525,1,82.60896559211383,844.0773932711977,18810.278433619962,964.204755095005,933.4107457186582,55.86013406177415,837.5344644258361,10243.889891258761,408.5565788610443,751.488506923059,0.28145147324152775,9.711198722291874,4.82070063505615,0,yes
219.95021797578278,390.1415417469312,294.5205756416484,277.80170683656814,0,84.71881806996154,935.7734486338954,17851.302853993395,997.595666692463,11.769575900967235,969.9652888431993,809.3697843203554,12475.926144326284,443.7186635617598,657.7163776155579,0.30885350285628493,9.257121656822502,5.702888609653843,0,yes
231.72665970364864,217.76973292381848,118.54064083896561,211.06998180732685,1,36.26898672731153,749.1312812029234,16182.089154571744,923.660161774315,402.62551405067154,570.2774076197559,941.3079241813767,12440.342129469745,451.279613931075,664.1204892252085,0.19075909221872744,8.37034662617143,5.74407369525256,0,yes
267.98293311579755,218.64001295734937,143.13860804410317,203.5277381907198,0,87.29687094740997,803.8603213931179,19718.88886410104,943.7636212259026,605.8078694005152,354.66211019322657,732.6787372591104,10423.834049182587,434.7533244555022,634.2592852250388,0.20151759144769116,10.15367613832787,4.841779437638305,0,yes
255.51527239864947,239.81163043324725,194.69711218471485,201.1188642525866,1,38.92281798775187,714.5874691313289,16625.704280321766,963.7276957760079,401.99802008591473,510.40547992824827,825.1422054307518,14714.148741937388,740.5161989314728,674.1661441762542,0.21615741776952355,8.590027876233133,6.715833866688225,0,yes
205.3999050787907,173.3652713486689,318.95076909832596,228.49427591968117,4,80.04232902763061,625.6937235432946,16885.1010918768,999.9081893545559,287.5850144868839,626.2381873728483,799.0392131862072,11113.785009015632,446.4463754311497,617.337893200157,0.2307428521706577,8.70526496253937,5.140369546386293,0,yes
214.10925034693682,303.0596587125542,380.1290024934259,214.346511719191,4,70.64198744068008,867.6543699637479,18479.20873211337,971.0909064515791,882.6319935879684,47.82621947934467,779.868324291504,12686.855240493727,746.2058685604353,661.3444277982983,0.2919439718265589,9.55192728810497,5.8898686116487715,0,yes
208.79038177934655,264.21068996301597,397.8925719745218,214.16823167592622,0,22.939680729058427,945.5418609554974,17730.88594039246,935.9114545704055,582.8173469592672,355.0833082483722,746.2207729635116,11247.26039962722,575.4113770356364,682.8592282611164,0.2572542387262472,9.190635491845981,5.2361023722847,0,yes
212.6452503664202,281.55740798671627,321.0087632844783,227.39232380589416,4,93.4036407929007,666.8754016672823,19307.088299616025,916.9176834482242,774.8456268324971,189.75435200562993,860.1133511896667,13263.654998919528,541.5429549909728,778.7402950861305,0.2768056112967772,9.913813927617314,6.091051452036917,0,yes
257.4216056160106,240.6299204722471,107.09052700217855,269.4994517083476,0,28.038674010915692,675.3575537864497,18055.179541562648,994.7248978381633,604.0651830384558,296.8421312896023,739.5007393108642,12251.617180667592,342.943097286195,637.1270107608441,0.20751275853014012,9.30043310798613,5.531109177008493,0,yes
232.08368951194035,284.2474609841335,226.5205244546346,200.09684033457916,0,41.10310972630525,746.6865047246541,18981.58807648939,995.8072835394855,334.34874999028284,575.5580753551529,978.5619107349313,14303.703152485594,609.0523335121331,615.7800219532527,0.2334042002143927,9.779498382953815,6.552450113743934,0,yes
271.531921292587,208.42639565897792,357.4947490768111,280.7793784996769,1,90.41953485179194,714.9680176732729,18211.38696282741,999.9817192128297,30.172764057419627,935.5915093045631,823.4229723251381,14030.677500535186,430.0224223754184,759.6530635414788,0.26059560978463864,9.387971489515138,6.336192435146272,0,yes
241.0116005935812,203.6554139171539,248.22442133609363,251.70079831161192,1,70.62593071624966,978.799274116422,15238.86672413372,990.3092074816645,168.6059335597745,810.0923804812426,733.0479134165835,14745.210208557895,812.2208856109226,747.8044379759765,0.2246682028624349,7.95977083930441,6.738946154386689,0,yes
229.49996592646792,123.33512468961354,363.9584639868582,208.5805928082538,1,49.88387336506975,750.99237282251,16131.37275675692,999.3035275989185,323.90945854612914,606.8045826429117,973.1189970753342,14350.548748325424,615.8104784338341,739.478433772226,0.20300086036937076,8.355829846730856,6.590833566266629,0,yes
217.4346544804677,188.65770788898408,382.2690312510826,267.8514043740501,4,98.96937073923547,957.8133049656556,17961.906571686104,992.5549727170511,136.24901557275817,817.3558205834815,878.1952061499009,10738.931243631749,622.8439335157492,725.5846475828743,0.26129426001161066,9.316773700319054,5.112332705222039,0,yes
287.6002589622908,267.75433757737585,309.0405885311693,210.09991980845493,0,39.18245199079113,968.160813798715,18956.950450449032,996.8534840056948,66.53389652683185,885.3270358361842,761.2164093065214,12439.47701907975,237.5363775106395,660.5661762153711,0.2520934800539501,9.817270483139666,5.582825724302026,0,yes
233.569896430187,274.41439499857916,388.0813511866033,295.9048677974772,0,92.89273058483225,884.9279906207719,15456.893012444672,911.0302228298547,819.2229627721729,88.62547464567854,912.9357093321794,14293.728781438249,803.904706711631,631.8172177732989,0.28764361328833715,8.036427995352362,6.601964600811712,0,yes
262.3890412981417,129.9461183632732,355.2688496990586,214.87217344019186,0,58.583129543077206,939.9820769082769,16774.04134768072,969.1223130713646,659.1445518018598,304.9360226264017,772.3689966129722,11126.925985773436,630.1845198585872,686.0851502991463,0.20641692302683753,8.715510986104293,5.224363815385335,0,yes
253.21160293239205,238.14224037594082,389.2515570096841,257.5141172799852,1,34.2732019190251,789.9500311823117,16783.813719908267,982.8416486291551,700.5447852189967,207.38358038824492,845.7124854144919,12952.035892186148,103.63335935429552,726.3478740172368,0.2648038918412006,8.688424162875988,5.770738142181777,0,yes
267.6558406706847,232.71559380281184,359.99843181866675,291.9059982824102,4,97.73177923007795,798.3595303254775,17100.733631868246,988.0276248481725,893.3955682603274,89.6075896793883,761.3043391487398,14130.71023827645,132.61319937533366,646.6093605644999,0.2854664432860371,8.849478116396845,6.219853441306054,0,yes
200.5383612492107,257.64284982470053,333.65877612319946,233.57497692380787,1,40.33028772320484,662.8078304944164,19483.74489696901,930.1072784451645,624.2775185654592,312.63883918590693,912.1972607471679,12047.231441180838,808.6452925411929,657.718545835096,0.25080600305764467,10.003057236484443,5.712336250318057,0,yes
233.0537154509621,163.50539783539526,215.11852426123988,266.00645136553555,0,48.3624402908699,761.43199215607,16880.839235657466,967.2862420303331,928.8173950059759,21.819807425817203,879.7574452725196,11072.772537694635,632.7774509117146,645.8043461488903,0.1970438621848629,8.728444545033302,5.239553013025921,0,yes
200.61768218962285,152.6803681219999,149.53454509369467,207.170711645867,0,33.332956759630896,600.6363782161211,16343.448484253238,959.9377160550625,927.8443265265096,7.29520618276797,949.5937777598531,10526.398520207076,649.7925409254531,675.4458215708601,0.16184588992650212,8.423460235616776,5.05750513048007,0,yes
250.12457394833797,166.10830949675568,168.0169486012878,270.11020359243685,0,43.56863401851896,859.2327149933565,17750.112275582338,942.7570549678105,268.2872753695707,687.8383945937074,815.2957570858749,11544.932382752399,338.8204295518225,671.0383455538106,0.19104052635944316,9.181576015853128,5.2891155979388,0,yes
257.54064699295895,398.3662173261184,377.15613278296684,267.84189578345797,0,23.737968622689706,800.9292594225469,18895.045210772943,915.1372290402036,474.3503539114267,466.33140684049266,792.9839974325866,11801.876136673849,469.6718033174016,665.0448365946856,0.32376346632266256,9.737177351108,5.432397839611526,0,yes
238.51032067274195,278.15583019131566,381.6900638653653,215.31190232653674,0,99.99477914453139,938.5663361008612,18185.264830864922,978.471401800638,431.9370741411064,545.9869150123659,927.1811784624615,14755.511827251721,784.0409512103263,649.4957452020813,0.2732608852803756,9.422090861743362,6.796371215498391,0,yes
252.02142784517255,170.09270249057602,338.1948895112396,235.7286393569022,0,91.24419655128779,803.1289924400915,16316.883123366992,944.2087421846715,849.1127411006238,104.50924574312467,842.9510663887058,14345.296448793222,776.050075620342,744.8734415426633,0.22602730128767187,8.45257106753463,6.6046239203928625,0,yes
225.95804401719934,393.1713598241132,374.44481757837815,269.7377411866411,4,55.81235452417317,762.546528697616,18571.455160766993,963.6828752349742,691.5721854792804,232.87670399554702,956.3006661618547,13514.902789310707,259.67055761839674,757.8025246770883,0.3375618783001312,9.573502673986406,6.108968650370264,0,yes
204.91786070031503,298.56676466891963,363.88541978421296,281.1958977677409,0,81.81712321420788,986.7584160803217,19609.362622800083,947.2481618638603,0.5190303400806824,966.9778449271446,995.3398070509095,10828.288389486552,780.0263469616777,630.1859301289393,0.28451304763784463,10.140910100513109,5.247171436147741,0,yes
244.20258846455812,204.23710998134004,230.23339088644065,205.89792073354002,0,90.99372168243177,812.8597395978865,17282.00863037704,958.8609735017085,102.30113441109471,884.2633781090028,793.156667577832,13570.536006080843,362.95233261014744,707.2844025608109,0.21110658069309685,8.939325114690197,6.109134037181355,0,yes
239.044469214123,206.49917391172363,391.1413124126101,248.5607574272917,4,50.1056725285064,757.7490578176353,19622.655530286658,997.5311191266261,866.3776322618883,94.24370601773342,820.1476030641876,13597.798522183384,555.0206905482,640.0775666078071,0.26293288063239795,10.10272274336536,6.195241826826841,0,yes
266.7053673966702,350.7140770245603,310.48962276883043,299.8568356331331,4,75.80266415854254,929.4364670132597,19538.28470910489,920.747845692582,30.691680980945733,932.832560357367,955.0682440975665,12422.508450990219,280.73440470572916,650.0385189896377,0.3214762033568138,10.088574128179678,5.671084371417158,0,yes
263.16851601405824,365.7056246749915,194.36255623874843,284.35599469500005,1,92.41544037364422,836.3113558267802,19189.674916567255,974.8452651856279,598.4510808403809,386.30713621181485,731.6848213074746,11435.258702133102,803.2699077762733,706.3823461069449,0.29078877979040413,9.900620917258887,5.406192051426256,0,yes
222.43786019948283,353.9909626950522,274.46461178684285,202.240596002313,0,78.75717221062426,833.5155141393185,19553.643643583586,967.5075396754418,556.9115824108964,415.9473186128712,932.2636655591068,12081.059934788056,819.003612987618,790.7108917759734,0.2748343201207876,10.080963968478121,5.760597582977208,0,yes
265.7068695761285,241.2498450594178,368.51344473395903,279.421603955613,1,57.776917149179425,781.091416267999,19651.68467983981,900.2729137133626,742.8108747801092,247.09742645781625,961.9319803842773,11984.553219543368,674.2460096426902,698.0302214748024,0.27081568616409984,10.109046283200605,5.666010488725197,0,yes
207.61730889538853,194.3383174068315,193.79099586247608,246.32105815305044,1,77.07763731347268,762.8607071935834,19970.40544436965,940.4946602875794,685.5632350308186,305.38427532052106,917.1912052599876,10474.439977658223,341.8003949042979,684.7285961558355,0.20557251450596167,10.269856539402536,4.909481792411678,0,yes
248.9919231233091,336.19481411300455,304.6793054497003,216.1130696270036,1,97.36650109292405,830.0951292402276,19417.34707374743,952.0420110575755,383.7148197611795,535.5876435025252,832.267689376606,14705.941878670068,819.0354385573281,739.9863130109477,0.28622887613073333,10.009916644570978,6.756445393163412,0,yes
254.93639181486142,104.79043648563182,215.74239086895744,227.25497689591188,4,53.17381720444089,940.2146095531156,19026.60219168005,960.8907967785046,295.68024286738796,658.2591362951135,844.6604935731309,12327.29484637013,559.713662712903,755.142526911842,0.18530321569458824,9.840708998480558,5.712981009748378,0,yes
247.19125752806747,130.60167981694764,246.00656498789868,222.22984528278607,1,80.54190975450197,848.0191163147778,15876.42122351362,954.2048171017175,559.5404533664126,389.6650127494481,792.2892686084854,10873.9459887328,857.0098216784129,751.6247289896576,0.1911368735252693,8.243778829735147,5.228492281761773,0,yes
200.30156788685656,377.7947759535485,222.1518468777959,213.74636018651177,1,28.518061310431307,675.3542684099214,19417.707411439973,983.5794006977491,108.34527898750451,822.0649501375638,848.805847474639,11347.485269834426,888.4936746267366,798.4278912670134,0.27108524622740576,9.980151278335228,5.456772326345958,0,yes
250.72196473123537,230.2358751391709,202.2621333388003,220.79822080756728,4,78.47459712231327,928.9088772267096,17990.362886713556,909.4334591150907,552.9524127635649,409.4792930982702,745.8514456023681,13898.931510613538,473.892443235826,673.032531462855,0.23414179906223165,9.312946631834636,6.258097441387704,0,yes
284.08789264353845,174.32185276567424,185.61251230356243,283.62387069882743,0,59.94624885925458,831.7179112384526,17677.775006655003,966.3120255028789,169.37878784401312,788.4719271958112,963.155026538621,13386.954072471102,803.4923124915628,629.7596027190491,0.20690460316682277,9.142461184241203,6.2657642807428555,0,yes
265.44680537392674,115.04962089100155,178.15382524202562,269.08742347948214,0,68.83747189868254,799.4621078097815,15147.568275664222,900.1377676746523,274.70164965614777,725.2644321431428,835.4812127430811,13386.071524701722,274.3604598206904,791.6316113907582,0.17755438894961403,7.861064483962122,6.029910814442549,0,yes
270.894416230787,300.93289204866244,348.02649791101044,253.62108724600228,4,33.73887963209786,857.2026653705001,19788.952649221297,904.5956648619555,226.49056514752982,747.702919639713,930.3852228417722,10280.303126789535,772.382383091118,735.8622997863979,0.29506660463375867,10.195315373622941,5.01377470216775,0,yes
217.78059449584208,230.28945511700744,172.49435349840962,212.97367342054474,0,73.50471280542205,616.4600108713497,17490.771428108103,936.5175316088217,432.599724009903,562.6369364697359,928.4591055953467,10242.927971472196,337.6283032528551,792.726920825879,0.20585780277108218,8.99733943140579,4.834641478879457,0,yes
241.28874464363312,398.3043367252387,210.33699534837245,221.0296007680157,0,98.36456188459175,787.170434966721,19988.623872418502,911.1077248051439,293.0992005973513,611.4213837863967,770.6197280647025,14094.967575203711,662.0886516446096,735.2986668803896,0.2883392935307323,10.28034757200587,6.421977149872346,0,yes
266.9885120502006,343.90811999798234,275.19516210391726,255.4222549604848,0,48.793482175919436,973.0625019547076,19430.41493520458,928.9120774454645,138.62034719216481,766.5157944160568,964.9630217137878,13504.416876679215,375.3613516874373,753.3842623263681,0.2834484498046407,10.045761297506585,6.151288885698096,0,yes
268.80514724316043,355.1464732138578,292.17481275620537,212.34099929021926,1,80.71331175205083,936.5319352538132,15816.921808872989,949.7681059350094,713.8972996204252,191.58555756045575,708.5712593656192,12644.907917831773,282.62902012292795,608.3555282906765,0.2909662380429545,8.233494809231287,5.64879437156501,0,yes
280.72610873279194,234.02870950592416,179.45960113689617,258.8760502973062,0,30.044363171797073,826.2829164135482,16198.174949015027,942.90162708235,310.1130395208148,662.6638130235762,788.6666140558305,13004.465360513947,708.8368087528365,662.729310860945,0.2204230420962879,8.398218858048166,6.011489281979251,0,yes
209.56285293188128,324.2316736677065,369.6231151247999,248.94894506705697,0,69.75090003624345,704.9649008385563,19666.62864901411,905.8654528359613,784.4535862624318,170.33503812551646,790.4259076606837,13454.2207348408,315.1662489474951,711.8249597786148,0.2885462001173991,10.100434622498959,6.038612348251931,0,yes
291.78715761469726,170.465242019031,143.4207841898911,256.8913663339609,4,49.0057647824376,743.4212465548954,18394.002834757524,917.2709734738426,51.928411175363046,920.205499624817,703.9689412801822,14855.562493591307,471.68286402516657,795.8151297653015,0.20717736543744694,9.474165382047206,6.640735212673282,0,yes
243.7556450216693,229.38332593449275,116.56780435227188,277.84230541437853,0,59.267312407102615,972.7031400791623,19919.403436054276,977.8500580537232,204.5051871737193,765.0484959632013,838.0157741537408,13208.397834390147,630.4395603457535,653.1983839917996,0.2087752177202922,10.29690912363416,6.079747467645666,0,yes
268.52392671515554,346.1441861663999,132.1802484461257,252.23053065608363,4,51.60861021709457,614.0564156992581,18187.506303868347,966.9069435498378,45.09011455650179,933.3604493044731,765.0533630699131,10520.193299826073,504.15226377031684,671.6648454287573,0.27164971375448527,9.34936587234061,4.928419414808186,0,yes
228.11284088884736,197.57137123639586,165.73352042562064,261.21097288663157,1,53.3154571968642,772.5962708275299,19996.04577392899,986.2181060404199,803.5620601490717,115.01825239344805,952.0829925114202,14325.876331642203,435.66772872913543,659.350567057014,0.20383257016424686,10.291145180947423,6.48826002820594,0,yes
280.8620852436932,320.8932608108066,361.08840161026,242.85297239097818,4,82.83405866640305,745.8304956511944,17666.069149420804,966.3247781735273,142.98019005195238,824.4652827354751,926.113802548894,13027.751847046711,215.28302064431077,681.012337623265,0.3109432151166723,9.117468999849809,5.8800279791708325,0,yes
200.54916477415526,196.07898700425093,129.54123813149448,202.1304397809254,4,58.09186407395839,911.9028431569288,19265.895944877906,952.4317201184444,668.3335200576827,264.30983096547095,760.8340165146789,11586.081760171366,803.7011637108276,626.4894203250378,0.19330193078805624,9.952729485741443,5.460678829748754,0,yes
274.6656286423348,235.58930817022645,152.70232486640975,227.96907023253112,4,25.687669191921294,604.8970522097015,16405.03633688995,902.1545968626294,305.1444138132591,668.4420620757263,970.9420081900848,12702.829491482466,815.6971982704474,604.9429319041968,0.22419950141125036,8.447259316423875,5.999043523030428,0,yes
250.91562303583135,123.93481232784032,334.70197942002216,283.5297753385388,1,57.02965398906074,604.4767384369785,18482.272189624346,961.1280022322361,192.74022510968794,781.7217263373549,824.4214886226271,14297.99296717273,641.6626761056443,787.5823711842329,0.21598405909527513,9.493870004144531,6.533100754160142,0,yes
228.21558277243088,297.08924714722673,246.04230060035778,234.73764941288997,4,39.97824837462381,891.886140147005,16410.47115579401,957.6370042932446,698.3155450821979,235.7676931068147,836.9806610530673,13321.13521947774,436.6704886070206,709.2072818989932,0.2647434238320977,8.52118607771422,6.049410714146216,0,yes
234.46084976365367,147.40876699644832,372.984342680625,252.41442904483023,0,74.62425180312485,611.395163431371,17781.82283935181,994.1303004859262,802.5855937729228,188.15994186924513,804.0116395796285,11388.89386767168,510.3118432696328,744.556851233535,0.22293915912235146,9.149712919419121,5.305278671232029,0,yes
284.09184827776573,264.19794501512513,335.6456106678637,271.10926650001824,1,77.15507223452107,903.7367120520132,17393.679148071333,943.9202275201278,585.5547657883932,318.4820106570455,978.2794253556366,13649.304214328768,417.77884047183323,709.9584472183166,0.2765227730319346,9.013593351311401,6.225631489343581,0,yes
215.89589033757517,274.06915986226954,325.47936407411635,211.5272976141805,1,99.8922628020507,806.0957345439522,17407.242041084086,911.3840317535978,899.0485260990876,8.35295271103746,761.029815469006,12547.528599907131,629.765272683302,737.4377336871884,0.2607579078025352,8.993917120465658,5.786912970679142,0,yes
224.4933845356352,158.54235181000905,293.634752540889,299.14724352754206,0,90.89573335442113,881.5019283486452,15174.212231853619,951.736943414643,38.90882471296966,869.2229508551712,830.3269634512312,13259.762965805854,720.0510482662824,728.3182165274977,0.22165627773091795,7.899891523067831,6.134530589849444,0,yes
256.05582680728463,350.93400389643864,228.34442522294447,236.43247090801327,4,42.044058996635556,726.9509009263916,19059.772720069213,931.8660056275863,236.83210813918882,675.7319584712252,864.5439811043511,12020.242120304272,670.2113188693726,773.9628819361972,0.28685920988738217,9.805407955576907,5.6391459542331095,0,yes
206.62892791573896,350.0350810326065,268.6727821082901,232.54592339446066,0,22.50727395369718,631.1447889832992,15077.124201709268,975.8775176555314,884.7887330488323,17.401693833658896,766.4810465361371,12381.117275175036,226.79577391450493,628.8725762115541,0.2690884587502888,7.799133444025284,5.546337897641296,0,yes
280.08902448639,105.91823511618729,324.17687539996183,217.62262373272677,1,68.0546740648478,627.7433266562541,19847.731961790392,969.5302577611466,371.8087229353765,534.4622899843613,743.4575751624811,11417.69750357828,174.38500031654715,645.7548550204796,0.19856864671366592,10.182819325135343,5.133561650881429,0,yes
215.15431970781853,377.95007648813714,347.25169417574705,259.08106617338166,0,82.92095894509448,858.0396032144388,19648.616787206778,959.6425825420791,175.0884567731309,797.8540530609991,823.4439740534082,13646.454926232042,817.2119733530404,751.9375268423956,0.3099474355062401,10.132882550162973,6.33735243599286,0,yes
223.34454476035876,158.94475301631877,221.0916922485395,221.80229086192048,0,51.91239448194031,903.645554448545,16681.629743008725,928.0472554539457,795.4709221604998,146.49013156926083,885.5642307814688,11596.35228274529,201.97585048444785,745.2429837703874,0.1867932332553886,8.655370351209738,5.2909075482988115,0,yes
225.5791739384924,376.44852276281404,200.061378918165,264.80422596318783,0,41.81555230873796,699.7852989285093,15949.693735388502,914.0319284053093,730.0870754769139,233.20320116470975,990.0691114126745,12268.183862900842,446.6871137007318,645.5577406302489,0.2772021955772833,8.24194265453312,5.689116647688258,0,yes
289.0005306807571,375.13963846555214,136.8645480117436,222.29822502132888,4,86.71810938855386,825.8472921575794,17586.384388730952,930.8842373075609,289.66274015152635,687.2459482690524,735.2160255963289,11607.356017985432,352.8548872612015,690.0487335381981,0.2852054230632368,9.090576985211703,5.2930365661455445,0,yes
234.07065351148847,319.7336564018525,266.8606965789836,280.8446336623308,4,72.22255698896228,740.9380182486774,16060.60224007006,910.4711998610915,278.87084192578993,704.8059942476008,816.6310732500506,13408.957563249995,621.5744096713794,795.2781207698129,0.29197916000477175,8.305986689853945,6.168639364675317,0,yes
204.95576036383648,315.6996010038321,396.0071001429746,255.7149073181182,0,59.02032640050122,922.065980151342,16677.102079011405,993.1502551021878,501.8174712853721,418.0515570433015,786.1902450632797,12987.409994605068,769.9846783608356,708.9381704237783,0.2898329578221382,8.666274277963334,6.026947886243887,0,yes
298.93749512792976,120.13168472599662,182.45871434774148,288.47098512541004,1,58.96202415243386,600.4780168842332,15067.393266299763,923.9430143142793,131.95745502363974,833.8815246791519,860.7274618810004,14093.922453273442,498.6272709746137,665.8496135208211,0.19132527317422182,7.78045453879798,6.391464378322111,0,yes
269.4996023430143,340.34757244013554,399.6781722111393,272.88280810827865,0,52.27912301470604,792.0859381857675,18946.42880767995,946.2197683792457,597.1245644166223,397.11331293779597,818.3418290095175,12487.659075190255,885.2106380213908,664.4852816707535,0.3111688769805546,9.765155907996002,5.890388591783008,0,yes
216.50717523686333,338.35083705220507,112.36597556392944,210.75485628712195,4,74.67995314037614,691.9905614592268,18068.684781580178,911.1510628705716,840.3553598917678,129.53987512190997,978.1127397243677,13483.186509459243,727.3821757605558,783.0350608141341,0.2525999120419638,9.299331582659061,6.30170388094646,0,yes
217.15659914086015,327.92089687866985,380.918986195007,268.0431220661953,1,55.72884047450703,978.0606646402213,16225.062160327794,960.2660713598268,695.2234263237112,232.649635890127,844.6999136258486,12664.016924718628,777.0449198597819,665.7695327054039,0.2992957064502378,8.448545058913817,5.919228307112098,0,yes
290.3956530632312,359.7179530942994,317.68772756414734,241.86586782231603,0,51.17300566767226,624.7605402678204,19885.21260401103,909.879313972398,485.4508177646587,476.9966875799703,995.0404661024488,11119.589422008838,751.7568197849504,774.4231404997205,0.29882281765259555,10.192720631731596,5.370608618136689,0,yes
297.3002275123232,360.4748029377106,360.035980122273,269.9293019958512,0,65.67748236868363,772.8732267019237,19493.04662577251,905.4525362329192,534.630045409216,429.40831695976556,848.0664078360273,11993.878652911286,251.73816808990193,667.0459778181922,0.31590628978341506,10.02860547004279,5.447535513304538,0,yes
254.62240464499678,137.56752805774983,185.67093714053874,282.71609921431406,1,58.10536901074114,876.5430474694328,15590.876319640183,911.0223756284211,530.5184087065356,437.30610497650673,719.8004628508874,11707.436176846091,732.1035487519065,622.0271448093157,0.19207218196991208,8.10152081918213,5.468424941577394,0,yes
243.91938591768138,337.2763751499716,211.56220756461465,262.4509071211975,0,27.52964602808167,685.9512794528057,17038.70671948071,923.9995869584081,891.0441700218468,20.881177995920666,871.2016076202458,14739.200933316693,756.0760651126765,789.2779597926744,0.26388468858976105,8.784773089648871,6.765696620690328,0,yes
250.0977950340063,237.53408123686452,197.98445734805196,287.5290308986303,4,98.68697294164497,796.8343011882621,15627.589369196516,942.8099801980351,688.0568694772952,214.9062370258755,943.49693835511,14601.516538243095,256.2595517914185,645.1313335270117,0.25201472405663367,8.106326756969114,6.519322013461578,0,yes
237.14058159583467,158.0083676620925,199.6427950505996,202.40202157920677,0,22.569661125224183,985.5442454013873,18288.35216668791,924.2393942617861,89.1479704594254,910.6016030550549,978.2598038920389,13444.888254100348,385.9465685013082,651.9390723766996,0.1763037645050697,9.476968128170938,6.136661109165766,0,yes
288.0244001463635,246.07959862108032,335.2285557789079,288.18662932560653,4,70.7720434424183,943.6380160968852,18200.147792028954,945.4980564994198,848.0670238551455,81.42398163962093,977.7747334396786,14353.12881678672,428.4047215005123,653.6802172240097,0.2843031392930949,9.426146743263516,6.507282203128253,0,yes
255.69030823428818,160.25782328397082,183.19723563066745,292.6289407504071,0,98.8414225238171,736.5250323164328,19218.263872822037,953.0780612580606,594.236242098914,348.6979861848548,760.102223241766,10619.187932763634,119.67575271246211,644.2349799571946,0.20389341678504416,9.88968220198595,4.80375192517291,0,yes
209.16250977226795,307.1991529587613,239.62103842514105,259.84476695566406,4,91.68786797579857,853.9708423759505,16544.876940722217,903.6777230118851,346.2613620176449,588.5540336015592,757.3523324021061,10537.91865911017,521.634857128844,754.5113670853004,0.2766198791154159,8.572424106326835,4.944364005321818,0,yes
277.96471905412227,302.6188685007117,110.53318556226051,209.66363151665274,1,33.47966351545516,924.7870510994662,16194.041476085997,949.0872412442534,227.32446484085142,709.9442834615932,765.7329003882624,12766.680733561172,759.6131013718785,783.616906538143,0.22831338164114498,8.419278282586369,5.938628573651569,0,yes
290.00030675028734,213.28543793078103,345.3569610316128,203.96283529112267,1,62.89592355740279,910.7158509225615,16642.025404245334,993.3638079113937,333.201327468931,623.4703133805582,752.9690810465381,13256.199319662775,394.1963490669756,716.2052085208986,0.24362657589549586,8.646179954309764,5.976871492397052,0,yes
286.51613304343823,380.8642437351321,217.04831520233625,228.21023849807423,0,56.48791138301692,726.3513867624993,17693.53157883224,966.0599697293355,243.2432035417117,673.2567734492743,912.2179348322242,10950.024859088378,169.72532246556852,730.253424709576,0.2845988670177076,9.126857774420843,5.024660781188427,0,yes
266.7990886596187,285.8199620574669,231.6965065637001,262.29727251040714,4,65.42707660653825,925.2685806265416,15897.468867701375,989.1006440185448,534.4528083309891,461.37244332725027,742.5546519180176,11583.200555276879,138.54214263998824,637.8255217514406,0.2709554041387695,8.276626631368627,5.196348837173166,0,yes
266.61055656888516,313.0427353138708,196.04316748031502,294.4326188527024,1,56.17125840300389,639.805988640001,19039.20440891888,983.9075029986827,818.758658114505,157.73906459747582,905.5153976782249,11663.633299828341,526.3915298467323,773.7171062927505,0.2679535104572422,9.783172899390216,5.464115917605697,0,yes
216.71363335082756,354.1356752022466,174.92672074621746,246.48664829003246,4,79.54132149862869,698.2472327479252,19400.20178640123,960.9553644845447,587.7771124002757,352.8835094726918,827.7288744507401,10075.126090532225,283.38929040497953,633.4461511437071,0.27920967587655277,9.973297811742272,4.676939131004147,0,yes
270.62283021361907,316.7577812264169,325.7985162393362,248.93058628271405,4,86.82854203671013,941.7503119665886,16630.50824168538,901.1316159690746,266.91081524673643,670.0846177031724,947.7620124658645,12121.12081694453,562.5398623440241,650.9725625043138,0.30265247920154137,8.634822699406673,5.656801996190721,0,yes
205.67545525642277,333.1244487533884,131.1608040864755,237.08194719368933,0,50.728800838650514,907.7853922312172,17501.006938776973,978.3000817418254,660.9996946382463,334.150871188364,830.8730120838861,11313.702041030261,711.7530582850957,762.4768924001703,0.23915560838813163,9.072917217018913,5.369517058700734,0,yes
262.26750885407955,309.18060026615456,277.15370313306516,250.9854978930655,0,97.89577268550224,604.7926114405255,18527.433817040477,970.8311725373255,479.959067323594,485.6626922911454,759.9857269778372,13366.222047773641,113.03214864976816,608.9662238403484,0.274638196185694,9.51785832454329,5.898376625324593,0,yes
271.688466393984,214.58133710436658,195.89577990363827,211.5253355625454,4,34.43081936785713,991.7993436691178,16227.445055050219,908.4248148964709,772.16923107941,187.98774939715997,769.956897533938,11177.648026356059,784.5257889091621,719.9017445058705,0.22186816203143803,8.44579805747356,5.309347078591753,0,yes
221.054055605452,228.68203750620225,355.7825838401682,285.9539746290753,4,21.978586598609652,669.3530520326829,15474.589935444275,910.1407884880617,420.2180164653677,495.0489502551157,710.8417666951448,14080.242555278168,101.48718961221732,788.2584578718765,0.2664052958491922,7.997181420568341,6.1764539727042935,0,yes
253.16343511970678,218.09197472524824,175.51803933408644,264.8693377391936,0,40.10435336954228,666.1735740293733,17337.25427396882,905.0453527250748,669.8196921978927,232.16498427203817,818.5646161690273,13438.53001978934,443.07971431381753,765.1142495642166,0.21223489907058002,8.927122168547935,6.094593580760406,0,yes
218.0644199512538,111.4306425549764,152.64336702504966,204.7453061058859,4,51.031085995348214,874.7823002463504,15342.568865118437,962.38688399912,592.4234580483093,315.92380806095696,863.1763008589655,12513.293093319031,899.1547798005503,703.3579572764107,0.16590902926804357,7.984016676756174,5.917452522646601,0,yes
202.62431551540084,199.56926015349188,284.1398174713747,219.12665106698643,0,47.20243353631123,668.2811770396605,18462.908483132625,903.44833647637,194.93437801368893,778.9958471286624,790.9292395340041,13235.032749042315,427.38817678634024,631.1815149471129,0.21191003605937267,9.490192870990711,5.988068379860415,0,yes
266.2022257698909,155.75218077167108,384.342619436933,214.5901146126495,4,76.26496466144502,644.3939529729847,19702.14602057852,948.522103857443,213.87290945467228,705.4788908623253,821.8294990991682,10489.162195152852,531.8173441626884,685.2922921574886,0.24120315577936957,10.110761805531071,4.943448147014962,0,yes
290.34483169069426,107.68716574118035,208.70574077815422,250.48655895343876,1,22.581797789251972,663.2185835613765,15187.262884592912,988.6010299143024,475.63111500465016,460.78864660433624,994.6561811875576,11920.122647669321,556.4500704608135,776.057786481588,0.1783384201404421,7.8629672468345575,5.609183665658704,0,yes
257.6210165001346,270.638900510436,255.5343121610579,281.5099200424661,0,69.65181950409465,703.9243722598568,19841.66674440686,907.7071423731295,801.604217087598,102.75469360197678,849.1120421513206,13949.42636744262,692.370941725329,767.1315637187098,0.25686299287618375,10.187975990701688,6.411480081631011,0,yes
255.3944710853067,394.6424303048271,162.8769531914741,271.6914900670905,4,53.93812962679221,941.0883184593831,18826.976513923717,926.5227654429311,743.2604111416504,230.71674122272827,872.2767772476268,13396.124354679116,687.0653295547911,601.1807967449099,0.29971223728503027,9.73637421856884,6.185006471731147,0,yes
286.91125404308667,257.4801633471302,316.4750140615328,241.47405988941063,4,60.674025128927184,697.5093309149421,17478.630523507236,995.1300269112049,54.35105699548597,894.0542009454571,716.0468294328036,12918.228235391649,191.90034991893157,798.5870857651461,0.274359617168025,9.017076931620835,5.755820208638216,0,yes
239.8879823792024,218.17611666796205,171.33226535320773,209.38847610255738,0,42.796758438164375,762.4501439470775,19409.335279257844,924.4857153629864,344.3603257056821,569.3358196482793,948.453209594035,14099.94948997008,204.91829745045473,730.2174565820502,0.19899533197679295,9.987035559696483,6.312814023778626,0,yes
212.27240723424205,256.5149788457037,302.95348513237496,233.65650617097006,4,77.51820401847326,795.2110314252755,18844.59937793963,980.7150710663241,383.6258865019743,579.143698670963,868.3466428841441,13470.73636309334,790.3090271632775,776.7050451391751,0.2623856916316679,9.71969573439422,6.276159634365073,0,yes
278.0413646780838,253.60274831956883,163.33443610523227,227.30356749728003,1,46.801207247464724,760.3470204488681,17655.1156873964,943.059562051379,61.36060853706135,930.4049921917754,984.7116589460643,13765.666295537321,499.8443873298012,675.314246377828,0.22447917953194332,9.112006129925561,6.315072832712297,0,yes
235.08888398243715,320.8136198486212,171.75860694567035,256.95450003159567,0,97.935224757691,834.4911013283827,17518.60791423317,999.1565828943744,81.1485853201181,851.3805962885184,853.2569307109145,12029.580258711061,630.1294705735505,709.1417232702049,0.255974828983551,9.068047381547167,5.616461080482275,0,yes
213.21567853278535,259.2148791468736,267.11555484753876,241.24456695149294,0,63.49720973903977,758.9103818423819,16680.559956429868,967.4278665671646,557.8269070858125,350.297161005005,974.4056369423448,11203.126360410964,779.2619995148791,724.6440531585476,0.24017194615877469,8.627765024429218,5.392704126070831,0,yes
260.8044027175607,189.25384944224288,207.19444897857318,234.2949142539445,1,91.4120271634554,695.1317850402631,19606.78341430832,925.241937792664,642.0801437523374,294.22494128725964,860.6706960804053,11297.534553069318,161.89003045424658,692.4160698728502,0.21233692946412858,10.070997676242754,5.137623311245996,0,yes
218.59295001806908,349.4282319781982,365.6626086299958,220.42010781176933,4,71.50166232028553,929.2257647060994,17617.34395860202,924.1207931653558,523.6469636982405,443.9539063061213,918.0392990201696,12948.346327997435,146.77425553295862,769.1830240817925,0.3094869747767917,9.128517181630428,5.829330071994853,0,yes
228.15196402413164,259.18069398306693,328.5790765439992,235.2777226165805,1,30.854486117830106,976.2180738912573,16878.520543963277,914.2581591553333,444.70682285286523,477.9702832939406,963.0118012937298,11356.02221942655,619.772665434883,681.8860859572984,0.25304066809193654,8.768536169942626,5.381853709400338,0,yes
251.67840176063606,384.61148666368666,205.77872120358467,288.43563889773054,4,74.77832801574715,897.6902205680944,16826.70099023693,963.6584790226498,764.3886942372807,171.67221579996442,900.1251323474422,12510.195709539881,664.0226758139178,689.3641979530319,0.3097790297251479,8.731447965523502,5.838886947573682,0,yes
220.9433059716367,163.20772011688067,349.3365122933749,291.3707733309997,1,92.14530043011044,946.6933361506708,15250.713359130288,904.7808214555794,147.4907335076652,820.1001085128491,763.4035324511334,12169.167178540565,628.3270521716687,656.6217358796582,0.23681633081820366,7.9465547899155915,5.6335432502671665,0,yes
234.58962931347497,143.68874657444042,125.74375962001913,245.22070613564136,0,24.7355294901441,717.7907243773983,19938.85521663382,979.906044230253,364.0703807906207,611.4887924583974,910.1559319447622,13240.486489722722,307.16086675733055,702.8758849142852,0.16430970327340996,10.249544344030038,5.9994921255159595,0,yes
249.71438725160917,353.74828140761156,366.01325442682827,282.0230257643085,4,70.62974925187272,623.6582479950986,17157.403147742494,978.4771308223817,492.8314667521691,431.7565897611399,726.2729318248845,12143.47580941494,268.28031533147526,799.0234836991922,0.32742819110016735,8.83800191643927,5.477352346470026,0,yes
260.55294744444893,108.55892294889908,141.46883310456084,278.4055875284978,4,77.33508548597737,760.3937955297672,15650.45660083928,970.3260357916431,800.4114931799769,148.00596830712425,876.6345896823968,13990.58736907384,253.75663376075988,721.3360935752669,0.18593395164954285,8.113442557024308,6.263459843743724,0,yes
262.9240816398862,116.21366032946824,239.56213928817206,219.86406260938668,4,49.64121418548114,867.0070095741459,17420.03836712393,931.6935110596363,91.57374184530033,861.6434801419814,854.634202331185,11664.137710548644,157.81649082067216,738.1232832800107,0.1937246708382227,9.016775006839476,5.28858853196459,0,yes
239.0042164851945,207.79101880653755,232.01718361954767,290.1912199994036,4,80.00662993697365,664.0067473395483,16456.492369187887,969.6243012000875,641.267070120436,354.53667113272945,782.358765850033,13120.950093551375,139.16351084054844,738.9085781648196,0.2437048611844066,8.495129089035231,5.840932693744448,0,yes
294.13123717581675,122.08551094716607,277.614617022516,219.50654291644744,0,92.39426947529658,728.5086322648519,19604.728386543848,987.6989768759253,323.90003394042054,648.8737480992836,743.4670863425088,10746.052779737129,221.6315540684624,718.8121334256798,0.19693948553535578,10.085924781301223,4.902552312355864,0,yes
208.7794749373878,112.05983074237218,334.3201610130601,205.69515191493713,1,44.174613043818376,736.1256395002792,15913.52647268839,984.7783729650068,306.6468642215049,614.1619849332699,858.1626205852247,11274.217741021714,359.401043280988,776.476464115932,0.18865218717525267,8.2416020069801,5.215321897772703,0,yes
234.4936755103771,386.82468448153475,132.6753272613438,237.06425535236744,4,94.1229901592309,935.033723383146,17901.468541514703,938.1779494978969,360.00698888668006,577.1435724841219,900.2937648640968,10777.41457695013,444.22411374419653,729.0758579263759,0.2860298495700608,9.273833171167068,5.063318591968683,0,yes
231.69404823020773,253.64325715545755,355.5657726509189,233.18638812186043,0,86.38444159947824,999.669772319754,18147.738058044615,952.9832866180864,758.1029974224385,208.3948542541765,914.2072466483528,11966.904860711758,225.12948233330832,748.3230537683258,0.2592328519812193,9.413872255785654,5.463634395027941,0,yes
205.63057222766352,392.0440144837003,198.62693783847277,284.43470609875175,1,48.30673098542513,634.7451167153657,19176.494197810312,954.1753034668468,136.3740768417735,785.3602929807926,886.5169524945284,12243.844697782757,328.00613585900294,725.1255990022402,0.2893771094766401,9.846609052351065,5.595257195993674,0,yes
247.97489236412844,116.85628949145682,191.72729649719767,252.633692722916,4,20.213077794150884,913.9165890466109,17903.50118138476,988.0884759989424,703.3088495981261,197.1414089418637,846.5480168336434,10519.486032707824,184.49806585109343,777.8298384776305,0.18537943478160224,9.276914909754785,4.836223098304253,0,yes
256.16232605842566,253.48292907176727,303.65779116956173,217.9190938916653,4,81.09610045423332,706.4973867602876,17853.812882684346,974.082340306943,743.0506311115123,238.69099805595488,848.1521710461429,12984.488141448346,514.0152874953135,736.5888163084874,0.26416157029966664,9.203730101981684,5.960349025556428,0,yes
211.3019918383703,158.46903933088947,209.43029848074707,284.389961775137,4,34.46538937186929,989.1561824528105,19829.47491081945,910.3974433293229,628.3049679517048,311.0251047837844,906.7154021002102,13062.501681539166,369.2101630832653,793.1876936336886,0.20907494898903897,10.246471417996329,5.9587513011862425,0,yes
224.92109650258453,252.58711276563332,187.81755274600573,257.8711428858191,1,44.35615328282432,652.3852498101397,17639.750284404618,963.704066196841,645.7111774373651,291.11367034628154,879.3770816635069,10829.766840996432,432.44288837013613,637.6341036976278,0.22805845763421173,9.083399910346513,5.059097479688584,0,yes
259.7213778287999,343.82075131546895,174.1061342124493,265.02384785920674,4,68.77892759951523,812.0417459050637,17006.561780071755,927.6699509920444,495.7510549004901,413.50072470340535,987.312338300715,10203.85764432853,225.3020624579614,625.7150925759495,0.282708830368591,8.797133683662844,4.763719741808946,0,yes
213.57176636562707,226.58569387311198,372.75627100820384,294.6058894070744,0,71.50405354157743,983.5870778000339,19272.42522320054,931.8090112435331,131.4060859377815,842.255796410179,869.2815147378861,14669.867936655182,277.7974589388702,661.4386461802179,0.25997225160239523,9.96958978048393,6.537433415307166,0,yes
209.7862035535306,365.85846654926,200.2239504744145,204.20192893806137,1,76.61899069938958,813.443772379635,18041.051782637413,994.8472134636772,660.8072253173577,241.71538810847494,876.6812848164764,13771.081626197925,379.99128907011254,694.6575561525917,0.26725939677640187,9.323953725884651,6.216362221751971,0,yes
219.71562797408632,231.58075801486024,307.8928198808936,204.8615668926972,4,24.71166601258913,953.8206864162144,18612.322055713907,999.8163850637338,587.9401457351493,321.384059405231,804.7580265439057,14389.70293119421,896.6498561677655,618.0669128132232,0.24194281648800525,9.642073103420175,6.632586396690473,0,yes
227.33590338151515,207.50444436066692,165.53708645332614,255.7676100746277,4,98.79563013641466,949.0932829686114,16765.651442781927,957.6901272094574,155.99163573554873,838.226610263732,776.7545116663536,12705.6225958079,842.0147078750398,698.5249085665519,0.22429827439923966,8.711825997088058,5.948137802510912,0,yes
203.71696965271653,189.33427462206572,292.21184741802676,201.01724856372815,4,80.54624347039004,708.6167339348141,16108.916884287108,907.7005414174821,597.2787421179326,309.9979934664931,864.9631354300811,14878.824677455385,506.3775515495752,722.5614438939937,0.22613826802453904,8.32263294235447,6.709661330790798,0,yes
255.52337140491477,288.26859314811577,280.1669304625477,206.31054051158267,1,34.526071333677606,955.7988549927522,19924.07777139127,960.1390130292327,214.9319782374058,727.8001327199403,719.3065358983703,12184.241517275004,651.3688732737589,710.0463255249638,0.2531209409818505,10.292914663737037,5.6347608601416255,0,yes
221.0839029068071,387.51539379088626,119.95626443270397,297.83745472555444,0,27.80088495175295,849.0176725746213,19132.197983214617,940.4372535471626,907.6359805084886,50.0309492234428,853.9888361997604,10315.87525162926,825.4346984325392,738.425453193194,0.2698855359029369,9.869999094139146,5.0167255089901035,0,yes
262.25981107114836,171.59656817961132,291.24533614322996,253.8103389972985,4,97.90053144327844,691.3012388985437,17681.36532045008,959.5883611991646,486.48435289370565,429.1367966615057,846.5821313014733,14773.581036466183,819.438341996929,750.3369538969391,0.2389875028145762,9.112164826290995,6.7902593925170445,0,yes
261.34900711041405,385.50408319913527,306.74012873763127,270.4238797342985,4,29.786024210997468,741.0211303298572,16439.494151264465,906.0934053220452,297.5766509577273,661.8857297747663,944.1175592646998,13750.998901503244,392.11666802933325,626.7553705344906,0.3222936498722077,8.494853559633754,6.239046416014516,0,yes
296.2807848233903,154.8751720276402,219.38516311878303,290.19784843958143,0,92.19582752179022,807.6127528733225,18052.985129966673,984.1460079839641,171.75793812461342,733.7321560469486,746.7421423588904,10397.142368492325,197.54305740957375,608.0634895838758,0.21279521919430483,9.32713285833204,4.730885035304238,0,yes
264.10625145353373,134.8907278598539,392.6102707200399,250.7424209718301,1,96.02632342772326,731.9152693751014,16071.055027922861,976.5003596798847,837.8927882567705,130.39466674421658,795.9595234140265,14220.146349215254,142.5264769420087,672.9629021221652,0.23196245539876723,8.318290282706657,6.274878982689796,0,yes
248.2318719496297,291.575260513868,179.3858975055706,283.8882952531967,0,85.75573545444324,636.9497413522489,17281.280024917756,909.8009972672927,935.4570365552786,63.62721313527584,820.7934531987553,12541.207384041416,560.845175189407,752.9819254481347,0.2513210609994865,8.893399515087276,5.795406980552133,0,yes
254.3581520673406,275.99646764561055,395.9955264769963,257.82386476781005,4,77.8426946550924,673.6763193606323,16011.87966176032,910.1069547863618,63.7589170558406,921.7505812149998,985.2397238561954,13691.428026689988,758.6422613515065,763.8852216739012,0.2989782135062345,8.26676865209399,6.399960560750389,0,yes
251.29934163426893,317.2415416251156,280.0860979564634,240.51311596205662,4,85.23342015806998,940.8167552950489,18078.656344696916,981.5986286377948,284.3870854565617,643.7593170479663,886.7955105245742,14120.021900052881,171.4430586721188,670.6182965611692,0.2893747469562034,9.36973425019155,6.276902206630556,0,yes
257.9895018245333,239.3380913554978,380.19621903511785,294.57702365657,4,97.53938881009428,600.6959067768126,15494.160660414322,988.2854512500675,134.81573545861988,771.1853572190606,806.3148178105376,10859.762004780374,300.63019876545917,671.157493505236,0.2914419775874359,8.002747167116357,4.98932440472918,0,yes
264.8267110628678,389.5020376088829,228.92064112834603,242.03202772716688,0,23.72635340307734,913.1191287733786,15912.290605404552,938.432809930836,707.3861955298285,252.14250635438702,841.31399089418,14238.68603629943,249.04662076649666,771.0657916795203,0.2863290492555106,8.27427973734295,6.354822461929546,0,yes
252.0970756399103,277.8514246122935,129.58256950105834,232.07180958322274,4,29.468564997870725,939.936572762871,16948.76422647919,968.9109046431456,492.2401866180447,430.9399969930984,832.9643965432406,13457.361731883426,352.4740993661061,790.0786777541899,0.23492053563815107,8.802832824367039,6.077871023166555,0,yes
222.55252510163683,105.00921330858614,223.89727676641826,204.9952635097778,4,37.232486533710194,617.003221798681,16828.18181385615,927.5695131077533,683.4896622553882,298.6335879772606,985.4985310825282,14787.696345283854,135.88526317839768,651.7565035828654,0.17647361414132237,8.664936134254276,6.574187047659157,0,yes
267.02802353320806,138.24916838812686,382.5308373837571,263.5521414010173,4,38.448644857212756,683.1615397881825,18199.794065942766,929.3985633552503,548.0062446637401,445.24110009106596,986.6902490634445,10618.371035772758,672.7410710483379,650.6401922410927,0.23898276586029996,9.365443974260558,5.123071237066804,0,yes
212.58272260744246,165.9013339914279,355.6098548904242,268.87853990225824,1,41.61207545714894,955.7585567491627,19892.067325276537,953.489982472274,847.5047633361233,135.36066731528138,898.9591936002928,10421.053159772553,331.9692856547556,683.8175000670411,0.22724135846925528,10.275984361352084,4.8756619962265075,0,yes
298.3913187818579,363.3131292274893,127.969672898174,298.79582197911805,1,76.29528847042407,651.40355818121,15091.833298562951,921.0891199822346,597.6395699724803,394.7803601400499,978.0933877526343,11152.731805562264,606.3759266734669,772.8647565441386,0.28187491885107346,7.803373425606901,5.322871721548824,0,yes
250.12935082936343,119.93265578190059,126.32949783811549,280.3849418501591,4,62.59335962932063,982.8413553865446,16427.32142581914,939.1200733712715,171.88538711892102,731.8825980280496,750.9273914303228,14993.439756345178,493.41844401711273,673.5163000980391,0.18467971597468208,8.54786868303439,6.697761298371213,0,yes
265.1694455545529,303.954664608648,301.74320071656086,235.28479647500353,4,75.76510925829817,780.0011322851285,19952.45075215954,941.1363787622862,569.7715013590897,365.81720591115834,937.1743264897345,14943.797464809233,728.5147256414335,708.0407564426275,0.2879096610384185,10.26477659320166,6.855343157967848,0,yes
261.6000670860992,310.5961396469113,234.04899374123238,280.5582267097926,4,62.1765907904451,751.908373627173,19479.010895524767,991.6578120882804,866.8023896652044,76.56516328759778,933.0067070344073,12051.889096394567,505.51298998633473,794.3348857032154,0.2839220810896318,10.028790619366578,5.62025188952692,0,yes
231.59036398237373,134.99135358031108,150.84365388844765,293.58032390278726,0,54.384671272113714,785.1059412759166,15290.105638517305,924.2786160703778,622.7407781174,342.3258151815486,948.7552054011004,10048.292272653416,513.0237929636196,632.0644338819316,0.17887014492766207,7.932429257352295,4.809648350464787,0,yes
295.9883932475486,308.3337316934965,192.58673217197727,277.56610301902504,0,87.81526532242395,947.1519700659476,15684.834805730437,978.8408979978311,603.3780781335677,313.0356442295946,750.7189506982073,14347.530944905415,573.9569034124131,630.5440688471796,0.26570462678544615,8.173892614392003,6.467622995697427,0,yes
209.4709698293777,247.59257865589547,205.21844769280654,284.9179654020402,4,95.59745585418534,904.0953070379965,15471.902674597535,981.0690573835446,241.95113102570417,699.1400627382685,730.0293122555299,10991.983881354787,799.1340374413155,769.8399986509295,0.2514420200765172,8.0579092095739,5.2289629022601005,0,yes
288.4507395565142,377.0604095621466,399.4222482371139,234.65002849982275,4,42.79657128852151,836.6233852170553,16498.048117371163,988.0610256457342,705.9238123852905,290.2960808283933,879.7320691851372,12794.391059856309,841.9512440575982,662.2432718655405,0.3353642559196664,8.55670680162235,6.020314480132869,0,yes
230.58092740800566,127.28238308634195,335.7216407436565,274.08824271614503,1,89.16654585992872,734.2783709469055,16846.385535884237,975.6106432539344,433.0065772228994,525.7333381678435,991.8761677349314,11857.647673066976,639.5002012195911,680.0787210919044,0.21710930338418338,8.706354659065518,5.606654709045121,0,yes
216.36914436925062,227.85084152668622,333.3964224965872,253.94415922967363,0,51.55887047149161,789.7483710768195,18672.00501301545,981.9829379625496,731.1297375561884,244.17024150692873,790.7014916244277,11099.929854117308,518.6561992229565,654.140864320883,0.24231980139271805,9.632355985267399,5.173638711825177,0,yes
265.1077560814806,314.19926189632486,228.09722838336057,218.84235787369857,1,88.59328320816972,805.074748808969,18608.9547113326,973.0483658977481,263.50517805730203,693.9999236945308,755.9939054082473,13456.36410103269,704.7486288028267,681.5871325152837,0.2635951246299639,9.60301530961014,6.177916117082441,0,yes
222.80135652943554,123.23165494976121,330.0736849408345,236.43426696547795,0,32.20469954299979,674.4187392821088,19545.31018468723,950.1637322336421,668.4550758359435,293.7264516313859,732.731339149931,13751.579253526037,229.3188096972332,738.1092806260575,0.19468521008145723,10.03913588432186,6.104638020644744,0,yes
226.99483198009352,205.62044557215273,172.07636830292935,293.3634544199017,0,86.88638236233406,690.847570830039,18115.097471965375,915.8534920721534,687.0512298328847,225.50336608191083,727.0766431830119,10530.339753941851,487.5661781371567,609.4277951661009,0.2148307849710946,9.322929276736925,4.893449186901335,0,yes
209.60559880627494,153.27707053601267,104.45929523955087,227.23445238068715,0,27.813877526945134,920.9856036313122,19241.603231955676,924.5101724412524,893.4041190377094,106.11227168859352,985.4771393634718,13228.407943458667,347.54595136617604,786.2477222880333,0.15752281539004198,9.938819909579774,6.055335592074007,0,yes
266.49223553369836,250.6278998277662,334.52588385435917,219.87318499934804,0,30.971737520162588,869.5091512571538,17387.838405251852,987.1181347670275,915.2798295672526,47.52541560384748,754.3837332136163,13478.640343707833,161.44816085463782,631.5159390180812,0.2485899841968969,9.008878314957355,5.96302511345864,0,yes
293.8806509301038,360.2703843564278,117.8626890375498,257.35433763528073,1,51.91153722759327,880.7093840794105,18964.085560137675,962.6300026094187,933.137523262522,32.41162859653548,857.7882007287033,13924.369348826254,715.8523320409162,637.4923368897656,0.26671095480308826,9.796149306502558,6.405600324658117,0,yes
265.9374113113547,369.1718050217474,359.01942649167347,275.02415984344975,4,37.76214497768948,715.6991457013722,19604.501856332165,992.6272616897011,177.91483864000836,749.368471519111,744.9609099765651,13167.155447628837,260.3337260295615,672.495940885282,0.3287196461132683,10.083669075665936,5.874706605977115,0,yes
233.218700465282,130.75792654891154,161.41132181773997,246.5834894684173,0,93.27700023712376,722.205293792808,17250.313590946425,990.8103011387461,831.8364903940619,105.98993901589665,794.0772572875702,13368.411449537642,190.33438771651703,663.1627251580787,0.1749867037289424,8.90775753158328,5.947075227794824,0,yes
290.96683899080205,157.1875615368374,159.81004571155225,257.4768111011844,0,41.36370739663137,973.8258715308712,16383.469753958812,920.3677030298911,584.9952692428164,408.36025918066184,742.0723410136752,10505.0437492163,266.3923023026887,775.3185600363709,0.18819675834453425,8.521294851723388,4.833851759822825,0,yes
202.60757743010745,119.64682728198726,108.57953007039686,271.9625724835896,4,65.55680170835942,746.4579804854119,19398.50025971071,936.831806815131,154.30198867844365,815.1220367434294,792.7922083370416,13284.350487625241,261.9811242043631,738.0950776275711,0.17370128586832298,9.979765233348289,5.9558332338807976,0,yes
210.8751716291229,184.94349017338436,262.87030212050036,218.49295506513891,1,26.89505126672706,871.2852573402381,19342.86103340605,998.20883325993,273.94999596040327,697.4877657192968,765.1878754650452,12087.369993061564,739.6109893342918,773.9756839290503,0.20416805075848354,9.988329417232594,5.662102554433936,0,yes
298.96180154177665,343.8044958116757,398.1187497404058,237.71779768144307,1,56.7689727975685,910.0720156842112,19990.94070433278,975.7990485822811,485.5841932625982,452.5736616672914,792.9549923381119,13077.413114939518,128.4586329706171,752.8894242708793,0.3135031706665895,10.31805841832464,5.817375262034161,0,yes
286.65528439375,293.6269533526537,209.35833668959523,295.33471617651674,4,76.80251066269375,934.0274168186495,15452.593549724552,939.1035643718719,158.92236103461195,742.1734374284725,739.4266817897716,10465.919649817512,294.4264532643697,608.1530021945108,0.28016241539376047,8.049292698078204,4.7936356176103745,0,yes
296.94609125088573,179.64869795441228,178.312294579987,210.14791950851293,1,73.71357038051691,904.6866363725455,18213.400083129352,929.027631270306,498.36598117173276,419.35873583115983,820.968927020084,10860.552150494259,123.70285202820499,763.9263174093469,0.20024027152141652,9.421626455201393,4.938603971019692,0,yes
298.2314582324388,167.91807809232807,176.42473929788045,234.64433719439322,1,49.64523337289367,723.5485296004085,15095.563213993122,998.0240874044953,557.2315555442437,440.7928418950705,998.1904463684052,13740.836280133073,177.55079179651102,639.3456716743191,0.19720707332177476,7.831679769050481,6.177765168432756,0,yes
204.2462713878386,142.64914595403172,348.2998988462333,229.99949351496235,0,81.63018437087806,944.2430550288984,15160.97940453497,967.812060248939,906.3533360583848,76.93342876220254,843.086410938377,14368.270097942383,551.2678003590225,640.0263095016674,0.20868136421269617,7.909774525366689,6.514229338946763,0,yes
233.19478578610529,252.20267138953392,292.83300923449417,222.52678444264396,1,81.75495469888361,860.6465999291286,16494.688450587695,924.7741445191504,19.245375975572635,932.8756266921714,735.7734611296554,11363.10419456222,613.7048127724591,690.6387402123543,0.24758557716995025,8.551716935885198,5.296557127656617,0,yes
247.4935584445053,302.3519917299569,383.39150367957296,215.98119283041683,1,79.66695284984652,622.3384218630504,15380.83485931882,986.2238910621062,187.29274077961188,760.2389976899397,704.8029525576653,14409.298268429613,529.3621581082436,734.7907364415196,0.28599245410393037,7.950502909643879,6.474114365791429,0,yes
202.18568817188063,267.6600526711154,208.04740539757523,219.50412958443167,1,41.844892847576716,711.2156041873795,19807.331740699407,972.8464211053754,101.70865172427746,824.4174832462259,735.39591885148,12510.042118735346,708.0617016405675,727.4552474628268,0.22727464303071887,10.1813575936026,5.794219640669708,0,yes
222.89874032897183,132.59667151790808,220.75670153735933,294.0202135865727,4,94.19059329767433,806.6667623285101,17208.32403655929,971.8406454614853,557.9119861856256,394.54200938574536,817.5222299690117,13098.083980887961,447.78801370856786,602.3181604853945,0.21189000210267797,8.90288886023851,5.945357433779441,0,yes
291.2370532017176,254.30759398768546,108.78659384689097,200.18222917465167,4,72.17181941836557,916.8336523930345,18606.72891573082,923.4758824841077,686.7963632481506,240.0403472005455,758.4664486233141,14448.827734863611,853.4962709743256,600.7998160716813,0.22528812966872605,9.620294903356934,6.620601293250902,0,yes
258.8297275906807,203.83226161909062,246.72880435565514,241.6267045328156,1,29.248304227271174,837.2113904704113,18309.417956071407,969.9304291420563,629.2417672788079,355.4374594763807,788.402349057529,13245.189907616314,729.2266948791307,640.4988616849475,0.21947693852408673,9.460015552327086,6.114561876526749,0,yes
299.7362534399468,209.09380969622697,172.56218203968558,215.73415429465553,0,53.12857019164986,738.6633205976063,16001.583459656576,910.4174745893813,846.1503399256466,102.26826890892676,770.2234561255002,12626.728314014968,683.9816920012967,711.7840433223749,0.20575143743017582,8.27596686267924,5.846178657459122,0,yes
226.48029770408937,275.0649195545631,142.06196664862853,248.84955242738832,0,99.79986300107957,998.9198226848073,18235.595016014035,909.6962537853049,620.0049974782798,286.8469888970128,810.0391206129007,10496.595236421748,425.3119930059241,643.9835858513908,0.22926208069483478,9.45169378078556,4.891971448267537,0,yes
290.8972800523934,138.79513419024153,301.743824040024,274.44811536362727,0,80.17060624029284,828.2984024685761,17661.602142350665,979.0234650678779,788.259718403049,121.86978630216629,935.0482663650225,11132.888193247085,731.4845427371336,739.7730662885077,0.21749044639907225,9.135363905239952,5.332034096631209,0,yes
219.14494055408943,291.00604656308496,313.6508321109869,285.67160081834044,0,38.19310452329504,923.3945759738772,15273.37084785798,920.5758822719664,542.7416337248089,441.08603749956194,998.5587538765415,11617.372820660235,786.0454005579525,650.614519810106,0.2686487800365063,7.954714719163854,5.571432080148822,0,yes
214.51091748514665,261.4198376414084,276.91949274139574,260.48894637549176,0,80.80155928074674,706.0684756964187,17110.667272306804,905.0995300363018,828.6454671968131,86.34773433339262,749.857507448408,11931.326296492765,725.1604487289554,637.0337823145477,0.249202746146566,8.822592326005593,5.561932568601061,0,yes
285.0229950610392,311.8937986548244,368.14561980282645,209.80266459061562,4,80.76890367588877,601.5993293937656,17966.039408280176,929.0653933627578,488.11760185858907,502.16019623316583,890.0140665879445,14258.3791364778,838.6779254753659,791.4738991645828,0.3024121544868829,9.230722500543633,6.625008228349993,0,yes
244.7737155608027,326.3313952689913,277.8032061404125,293.7514599977817,0,45.86026783414286,841.2943704385133,19264.686803850847,997.8614855252837,893.23698028962,73.52572209713469,921.3727359294671,13439.532797121548,613.7178037992304,633.5886680467221,0.2814268066720259,9.942435304151264,6.195902529002661,0,yes
239.44758097742093,338.8499763537828,324.6168114973957,289.0221024271747,0,35.88235699544475,650.8416189475499,16695.17394019485,909.889740792968,400.3971811100754,526.7443491070828,875.0173715897561,14733.215614694458,396.2657498119525,727.4717581111944,0.29292383055487314,8.603390481675113,6.61476047977431,0,yes
274.12577828102195,375.19641708080627,116.54808793967155,224.07905060368967,4,35.87051417414946,971.4242697015002,17128.332337206688,906.1422391895915,461.52385596327946,460.99428965779947,902.9167291207734,10593.285072146024,784.4851847579274,751.4460916387786,0.27324488221725574,8.891229857673329,5.127784186096734,0,yes
279.48416429794725,302.5423024836858,153.0657088927223,249.37148053676412,0,59.26351847136278,862.670635922278,18350.554789563583,913.8310288443631,60.37248993698254,858.8859394202822,764.6105169127532,11936.154205125324,175.64653399694157,602.5746016858168,0.24416404059903957,9.478610116073808,5.346043693244129,0,yes
298.52208947996485,390.6781792495522,101.02369931961286,298.29830162471427,0,77.94188498245879,844.0952626000212,17454.786589021023,919.0656446661116,47.32352558517258,924.5395941890065,762.903520001854,14447.041980458029,440.31171290513316,662.6146178626824,0.28355585745381523,9.027257477357045,6.470663357653077,0,yes
221.48785250900562,136.5228626381676,396.4415647894413,266.98474108140783,4,43.50140268125371,729.40376824997,17351.638090344906,956.1343742699526,728.1588455444098,201.6180286078005,979.8841000364969,12645.389278595278,754.8590997516872,737.560542543372,0.23663928547388935,8.955216663650566,5.966712377240231,0,yes
299.18746726532515,136.40546718970876,216.6317719744699,227.20795341233654,1,75.4261815465902,640.5958328226542,17810.674869108665,936.6571508062929,484.39987531797004,491.9919650900261,740.0597787490714,13773.641610218794,493.3589659365374,636.1401954289252,0.19451835658194108,9.162567661909508,6.210541229422449,0,yes
239.87542393823693,146.97720850318635,372.3004382942098,209.79975395544878,0,44.15478873623527,706.9448682041948,15299.446246906225,947.572355878404,500.5086103426376,471.83741761729374,709.6030267922088,14087.083628641918,369.3149526424746,633.3991661214903,0.21096075869517708,7.922990937460046,6.273200020463333,0,yes
230.8494192829054,227.56000463067824,255.24303366793987,263.29675436981324,0,27.803829672064797,630.8306406709507,15390.48032361439,994.2117905969404,526.7129155093378,380.7680337988271,780.4840638835776,11572.156963802503,731.3977904039374,779.6656387018803,0.22728634122948377,7.958282548566571,5.450829622400329,0,yes
279.7715521766756,191.910385762309,366.1475992153911,295.28387611024726,4,71.40904205867243,613.3346167339511,18704.81028130385,982.4566580540621,301.84672140096666,647.5612830401282,895.1789172682293,11296.932275826966,627.1874533531891,638.1406037371992,0.2692734220347252,9.610010272169573,5.331977097971125,0,yes
227.3847725850229,279.3867284068972,252.39273919927507,203.0376917546268,4,91.87374468377469,838.1653913853426,18211.99760056895,927.4260789959873,706.217581002567,242.08709061526145,704.3039696962494,10663.334125165211,488.580401895827,749.7141367486054,0.25901189658187207,9.405674300321012,4.961303812064097,0,yes
253.69232655982162,253.70451416958446,143.95648310703947,219.00990469551186,1,29.82500587496295,935.3384442406295,19355.799260097774,927.1802881595477,762.3703080157363,194.27696255791727,756.1455462067912,10341.01234787761,492.6788928033008,727.9528428574881,0.21377070463481784,9.999560395400431,4.853011856002716,0,yes
259.6492374624792,132.78419834897284,155.57466993769103,283.37901626672294,4,87.80239396170526,742.3359079593147,18842.8878066208,950.8840525150208,437.6044251861845,548.0430065681146,930.2017322282529,11677.02741216598,758.147948397484,688.1870970789233,0.2006418371494335,9.702977390778848,5.561980866859802,0,yes
297.6633486187368,309.7929962026999,237.52432552497908,272.2569063650453,4,32.170757552125444,834.0509942367706,16678.0266771887,944.5403827691941,306.5382477614555,690.2250070092673,860.9432641099264,10827.5266480574,475.48279403745164,665.5861741332658,0.2834311760845888,8.64011269691328,5.079980148794327,0,yes
241.76368470168632,234.92002544825604,123.17731941723682,219.54341271452614,1,40.54904508556071,801.8065721151396,17517.114776779053,956.3876767680594,564.9518063681252,411.2400373717762,832.8894400921033,11631.379873822127,348.06650129392995,774.1814202237341,0.20204745129226218,9.054066945543084,5.3508537964990595,0,yes
229.80558723614016,148.62790611216323,292.1564846511094,259.2162515694645,1,26.29377408337305,932.517308356748,16674.534848671505,957.8489402391472,713.2548096403963,256.1551025576837,845.238116618673,14322.23004354293,599.3434118570207,778.1853372174229,0.2059584575584799,8.662496050516518,6.53224131604946,0,yes
241.34722320849917,394.6230840660208,124.05343205534376,226.9022650269081,0,23.482883658855798,837.1209370206006,17195.970995178363,944.8149075243805,760.6914600225246,214.0606492888952,795.5350584588475,11432.072838414637,304.16624763073986,604.237942941523,0.261378211883198,8.899811972073495,5.216034937463729,0,yes
266.8718269198751,257.17362858912304,322.62492237840866,270.15560763657044,0,74.54938823271053,905.3274853107755,18976.177060017777,950.6776953357015,326.7395030314737,575.2702411700609,800.8376188964193,12251.128110305563,245.27102374596268,684.5659522621137,0.2644103246841198,9.80613295129597,5.522755739895967,0,yes
204.2544954589248,244.86067552661262,307.37433604970494,261.8276145249386,0,52.271803871634134,739.2862578782263,16744.23949329904,984.7697448020112,405.13576627827905,563.4383495201205,963.8754176489465,12460.40201436915,466.25012134848004,752.2056073226952,0.24405658370365885,8.657656148382925,5.778151402075095,0,yes
284.2568811746941,211.15958927212824,389.05283041698317,276.694106575839,1,21.552781428857905,725.9240822083026,19242.95247703004,930.4495631893241,742.7427796463587,194.9179513240199,779.9499600451396,13254.70026823883,365.79863928252337,789.553612078527,0.26013769971942186,9.896577035716469,5.982844722544554,0,yes
235.9289080985348,242.2612978507095,191.49580753595885,245.04638505329325,1,32.6176501206281,894.1297010617657,19620.5673942523,997.1448204840165,578.3201161845737,372.6599768518513,824.8863955930801,11030.229028430942,545.313839677646,691.600926492421,0.22201406797518308,10.13220705631367,5.171665654700264,0,yes
271.9789357991873,171.4877629257183,378.74239487258336,249.67437372741102,0,79.04299498077086,907.7916263351156,16656.989479726955,961.5478328536291,576.6458830839606,378.47800308147805,764.4739744025818,13888.467769315763,777.4265459558777,664.4317387584448,0.23847463666823743,8.648596521058847,6.380637689336965,0,yes
229.86355936704592,289.16061994690875,378.54609597191114,246.37602048153985,4,78.30609460304564,600.7692552564216,18185.168195679296,930.8351565059205,751.2714074160299,239.7897268369851,711.601714406166,11649.114242400294,865.1307468795375,776.973489491786,0.29542671359812,9.34034920388897,5.5186896639419665,0,yes
272.2749358539769,398.60009098581025,202.50456917251125,225.95783606016676,4,24.45927178709382,767.6918670272671,19447.211358348482,969.6071916044665,464.19134358514526,442.96069919206735,920.9728904880462,10025.366568781059,559.3083726043783,679.3122073247739,0.2985049902764172,10.013340733672646,4.806130043805524,0,yes
201.50040646948594,123.36322017373293,357.3364733182516,221.96340528190373,1,52.08975950658038,687.5497780349579,17355.197859728854,946.766490106881,333.1339413304185,601.2736957349603,956.0957092201677,14815.587140754877,718.2772986497474,720.2352829500032,0.20110680587937277,8.946492524911191,6.808982821387534,0,yes
200.74848242213912,370.668834807272,132.39455251282718,202.50674325037394,1,43.942075307516866,881.8500110655395,18367.382953237502,939.6926960996768,387.2432967557618,597.5902723163576,713.0084730842325,11739.608470588546,198.20925858361676,659.6772700152618,0.2500303655944883,9.494900275697413,5.272299578043969,0,yes
209.05484751724111,366.4671876581747,194.7729996190547,214.4954558164855,4,25.485274380679577,923.7144229980155,15258.053066338216,943.4997336901208,482.25106028194335,444.06524866610613,919.9145631628282,14111.798044734503,353.0441880328068,735.1978767309585,0.27395165274673117,7.9502713181773315,6.3677746952618115,0,yes
254.25142027150525,332.17382285861777,242.39818238434086,221.1483863884663,0,62.31738995887157,970.1317126717065,17293.52958967337,907.6174073663119,647.3117896567293,341.78071757789235,740.0098228371783,14153.516114727787,778.3149826266541,797.8555557485693,0.265429175635317,8.973732219517727,6.499605893816675,0,yes
253.77135015282283,153.88850544943685,239.603766955543,204.18839150352647,4,97.91780303901076,822.3104560553668,15930.266956856982,939.6277355783129,197.57793576073234,759.3193505201821,709.1996310757185,13241.037312408544,417.6133413322279,796.9514607551376,0.21058001534586168,8.262924895287144,5.973439883857516,0,yes
222.50323953782657,365.79794364295316,222.702492571657,227.7888064063741,1,70.97952755590215,653.5033380692521,16447.178068513607,908.9341555502594,710.4163845258804,241.21047355350765,865.8065357507744,14913.23387503874,329.91824420931914,720.1979742528158,0.2773446777746091,8.47984364425642,6.658942733567085,0,yes
262.7407903111359,388.0115178094812,129.99430901359037,267.38200287248424,4,71.69904074018837,932.0361349174734,19964.955650028256,973.8390196353171,126.12212880027036,778.088304949447,889.0874637441339,14068.100816764156,348.4198332046384,761.5378788706619,0.2927835315736123,10.30980286739463,6.3365942740553765,0,yes
202.16894808633492,335.19968006711366,259.52258057553536,264.8006560159805,1,39.41904859206368,689.7094251783778,18464.810850920458,982.2747974934894,287.1263781684637,697.4847129479459,795.1869924063622,11154.71053013212,183.5183329071085,746.4488575679367,0.27333783190893113,9.506671500366124,5.076759229579871,0,yes
209.44381722529604,239.0460731798919,376.3184832517504,234.23713810627336,0,57.82964811584498,919.8594623380725,15042.095730911446,973.3350703280437,494.8216478837629,419.68375250658346,829.8406278069917,12564.514209418721,537.6430644227203,688.6169247294172,0.25135497644249133,7.845524395442762,5.778899071401475,0,yes
227.94775368632006,206.22146865414987,243.2864084300836,286.9115922277466,1,99.42533074049193,644.6056837047554,18007.18842648212,932.157887573326,435.96637354288913,542.4344297686127,716.2960556856607,13728.717765874768,113.71884578889579,616.6117340053833,0.23372023418258944,9.261082382677996,6.028936427784243,0,yes
216.6364526010109,350.91464680487553,296.7102773552052,224.82184334992212,1,71.13789180563273,910.3235743027055,16641.15075401916,991.325763283394,696.6165920115012,223.74908234740883,804.404908417476,12531.876302405282,574.2457520244233,625.5428632528535,0.2848786724183503,8.645370658069025,5.762837840574046,0,yes
227.53568909813634,160.88583653500223,343.75581494688595,262.484979798439,4,74.31232733052721,722.8801921644348,15499.993749202255,935.2514891147184,268.59672938877566,633.0448625775813,864.1949657962193,10828.14903298367,611.0200682194593,753.7892621928943,0.23958433157589895,8.025084341552747,5.134315369653142,0,yes
276.4084620484764,248.12257107245256,391.09790553192886,201.41580389437033,0,28.50697325040268,770.1459342466383,15797.739663570235,948.8093449037608,221.32183015020354,736.1834347473534,708.0701085892657,14095.833038840723,806.6654682687961,771.7030077101192,0.2561562395405647,8.18628404154023,6.467237418607367,0,yes
274.58250406809884,376.5294313235537,374.8535263413982,267.06294097601346,1,67.13481555673872,783.2767431444338,18285.40495170594,988.8572345826755,978.9467030885261,15.068227562556899,934.4863402693322,14255.311742628452,428.62806910968675,740.9522643065823,0.32602362432747134,9.43856653060225,6.471337153925926,0,yes
231.9980590995093,121.68680071576358,282.0761114105069,210.71247125719256,1,58.975060503208574,971.4374241792468,17860.09353227011,923.4167890608591,941.6635821596955,51.50834038211053,797.9107245947359,13459.80130605903,456.9085748822192,614.0035558795669,0.18784977823877946,9.259473916532697,6.092997551773245,0,yes
235.37539239897706,105.3492856136895,101.905188101878,247.46262093864692,1,82.58770133058391,949.722900283603,19316.91907418874,995.9317442191468,702.6037985875143,220.02491834211162,904.2330886667329,13497.591787868212,202.7082256925481,776.0367451284244,0.15602605471272568,9.992892365465943,6.0606128909239745,0,yes
208.07741448956142,193.74562556251658,160.23139322701962,215.63931786613352,4,31.470331611505333,860.4246174554794,17783.54914261704,965.0686481466172,685.1980724646729,299.0404754555276,720.8898568336786,11856.771285276984,887.7169483869097,708.5696315628618,0.1988122872343649,9.201634675163533,5.6044748440576875,0,yes
280.9955615647383,242.420882747513,227.97496562299364,231.68241380129837,1,96.15336201657595,707.1997884176969,16212.40795265923,925.9892692239118,339.4309397520187,567.1516091066694,848.0198411466315,12702.704687529576,276.8933556249008,730.5409117065251,0.24038944865501802,8.376566509483169,5.741604462610422,0,yes
255.95560734942723,191.50805789272323,231.63001370639518,255.2637648224994,1,58.080558494103656,890.9473488552187,16551.560364988174,996.0099670971144,109.92929823951997,811.4989760018826,908.8174337576793,10259.27729335284,306.86486092286077,651.3708345914479,0.21751524098276578,8.596824197736483,4.7921360708732434,0,yes
216.9804061521496,150.72569626529662,347.92440600767793,207.48958036182742,0,31.09182205565551,769.6388011899519,16752.160125249877,926.3384748175301,507.5480012300206,488.1583213163572,789.120093407379,10837.83601531654,825.9473051190458,697.2988439613308,0.20258918707900075,8.66029792056316,5.199587246484758,0,yes
219.54571030536627,250.04838490760147,147.3146992782721,282.8404163395869,4,88.4850932275176,852.1514678367007,16571.312684407574,947.5436012135051,106.51588225436417,879.96711257432,708.5288210464073,13047.247185610868,594.6030949878586,623.5573874296092,0.24080536643388065,8.5912383729301,5.947620679981211,0,yes
202.41764465568934,298.87683502702714,305.2208543185776,255.14208249422302,4,41.95302538209703,624.2379551560189,16595.214403184193,905.3098698884831,240.1150771570332,704.9961001616599,886.0069282114557,14095.28623590635,557.678464623027,781.1166356165214,0.27836649359568594,8.546984209880458,6.438149519154021,0,yes
208.65579217392784,284.5425216627475,265.51526090424994,212.29970838021296,1,23.61436204023726,908.9586157370848,16515.140972249577,967.7963848598836,73.04110131450561,840.6508997349833,902.648767997096,11837.984945455626,498.51142647922285,668.316944490746,0.24260560606228732,8.578799711040716,5.4989763581706566,0,yes
286.12767086533984,365.02428504193506,313.8555027810017,220.59564398587713,4,54.42897435914824,851.9292599437254,17848.61382387188,956.4007057021007,234.8715456005214,720.0811985638227,934.3344077916038,13810.08836431211,897.6476658823458,697.8579838606571,0.3117933772217181,9.231057724271059,6.469693866581827,0,yes
295.7155035261951,122.54800686940705,194.11472922763818,241.70205772647142,4,30.30040419205159,970.5129826743677,18004.59494044047,998.8088724455572,716.8273358710959,210.76980757678734,903.9887028875318,10069.55446207835,865.0542078871084,697.2265984282078,0.19325832085630995,9.341905573690878,4.944464693506729,0,yes
296.6847216204592,104.20043164010886,269.2973587002967,223.77256725102325,0,48.56439026098002,913.9667229899815,19762.74875571888,906.1240921612917,768.9616854104513,151.03831393115365,996.8485865374548,14128.745654271708,520.2585525753482,760.2708750059694,0.18378825358740433,10.195280847799403,6.474679923909161,0,yes
248.6356711295786,150.26438791817205,196.8678538825389,288.7164534453042,4,44.26880902268766,908.2959023516573,19091.677838763673,930.4437441281447,238.30625033956446,739.4662998991039,898.4208225082242,13340.840478325192,151.468478814847,704.6189889073257,0.2100941379108019,9.86178007902252,5.973198894790734,0,yes
271.98008556188694,129.27635594590097,167.5689296827764,246.93640554212377,4,91.11247842879236,630.2601039581787,18007.341408337143,956.6826179611855,344.6985264310045,595.9853824183447,704.0232846467401,12566.814911834921,356.08826204358746,744.5261966441477,0.19632571460773116,9.261400492311754,5.667850606520062,0,yes
231.43816617491007,304.6384571653091,283.36257463480445,248.57001814666626,4,68.9708291418915,696.7647818956727,19866.894780282517,991.8308656552908,796.7430521000013,199.06569402154082,850.9633078971235,13316.188429219874,626.6319570484554,645.4891544875667,0.28204512431575984,10.210587650173402,6.1291443435342225,0,yes
215.42332771308173,110.04449959694917,326.75904455290254,284.1490235561075,1,77.49895824143337,708.3197215168595,19702.66970525813,981.7417503747893,577.8848705204325,371.57478755991974,727.405146328375,11537.232365503365,787.9018707045144,673.2908785444437,0.2070524442654579,10.1296190654089,5.429890540114665,0,yes
285.0120334206447,238.62463988401302,397.3564713794077,249.3319954913474,1,59.482680094310055,847.996418592493,19273.11368407124,925.8094606549382,407.7871401517684,591.3249144329682,983.4051146194179,12886.18856037856,596.4360623082437,756.50358932621,0.2721749244709741,9.938221439323701,6.013152721548165,0,yes
225.5806824607645,124.24174965581585,298.44778624138644,230.97926969027995,1,90.31329240651328,974.612130501971,15235.14341032122,999.6395316543311,164.18648910536078,735.8927532836364,938.6940888652443,10041.183045274352,575.1674449511456,695.314277092384,0.19932911690515237,7.958239130173636,4.827031923453873,0,yes
266.746118382457,227.3040836513144,310.7222230645002,249.2117976574945,1,94.95945807910465,996.3905100043855,15820.61213659718,971.3877416997416,36.55297150544542,957.3443379334298,933.8252096201888,13037.219688242347,552.8600252337391,637.5785494315622,0.2524439293874044,8.252087963205366,6.019891981603415,0,yes
232.1520879372667,332.80423514184486,187.1591804404793,206.19947602188344,1,64.70604763735085,978.9516317075118,18633.84728515,924.3935799371869,227.96527789097382,702.0186913489197,983.7257543428179,12800.600052601367,852.9844447202454,665.2901946007937,0.2531506750265258,9.648215738695413,6.060073960455756,0,yes
206.65275346571374,230.80188315221682,335.7620992547497,286.9773003073639,4,57.880344287417174,912.3221910199701,17480.239656347494,941.2357832251028,214.37897602743521,721.112379150372,954.6454111858919,14634.526661924298,358.8224601453645,790.9229482578226,0.2661481907989589,9.058457655986782,6.601748476847993,0,yes
299.29142195543864,215.54408647909477,260.66777062252197,298.44453580879696,4,52.79277979792997,708.5100861144638,15409.441558211569,964.3108945934222,912.894128599729,19.685466955367588,900.6920987560713,10108.79925653097,285.68683138954106,659.9760772613413,0.25839613678047174,7.9806383285217235,4.722879316377835,0,yes
292.4251471312455,259.45236218598933,129.8809630961072,276.3241644870896,0,99.93001394128787,971.5233446191969,15010.157578964052,981.899937869786,254.7038369490484,689.6237089862689,749.0564970530199,10311.299543734289,337.2758847812534,752.1202573600127,0.23443463041521115,7.842574909753532,4.777642325134133,0,yes
291.1351792395716,170.50933241452014,377.1330831318765,259.9977989087293,1,73.78213991015875,600.8707546195002,19180.46164773128,964.4630626518931,889.0724803853127,43.08117674804862,769.7061285962217,13233.62450231988,820.3620044779276,619.5945176082034,0.24559079249881052,9.842641668165923,6.1289414725330085,0,yes
298.897456322395,276.3507868905539,260.5273606402109,289.06431521894586,0,54.60251586457419,864.3999603605268,15862.344042501816,943.5058741897063,740.5749377613099,194.49220064517783,908.5794472154084,11550.936641220518,448.780520915649,613.2554853659364,0.2649922268386418,8.238960370075413,5.36235535168017,0,yes
255.79027023844588,215.88900292146997,366.58734919282483,212.88981895054846,1,27.427270865853295,851.150271230661,18425.05095827492,959.9871924173164,737.8321205208218,261.93541347832684,964.9809613821033,14771.170737694243,840.372871532182,602.2690698825783,0.2419106546794235,9.519595015174973,6.8371450478522835,0,yes
291.6346424145786,368.54540709372253,121.96419776525738,291.1382459788963,4,53.74088487039017,644.1675046484089,16538.283896170236,968.5409781070066,201.6325198294368,708.2777868834287,821.9499127874836,13785.607267157808,808.3339470192029,654.6059767037026,0.2895433504872306,8.531539630024675,6.367358728541511,0,yes
288.09985363361466,167.95984086832465,237.02768310200753,235.10804420777447,0,73.11141031424725,667.7060891724485,18866.166783835,964.5283853712505,324.16192711892097,619.9486138996846,810.1603711272448,13675.524632105526,235.69534687974487,763.5203300701257,0.20710302821826798,9.700072684390507,6.108628823575407,0,yes
260.8850438829282,134.13422570462143,231.11038099077732,205.23715809243646,1,90.25847407397177,866.4044776993519,17671.646664562897,994.4106500205569,448.1811270548069,538.526942546019,873.8262736161282,11372.17193331221,347.53237190269715,749.2044559282702,0.18912583929365626,9.151092608003196,5.261461725404875,0,yes
207.5023843753217,368.33984892734117,271.72095537210726,223.02785369986282,0,20.24713293907677,631.5695041899063,15323.469189159476,906.391538958335,430.2081346810354,478.30168522370275,721.9790133997151,13731.023119176874,208.8456141739713,633.659113241016,0.27494258367354374,7.912856012503154,6.062807134394734,0,yes
234.49521744110166,176.71795971527206,375.4518161969736,216.4483479926145,4,51.74647652926673,624.0424318867312,16198.674066428808,903.9013441875038,504.2738551769114,490.335502130014,945.0264623783049,12694.863145399908,456.45859233863024,769.7692317911154,0.24109140546206298,8.348479373211214,5.866421569838853,0,yes
205.81983647939197,106.32322561023612,109.07851556129064,263.70874647081155,0,32.92247679735396,620.2089452308355,18623.652933308385,956.381593165718,62.78390158251088,851.9090800621296,910.7642766096515,12858.348055866934,402.5991216034842,611.0767658102425,0.1471242398811935,9.567326327274152,5.864647891253642,0,yes
266.7304569868931,370.7234865260203,171.9765318501403,257.6101834487827,4,49.14482672189932,956.9655039443571,15205.68664045135,908.1541799039322,730.5587487307414,210.58081189768882,825.786998371192,14327.90999905834,590.6575306549089,644.1912479298031,0.28997996062110654,7.926857512629748,6.5016551552093835,0,yes
289.73843718044895,361.97278014873814,150.48778382928043,240.66107506717674,0,58.421909950437836,637.0024143974234,18127.479032443465,934.6564106947422,506.82612973487284,425.2395615159741,873.175439572296,14599.448578884556,682.5721820476792,613.8733538461637,0.26687171793820164,9.319911536674848,6.660784217473409,0,yes
267.80392867231814,368.70782161471755,153.5066997486705,264.2398632689745,4,96.98476623322522,771.9223900090517,18257.71431311833,994.4243623401313,284.8244466990777,635.9320283695164,760.6707566140037,11176.309314797096,739.6165070872388,657.9223198939021,0.29295654226040224,9.422967528791071,5.273558076170623,0,yes
210.46143989128367,390.07234828647876,323.00989106227047,240.61542587385804,0,81.06721917032922,805.0134476377893,16020.504683837742,942.2548343953391,52.714261570466505,936.2240904598086,962.475304040485,11227.411187413763,380.85908599573884,695.2355343811512,0.3054293845622257,8.304534399765735,5.245513205696156,0,yes
266.478448883397,395.83381299540287,397.15296960923695,265.7737568441512,4,57.613141287327934,708.4534995246999,17013.639351271257,963.8018524874751,207.5947115507015,765.449057065402,982.9712674136001,13407.005400182159,297.2041354929826,751.1289131106903,0.34772466170445443,8.782654552280352,6.097286904396818,0,yes
218.9072496328972,232.93290726104783,151.28007039216848,254.6595960296075,0,53.17628677009742,914.1179455320025,17104.101957673858,901.2799780870831,676.6709603940268,314.903658793752,731.0056956286155,14274.41199277587,150.69191818373298,748.0889281992443,0.20859619360935377,8.86533132591407,6.28701972889515,0,yes
270.3224053915544,274.11951965554033,317.2394006487539,218.90789909025284,0,96.52514397580545,808.3992702061911,18702.963229283352,984.3776645989816,905.9669937350525,26.384537620835317,772.245761245564,14980.565221404102,595.2207866766071,752.8288622853324,0.26306231082610254,9.65232980516492,6.756252775874993,0,yes
259.68625430332895,337.06204550986865,254.6160403207948,233.13006034452565,4,93.9874906406716,801.1988652910967,18544.692850860687,993.0484180849902,418.89879635345636,521.5582890953845,865.7441694399062,11382.811789829553,499.97748466603645,671.5684248988306,0.2928940182104559,9.572787776692815,5.306824596950728,0,yes
279.60807780822574,351.5468838348024,204.09500698887769,293.9900373530305,1,93.61137296221588,788.5184141174012,17934.664893228644,992.3559131741122,918.517214845715,71.28081083731695,918.448793167594,14149.065477276414,107.67482489313326,787.2961083631938,0.29122994688155657,9.26484919811722,6.299630239115579,0,yes
295.02446541748293,343.8648059620926,174.60882450661146,207.66305251188908,4,53.533791710600845,796.4298809286349,16140.005882739124,942.7157420553416,295.0309274946704,639.3085995673214,968.7955063245063,11247.640607379697,142.83761057853565,728.8775499923963,0.2739085809609579,8.362431832188324,5.15784320378264,0,yes
298.8303462234801,279.3267574997682,242.5577149668956,210.07781140948015,4,97.69506022014323,761.542890931207,16062.726034127747,905.2302968693074,68.37095328835818,903.9964136506223,901.495683131133,14339.00948921178,436.60276484915056,776.227272346759,0.26820122912476124,8.310898459982756,6.496507015112477,0,yes
227.71802300518425,201.77215532862544,290.72972335510434,232.6116404052443,4,65.50072445740483,969.7270206867731,18100.52138222481,968.71666628482,508.98494411059613,481.3366281988322,796.5677608301714,13644.475425202034,645.1047358736573,663.4329305034805,0.23827416959700162,9.385520847622898,6.247681735950643,0,yes
281.6332615430838,397.8756701545894,217.85367529709396,202.77749676347074,1,56.41077412797165,720.1480990483067,17211.453328597592,991.0761548460229,255.44753638803138,645.607001100209,859.6322600525087,14180.101884298703,896.8904632604155,628.4895262595574,0.28984975184833334,8.887910513782273,6.571025205262878,0,yes
205.8303023576502,249.63482348178107,103.63101764314602,279.59409930355537,4,39.51648908377894,925.9173717551412,17919.724975034453,956.855931193191,548.0390389489761,380.52693548977334,799.6523933367833,10895.058959655566,720.0364842847553,790.7463274377319,0.22336650632233424,9.283447208222173,5.187476811727114,0,yes
290.94794517019136,336.79055107513096,393.9027585526603,270.37741001972074,0,45.58676867778448,973.1002257935245,19874.640434007022,921.352202416353,827.479137295792,129.09410576406253,758.009701449925,13730.151973846565,551.1648814012965,737.7661351321433,0.3099650069145006,10.26684773931776,6.234098493208394,0,yes
219.58184397438805,193.81575318306835,318.42903800356123,269.2252577070988,1,91.4492277988253,746.0014576033868,18980.01693881298,968.1567677065395,162.88826353304378,776.1013708082546,918.8628506985367,12497.771471471604,746.3345426994114,615.338207350585,0.23818949400852263,9.774733593295823,5.865034196069499,0,yes
265.4622532963544,285.144698218912,140.4017192240699,268.7391610420372,0,31.90536144967913,806.9780218778028,19998.974445248226,906.6146823954873,9.597566434237757,920.2289355325497,863.2591267618766,10633.00298880687,209.35475192116905,706.0695450109628,0.2333320606073071,10.289329503101449,4.892744941192292,0,yes
226.6370129273276,298.93397423349734,225.64440032769238,240.99444358297058,0,50.18748922590998,812.8746170168678,16217.257170814062,999.0828689688515,171.07741594421864,817.5858277911958,904.941852417086,14358.39839816606,110.3843392194075,665.1023307008776,0.2477368979378218,8.412517183068966,6.362701692789042,0,yes
268.023077600992,390.580711074696,251.20174825898508,287.0226629389277,0,86.54323431697014,892.4341902112519,17714.675100519606,916.7890688557317,456.62488739064656,444.0019798861359,882.0416562132643,13940.785920303922,321.4620306585505,644.0751049817346,0.308515788898148,9.167807105961723,6.256071855005094,0,yes
266.926095828367,263.12234271196803,192.7114785749036,228.4719369289821,4,22.426603620694728,821.7719260936444,17966.864761672565,906.8217940970064,862.5636784608189,39.736051382127584,856.5592945778584,14904.29214143876,883.0677776108101,600.4540022681279,0.24192564634764654,9.276613354738519,6.850455089413303,0,yes
241.6529081932407,125.83294177848103,384.4158842772378,252.11278115166562,0,45.57954673413309,886.898460424407,15898.19482516046,994.6009854126083,466.3605769190468,444.5518026677846,878.5720221275028,12906.572948683763,626.3637423781825,749.4596644902344,0.2137924706526227,8.269028136717589,5.978262443683108,0,yes
230.60543403525048,156.34729431701697,120.85138283759616,273.89845417333026,4,51.311716730402914,929.7005254392279,17390.91050908321,978.9764960432925,807.9053572930989,110.39683080830696,703.16980704772,10552.565199016824,204.43691380208514,619.9754518486185,0.1929670030776932,9.022957152631264,4.7816865258990555,0,yes
213.0713409011785,339.53196136404335,150.82694084978002,218.11844502565089,4,37.52992646014924,985.2940396968233,15382.382521377462,908.3136984287274,870.7737450914407,46.27030325683768,820.3077844110128,13207.00829314488,817.7959869612707,686.551303432492,0.257133627206359,8.02174881405955,6.1442196136386125,0,yes
223.03626449510796,165.58917638547894,385.4049391450947,277.8279764841014,4,82.99213223908474,753.1418921602858,18596.9111191759,903.0792919749977,375.5619561981488,537.0699593472319,965.629116264741,10865.604902846962,157.92646606818596,646.9948260379227,0.25338723882096936,9.575834672280605,4.996040547362041,0,yes
225.0838498085865,329.720112943658,282.2160585013793,213.53081735908302,0,46.9742122402502,775.8371546654496,19213.91114343207,923.3846285461134,893.3526625432049,69.06353791861852,847.341056717744,12026.217989348997,439.67561519986475,606.4178769794535,0.26527291119784396,9.892146846647663,5.527200171931484,0,yes
260.21076731845744,248.10576651698773,196.05910534987126,225.03135254121685,1,56.551837416872345,984.7514652901062,19818.5550748226,978.922658341204,56.858290023909646,899.7706723512595,961.6672745448045,12741.8602149342,325.9942359821611,694.6389011464377,0.22733974312050648,10.249411160293045,5.824480705555825,0,yes
233.55455254236895,385.96559229959234,313.5581790401594,248.3335679509836,1,37.32354091815484,757.2343156071468,15690.618994366108,976.6638027181226,60.71665990501667,897.8086829539055,970.3429691244819,11529.404250041865,699.278781044171,743.6809702240516,0.3048571288777284,8.133698780981666,5.4990322182590035,0,yes
213.39806822965676,392.6756306564579,333.0803728385946,280.85830886664536,0,81.18970819891301,678.1985320377325,17121.85024427661,982.505529103708,387.0547360789397,572.5804193785061,921.0566599132326,11418.668293028188,620.6074676787676,654.5570472208159,0.3169194412124607,8.832697475284311,5.391949066782061,0,yes
207.9506939812827,109.05262163444763,296.31714338302584,242.930244363773,4,88.37119094113406,881.9790292764777,19334.321532837854,942.4158336484538,295.5348071282984,615.7217193191141,790.2339951721449,12549.004574058643,301.63828994508054,634.190430723053,0.20474752663744178,9.978772714489224,5.654863241235191,0,yes
284.81712526556674,240.23464952696122,352.34426595581004,282.41842716790427,0,52.580816608878195,740.0530598355018,19462.64828072696,964.8110924766385,91.61370144639211,825.1143845586782,904.3699542399665,11997.796938253727,433.80170447728733,771.9964386688107,0.26554150052505604,10.014271303068861,5.551841114538107,0,yes
209.07766107193643,324.9216137309099,283.85074206072113,272.1157482689911,1,86.46137148628442,623.3040062905563,16226.698445128046,968.1460456701448,103.42526073815952,839.995363057475,840.2048034210738,10744.118313288456,821.3641357743013,743.1131318200601,0.2823409962096859,8.371144837122092,5.179543171130955,0,yes
247.5225807179889,361.5905036166397,320.54165680816675,287.07854509231186,4,22.936638684909116,767.8596755064731,18441.625376337568,998.704162753089,970.0037701225401,2.9193405886976507,762.3134147083055,14029.882954019524,348.5474219508338,763.1194296714824,0.3162100465881803,9.514614560352825,6.280290771275367,0,yes
262.7121777288772,142.64151139331415,149.382925656696,248.54796965176752,0,82.43943266453596,995.1608007220741,15309.242054646644,914.3276490087912,480.0984565009616,497.6654400221384,923.1053127595995,12040.64722198172,186.12394004491924,638.2561034878299,0.18009329577964783,7.9882799386561905,5.468134257726415,0,yes
293.2328410019156,157.00456364750465,363.2329439783755,201.40303275637442,0,62.54434273526357,838.0156286138716,19986.033736548532,914.078157263274,435.5129315535254,542.906297016528,732.1253250826886,13233.619852050208,272.8342807815101,798.6747453635378,0.2205429049898393,10.290832804531862,5.924933029446038,0,yes
272.72188943338443,283.1557847100996,241.48389295819993,293.488174300803,4,20.153842194015787,933.9100602843001,17017.957418179783,970.9508682429699,290.62002738604866,685.678273031089,724.6791484049554,12143.139089726581,201.00395079669255,661.0103038074159,0.2731447167650275,8.836332941801304,5.438491745727356,0,yes
259.3348535226249,113.72697796890606,213.8132022670982,280.16292933905686,4,61.317338331589184,952.727381184261,17296.18187061738,910.5403836661809,713.2230339245257,269.3539851555146,982.7765500513281,13743.863945102716,221.8956415610033,684.3612983133748,0.20065361146176705,8.971458303968744,6.19431545772841,0,yes
257.27810971232844,128.66810935523793,203.886957745948,207.08349214916962,1,27.602897302626985,849.2743894671407,15259.48565042082,989.5877707941736,565.2447679185701,358.8156610060189,765.8302273885844,14687.58419322178,148.24805926531175,604.4968511859837,0.17353121220959777,7.940481686653651,6.437051632583564,0,yes
292.16387420091894,177.57554794805435,197.96160535542097,204.66510806778717,1,21.609274609400806,892.6485160377092,15165.998082783497,974.1474308924481,834.7549717328769,100.36867649143869,834.6112817575097,12016.38655911838,388.5484387881359,601.6535211956508,0.1950889511706839,7.90140062510941,5.493350610153533,0,yes
272.29257400707155,350.5227679234472,190.3565133565212,202.92339329199376,0,39.596576043704545,661.8919817931062,18490.72180806895,999.7674671971283,884.3224850497248,93.80216569864035,962.269236337916,12698.274918983776,522.9504769705995,618.6521157179908,0.25814220004335997,9.515955995927044,5.879069318608531,0,yes
219.14491031874255,250.18440534066937,307.33265453382353,223.87560111702953,4,20.66745921214924,667.8288436886114,18490.554080702317,933.4038201517146,309.8081612233138,686.7645786621599,952.7563960261657,10032.253054703098,135.6181100506201,641.7118992073628,0.25249475288950846,9.508012622743449,4.65949333918624,0,yes
229.68519873253166,199.524053789601,398.14589801280783,236.37931696384263,0,81.3994688172579,979.5060236298028,16558.70464669505,961.6462387452398,351.56838239088574,621.9760513962196,765.0902833134313,12532.25383442597,753.5854828798743,747.676351911049,0.2458591458214999,8.615889802157714,5.842396780988026,0,yes
220.00191008226295,152.2011228754252,254.01208291896933,287.31223013633064,1,21.057984213865346,697.0125268088378,18394.172385226182,993.0607184127705,85.51785665190384,878.3879544569023,706.4200712849652,13543.884690645049,543.3826989704299,736.5956202266294,0.20348193615674817,9.474451510652747,6.136698238700472,0,yes
229.38801916425385,344.2357033582222,277.7528698671976,268.58221791195075,0,47.36232521481231,700.0656997788618,18054.332166625318,981.5968065117429,326.61179977425184,667.4853423141602,801.4666977727599,11236.201512402533,766.02826372002,635.3093148471241,0.28178921599094453,9.30361406775642,5.331539459431617,0,yes
298.37681278012855,182.3646302766707,292.250643405782,273.94450035272695,4,52.14507911852715,993.5657998616593,17603.761606699893,944.7043384548771,679.2083941429902,258.85847699167766,856.7128241140642,13283.153036836278,890.783657134971,617.4365177513461,0.24634355502540609,9.139333052343087,6.212253625837195,0,yes
278.2620882594132,231.29649255016267,168.7501901973962,260.10794246999313,4,94.67492855074376,896.8784782596722,15643.762228752641,939.2242829556434,769.3044216370481,226.17491179453077,775.8673702338264,14845.553007634368,269.5934569388394,770.9525408479585,0.24124772778623177,8.136432266076516,6.58456632822649,0,yes
204.69458537424924,214.76637288212504,172.00073030955747,283.28783270803604,0,32.67635290294227,609.6376261223071,18188.650141116625,938.3432899315611,391.3587921252716,576.0122699981778,861.905486454679,13070.536638125652,657.5569344205803,666.9007590950662,0.20682883403165572,9.34504611090425,6.046502613085086,0,yes
240.72856556096505,245.98331459532795,240.11232735886833,257.8457135414465,0,99.51736144864796,681.297858481923,15531.624786391405,928.5096883959776,637.5641336543712,358.2188553269233,976.5063033410283,11320.581223840405,286.5329744992082,695.2323492131109,0.24080337947550762,8.030828731518193,5.251612208017621,0,yes
267.8126176404817,291.14766236739007,337.17892413693045,263.89849284807,0,98.02725493812028,766.5577104267925,15024.846443537155,947.1544902273588,478.8533468926507,510.72806721531634,895.2233648460688,12810.043767791738,784.742176480113,698.1130639153453,0.2827308750069316,7.798812820541666,6.013687335926693,0,yes
269.86015351734306,164.74184081722024,241.7468912363511,261.559942914458,4,81.98564485071589,653.8979359501986,18483.02499224833,973.611309665381,241.45354269191995,740.3817486420919,876.313432384318,11615.746451574765,143.2378543868639,736.4245330738996,0.22685610978965812,9.506735588742727,5.275797055239998,0,yes
265.94254600800843,152.89244678201155,364.2707764828039,248.48164200667486,1,52.714208363320616,834.7975209876727,16884.407774580064,954.9006960353277,926.6829647149672,50.621710694431385,832.4115919112372,11014.351199367673,211.27469764756705,703.3917881517391,0.22782963373452902,8.744895910689875,5.039895259136803,0,yes
233.3681095872431,210.70295137906933,144.74883569265737,217.6172189399308,1,20.79600860676595,838.6866024988576,18514.69237708181,974.2244321537516,727.665102567965,212.7240219316502,845.2280466932903,12495.345365745334,803.014241508971,668.3836679142396,0.19274628969541602,9.56357739848204,5.8644184743349905,0,yes
216.29678834644122,134.93032403297613,304.4109686408583,247.00135657163196,0,37.44786542910583,921.4189260389879,19335.83562230744,983.3008079593552,879.6006239175634,106.63898039382809,950.9018853692619,14351.936952687702,178.6468515429246,799.0916127081706,0.19618321767643662,9.99412837635436,6.423233963440969,0,yes
212.96733564144117,300.1310438789442,286.93486637008556,236.2404397366672,0,49.905364676636495,750.3146479629172,18074.056216970697,935.3950248713304,436.50822822034917,539.7675774833679,736.7213953037758,11345.579320459852,633.2150722880288,610.9752557143884,0.2577615546407839,9.31820018575549,5.290620491003807,0,yes
268.3773877129919,259.7563891552441,341.9263033509403,296.10900718911137,1,67.80891729622668,827.7119443201104,17554.833795663344,977.8916946606822,824.8122349711217,121.3352083546664,871.2054591069614,14367.916766526,791.3627381208929,638.7168596381216,0.2778374665239724,9.08169164821017,6.616078712230509,0,yes
239.18289138392245,310.7805840241892,196.06761586564684,201.5339145133011,4,37.28120874723413,818.644202145125,15312.198794407243,981.2648044413343,563.6117575272488,407.36242663265944,836.0435606597387,14151.377426790776,728.308207059406,765.6687216680284,0.25463095443274375,7.958808804018719,6.5103552525970505,0,yes
208.97994710703506,349.6263280569731,257.5779012972283,288.47706934117116,1,32.61984995367882,830.4525289324794,19553.208757346896,970.2486509006515,33.82815007862019,904.342119522363,804.4509967357426,14222.142335088382,444.65994452281404,644.4220181457864,0.28345979125754023,10.08043756447536,6.392037240267662,0,yes
288.9158075760292,177.98960002817458,217.57612263659723,202.8130736613479,0,91.09226173289544,637.8594929536064,17859.588792500508,929.0622735242769,197.66881342265324,745.9578952066729,957.1137598051513,11395.774282400482,432.9805657073498,741.960096723087,0.20313005880851062,9.185386472610764,5.331490951805835,0,yes
296.13328220606445,212.43712122519906,208.38427290134663,222.78853442128505,1,80.84072025514058,809.1670802462838,17536.116693490174,975.6586829655522,886.4539905534043,113.43123972620629,919.6773092057796,11420.118779981918,476.64239080466257,652.5584574791819,0.2226912797759789,9.067871739175176,5.339698692754214,0,yes
237.27583899516034,384.7176910283257,218.3617039034704,220.4510774384798,0,99.48267351558974,743.5824178582641,16749.600981336975,955.2621339679415,561.4981184138142,409.7672422721877,711.9661224316203,13797.293080581581,335.67819231293106,623.7791028323178,0.2840273770697456,8.657212395888978,6.143367756021729,0,yes
261.5784053337259,348.53187877475636,299.82806502548306,208.47105248042934,4,69.10259649231041,998.5685585154033,18632.6329792045,992.4744318579283,534.7531335687149,390.30262158528114,986.3281681465392,12596.007655688096,272.2641864022415,700.7781012471384,0.2987027336870057,9.661521366726006,5.750986266310294,0,yes
298.23972280990233,148.17489674112315,137.94130440565692,247.4531349664477,1,48.69173400768599,932.2818206087929,15567.664607856821,967.5582877143586,71.1952594763621,863.9555049790091,789.7498180128309,14218.246799648616,120.29620430536019,702.9554213500029,0.18405607222646592,8.110346018831985,6.262134114896871,0,yes
220.38441965594114,297.8677534911029,130.897020344794,214.10983197272358,0,36.604960715711016,847.2881062646666,19222.454437810018,945.4088826588142,313.7394184794442,606.0731627206583,997.4671056607347,12349.379225045639,848.7020084148596,740.062619976196,0.22048724944291642,9.915421045889099,5.891846618211911,0,yes
202.99345396621374,375.09016147195956,147.61590581547136,248.38964175608376,4,88.81380608275586,617.493568613662,16093.736083260683,937.6511822445606,94.36828595567819,875.0658620105785,859.1976773044353,10935.57076259978,440.22061358371207,719.0239327761905,0.28194429009202915,8.299202122915643,5.1116540968117725,0,yes
242.93849480902173,126.23035001423867,337.96923392644646,256.76127377228175,1,42.56289279703008,846.3338535132345,19842.557236975772,900.7829473938077,604.578616333715,370.0448020240967,823.5169824422265,10671.522164282418,603.4030446868425,676.2489322559769,0.20937513704678637,10.219150382273972,5.05211019244089,0,yes
264.7584304517282,170.68461850943237,154.80866939369756,224.47081605896327,1,81.44492928976304,622.5755564478889,16413.62841528475,924.6972218045879,499.03017843955143,464.09450032301953,794.5168297355732,14660.771898233608,780.3340238852174,761.8385098765208,0.1917141138853969,8.458478583275854,6.716719195248254,0,yes
270.79205851990025,203.28418625836628,330.30445369773634,276.8226052938019,1,92.10993490086503,889.6025104429368,15296.449847208673,982.085954007733,549.4678329311014,388.31434768374936,715.1900185358195,10695.211593200238,380.72638350572754,686.4524690902899,0.25242825707948113,7.967033864031064,4.925453383274668,0,yes
211.66238909692888,254.3427750172362,100.15614241072707,273.68871289169687,4,49.0230430191432,637.0551526567463,15294.809512016715,929.5158011696805,788.8017329284178,152.73371343733857,953.5449783450257,12651.914570792422,242.36260002420192,651.9360362963857,0.22530453819206467,7.902883570179129,5.744111292427027,0,yes
294.27106852462066,371.0174735490414,181.1553960045349,237.48952976148652,0,75.93691429180566,775.7348819622267,16730.77341159131,974.329082763233,517.5603515069603,413.4762684466832,889.9254328303788,11835.99825564765,810.498612904888,660.2698632431167,0.2787652029922066,8.657561638552162,5.619204005582497,0,yes
274.0693725645353,335.0619300197102,272.82220813553283,220.9060150241707,1,43.47618084807121,744.0540241821916,18562.277306147316,967.5451067955826,76.34844386586637,909.5457054158558,855.4843163749711,11448.928256841165,140.99419350557946,615.0803386086229,0.2767600685496009,9.565348289192055,5.184443542262607,0,yes
251.14344592961163,168.92315056020584,180.16914583175839,263.02282399452025,4,46.159000392130736,794.1236470515422,19436.937840061903,985.406823573536,102.3032187890465,820.4787100760238,927.9302200395489,14760.240561098039,190.94485615661023,709.4339367623984,0.20963383836022884,10.016272015833236,6.561624181546591,0,yes
205.98798917603403,179.1504774023644,381.1887883322837,206.22369787774443,1,50.261157648014446,682.8665404764494,19447.390304702963,904.4526098982421,371.8839942624871,562.7602371389485,726.8486993095185,13962.457509399563,538.1050987012686,616.2866647048118,0.22538062511779772,9.985767332331921,6.290338704473036,0,yes
222.5826308464685,387.8502827888322,137.84389212732225,200.3293624973632,4,95.62233676870841,941.4141111284213,17496.412855076353,966.3908474622024,566.899393708994,338.8497010414577,849.5058865093712,10402.098305040998,897.9515307819199,740.6700996146652,0.2788108741055155,9.07664742676973,5.071609241462807,0,yes
233.99779632052318,148.64858394070615,297.49194987920157,227.40896737920664,0,66.76758242667847,719.283042982,19615.50793731815,932.9417494039195,345.27951267644266,640.4197290508187,877.6493568319726,12635.334097155044,242.68009344018697,616.6918764866481,0.20228922390912665,10.081731272060933,5.708729540340719,0,yes
219.8100545221178,348.2229149928912,321.3370732399559,222.29838144890982,4,94.04185725579387,802.9499478324967,18291.92887711138,974.647629931241,896.3583209750789,75.08549792491988,791.4118178874797,14807.618184031897,223.2800319823455,745.5342824123438,0.30350348154922546,9.44424874974135,6.550374175392155,0,yes
235.32023948794244,174.53201896406748,347.9055475903015,262.356436717078,1,24.663889427855892,867.6361260679078,17154.183027904717,927.1692483913729,213.72414493445282,769.5889239803469,940.6779023434082,10550.050492963393,465.92374537420255,656.4780480479645,0.2285898260709705,8.883369484719523,4.993999678407741,0,yes
288.3474562275353,145.33182761325963,208.8571174849095,281.37149234351386,0,97.6951576529834,684.8471299392232,18085.456744918778,927.5192555699334,692.2663740231854,306.1792570914463,945.0564689887938,13699.999594798282,130.88009821003234,789.6506338381245,0.20479329571469604,9.308387709369027,6.141443847788179,0,yes
297.24523604989076,271.03958719739046,160.7861917698978,274.678403383598,4,77.42159650340668,892.6043275851542,19038.65061094161,965.5774431654773,556.3577433898568,405.91674021496954,845.4912806167796,14772.706646499733,830.2868845781047,613.4390613073967,0.258701651540226,9.83653342014964,6.7821962042939,0,yes
280.22108385569635,258.8933747608606,381.2330421832196,230.10234798358033,4,87.34193618770853,665.8316688447675,15858.185820116716,928.4032800732541,208.15507982162876,769.086951713466,740.6451784986446,12510.24826947687,291.416747031901,746.6245164758099,0.28810776603277827,8.190705946016484,5.639320451007094,0,yes
201.14927232209502,155.08206181405203,187.21193372795452,240.67080203483215,0,79.55545426720991,978.909854931728,15280.147841551861,928.2724439974813,563.1115159231019,394.41875173270626,735.3843472174977,11938.38027141384,641.3650199254059,731.6060783073674,0.1829195509094121,7.971887545592773,5.5437347075494285,0,yes
269.3473013161167,394.09992335779884,335.5965903933908,232.415764007439,4,32.6133824471778,937.430082179131,15790.083722687972,977.0124213689446,839.8697197957367,66.6366037955853,750.9778263573224,14743.686522389704,243.76773465807676,779.7187351728289,0.32526909847921787,8.224038619473573,6.512461034680285,0,yes
294.3645263066816,191.4087673934232,204.61006769172468,238.65444301349405,0,27.560574772453535,977.1944833526652,18104.5678911859,934.741760681915,300.34976322044315,690.141245986544,982.1172940663828,12427.193720992653,614.2347754971156,610.1320900733878,0.20577660848772225,9.384588886469018,5.815690839625277,0,yes
201.35145365833307,393.24145085071797,245.58300622090286,205.53455509913385,4,97.32153102800024,669.3915855380411,16740.351120715426,920.5249046557623,271.4448517101679,657.6288332110184,728.2786625535258,12697.364773055284,530.5017450179944,677.6434894003813,0.301090061464357,8.631489503062799,5.78910674865612,0,yes
241.6198796252066,278.16915285795534,226.6487170689893,225.44580243328105,0,52.0213001813589,802.7917470069046,18297.954442043054,919.5077904688266,304.5593385136881,610.0397198017647,739.0351683717005,13461.553459793207,837.694321614942,708.0116387460264,0.238645636581137,9.439645369683518,6.223984276477941,0,yes
267.35983157501613,134.61861681836396,239.8035647754556,292.4343087495625,0,38.05918708524501,630.315916705938,17361.72431961723,930.3616338456252,768.7491481888143,201.80496103373184,838.6978076768858,13120.461641908792,449.9159174417803,765.3363233827738,0.19875456781678777,8.934987964745497,5.987591419833461,0,yes
202.97116496511705,329.3109831457923,199.5987363599286,204.50286544046128,0,59.238768437009206,933.1077114405164,16983.06811604414,925.6146915850903,914.8822209465081,19.88386878791846,809.7302963644024,14578.195790836835,612.8746811801108,714.6744576755173,0.24553047085865212,8.81247055491825,6.612632698641887,0,yes
228.76788246240199,217.56180790949432,372.54979346751486,250.07517353471252,1,73.7899554483918,816.9025115196971,16864.503556401833,922.1831099623322,169.70115357847703,767.0076475948006,954.9391919603756,10090.3949070005,653.37082102421,770.3787038441927,0.25362151606291217,8.726441127267835,4.899456251782184,0,yes
283.3596570223119,262.5302466457323,322.09722674450643,240.36246748509524,4,52.74142634838577,849.5004395762033,19184.39016003919,909.4621356925722,390.45614582315136,531.9338591347282,705.9985517628147,13696.237126190556,267.48482098536107,717.5443551654344,0.2758347104206118,9.89196325946952,6.078884653002247,0,yes
219.72323656028564,340.90963053891494,362.70107082049753,222.63795023335416,0,47.15238780294889,771.4990389635723,17580.81295978946,970.3184177614125,14.311833778475682,889.0270989187962,996.0189876842942,14896.210224726186,386.91778385349556,772.969641132857,0.2870126083756867,9.081085612443962,6.727414351669464,0,yes
266.4829922007418,241.68769990596488,118.80011851985499,234.51693688890262,1,94.34454462501141,997.7176918498492,19597.38969151162,905.5898424712422,354.49349261932485,616.0577783775068,846.7571474481476,13045.131781207314,304.780282489722,773.6919269680576,0.21676334368131653,10.13175249239444,5.903742399914683,0,yes
258.9234747813445,307.09822101472844,391.5320770182762,269.3873257125901,4,55.79594437408641,934.9370152933302,18164.380803606018,999.1651101341847,838.563887910758,118.69055440535794,914.4871325356296,14258.961842437908,584.390859091324,605.9187019908557,0.31064464954920357,9.413687378755787,6.504265788011476,0,yes
271.3333334441569,264.77074739757927,110.3071800372322,271.36391902835305,0,88.49621848277802,678.96537054851,17975.76089628433,923.7105450316493,31.816794171291157,879.3087543066124,808.9084672839116,13518.052450228935,310.7080609352919,661.6677489316171,0.22754572508001192,9.251728117357606,6.05716224414483,0,yes
248.81705723690646,256.6691256131809,303.7004969197079,227.81132289531624,0,72.22407489661111,842.5739830205362,16318.649288348533,986.9027720038837,652.0804330670944,335.4355963018553,988.4189934689828,10740.085234504319,437.50437053497217,625.2465272543677,0.24937863035130256,8.468184064140583,5.074236266373754,0,yes
211.36417374806948,268.78195178605847,220.59509721462194,236.40479116188376,0,31.868870655850266,627.9898451662528,18179.026114843306,957.9398907703305,919.9338269466991,31.87902536854085,937.3522914102329,10896.941297805035,205.611690616115,608.260213687412,0.2295175645383759,9.346921486968196,5.0166479914998465,0,yes
208.21159853546263,199.58247940066107,165.63123566979328,289.35964416616355,4,45.99552837798875,687.0161044625859,15388.58959156584,921.0445035104764,356.7848235659443,585.3585377526081,996.3291336040045,13212.963250684008,587.8823887816109,738.9266138862272,0.21881356041019884,7.95954387370612,6.1354070593820556,0,yes
221.87015738155807,391.3150689075487,112.40386384198773,268.0368927020356,0,51.75513013941213,782.3418084418379,19255.55506873899,927.752357289922,51.54283744296469,899.0019477446191,815.2984499837894,11863.006811282437,243.41266539029442,760.3700615573501,0.2670447605384458,9.915014146524733,5.38922901926821,0,yes
299.1334657627649,397.2829508344021,347.0522011936562,285.8395671745901,1,53.54338122794685,807.8447981036653,16378.913336202937,999.733912340756,208.27940470360264,753.3442281936258,907.2966067881468,11800.041635079315,864.3034310313931,779.4429182306422,0.33392189879965734,8.492310923533612,5.6532669381207965,0,yes
270.62540104806186,399.84151957398836,136.14939497497997,246.99028631136048,1,35.68416983705709,874.1486330852197,19049.332084272446,973.7588442895862,348.83666100344414,556.1488928204253,960.2822016554067,11526.93090697085,387.2129951971423,616.662818503147,0.27913890509724704,9.838824851455348,5.345137255556853,0,yes
294.5516205021531,283.7498935490171,120.24233818029072,224.6153627328982,1,23.993299953846893,792.1685619661741,15952.346166047073,980.2206668618564,909.6333206769685,60.176491332615115,960.0717860766631,14666.056056298286,411.5425904300939,661.3247698081966,0.22660710386967012,8.272822178523203,6.625175741332109,0,yes
251.45851433188454,208.61849888815755,146.47634520193242,247.33326790825885,4,32.33682048560752,806.2732573308149,15724.170696218995,977.4038820763419,239.7472686135001,697.1135166460277,789.9304016032319,12204.280418969314,401.2152713014157,706.9468560782323,0.2139381336344259,8.16149321204725,5.569749024582705,0,yes
281.99647116216187,379.62720754623115,303.55886887490396,276.2861737897297,1,85.67463130680332,644.6685802747313,18373.918427263416,972.0205394981184,539.1638298970647,400.2882812718069,706.3749316103798,14987.370221949619,677.2398638756827,639.3895509211986,0.3181184059526376,9.449946801106261,6.751447054154135,0,yes
260.46696314782935,263.93441261109444,195.46669039454463,298.64136535799855,1,96.15633516459155,889.5225626859799,15493.3790345851,954.5350186755904,866.8349895612878,50.92040021251,977.1213791505768,12072.17005333018,852.1247728212799,741.6299466341325,0.2532869090296568,8.061676909275024,5.774120479314565,0,yes
291.2301485287887,383.3420139152703,101.25212513815102,223.17600077517724,1,58.02439536991889,946.2013596458171,17359.25411737642,934.7291793964193,577.7154490517388,417.0697886110747,782.3191710918277,11345.862556862307,637.9850327840566,735.1485967911387,0.26621431879692986,9.004808484604133,5.329770325741564,0,yes
203.28512096835453,286.05920790681955,130.34016419788526,233.94541267934383,0,62.00133747890848,633.435638206195,19520.59367438256,915.7137777809885,116.70992576167775,800.7042244993671,773.7276574107041,13030.048871397263,290.83011919501894,716.2708593402052,0.2206534503797429,10.013097874130416,5.847990121152553,0,yes
252.22443624413108,190.7040857360571,382.3577490639992,201.1241954040617,1,71.79386948824788,681.0697718055503,16330.206942984358,913.412650590896,291.5023083911466,703.9942302676048,923.1077830897357,11100.701223731045,440.3565112150209,658.8390933956397,0.23776339762425502,8.428004513884208,5.199003781796984,0,yes
212.8456343135403,230.3916589401231,224.2931320187883,230.3993455415055,0,59.05547922586652,801.5089459422011,15551.283674282344,966.2441251721864,935.5052419331697,6.443944829049542,773.6054566533737,10359.264049560372,105.17024323942508,758.7464500149168,0.21730404789081753,8.072443743355487,4.7143601175840955,0,yes
210.38166798761586,329.3145145037622,319.5991663759694,270.0193376533544,1,29.311933435937654,690.766112753875,16143.689886368667,955.6266294736057,268.2698471259489,636.4181878561174,726.1333174690498,11283.33246489233,560.3216306255017,763.6104280736233,0.2838089600892722,8.342663811284801,5.2426071129091145,0,yes
210.59922649736308,285.37330230198154,246.63668039347468,287.30038492943385,0,22.03210987121423,873.3239900610531,17418.894113379913,907.3001385300702,187.35424773592985,724.8414907525005,825.0236094553319,12408.74954410649,817.4891773777465,703.9503928260821,0.25020877706030303,9.014293816182265,5.828311416367254,0,yes
230.0285254569235,180.84839814747568,225.97601386137558,268.4679084476581,1,71.4020079737487,718.7130015956677,15351.821333689184,916.4565914809026,387.0152909074913,569.242255042172,858.7850896537052,14811.268539267132,321.05462558089243,725.5968902586942,0.21315895144351518,7.947505530946247,6.61315472227493,0,yes
272.3168963132787,154.69933183104507,284.8455203842022,281.5776864218184,1,93.41547018030339,925.5457664335656,19092.55184596691,953.8942695151608,501.315103680659,424.6517868371016,983.8083569339929,11596.474046504163,424.7996958040738,601.1313611360076,0.2252107608433442,9.869368020659593,5.398242023150136,0,yes
261.3034450629774,192.94219531674707,224.8456456752931,271.3253294736758,1,87.54931014855092,873.0735332047739,15133.497666268042,964.122491616131,634.2351095084357,350.8514402896353,887.8370775898557,13335.771880706521,527.4664758903907,727.7642899036514,0.22432593822525052,7.879334162832595,6.121410384236824,0,yes
229.41296951553218,383.2030586458904,116.30477987372326,243.47665765973005,0,93.00473257931826,923.4761337974221,15906.12467787318,981.5042476209619,565.2878769332236,366.0905796390583,820.0195852428141,12940.9731960923,776.1331929228494,796.3856397584158,0.2658070615466055,8.279493365579064,6.037568058679274,0,yes
284.85980670816923,228.42939643626912,209.75915502064208,241.9122125401308,4,56.11666755123668,777.328494539403,16641.551764410324,972.3583813738261,571.7842515803383,377.53573170454183,908.5183063089352,13396.12953667477,164.58443497193366,776.6432011289422,0.2406509986014127,8.613032934149913,6.0102352206261624,0,yes
233.97235062081825,299.05406448276165,366.74791688522424,204.9037383110977,4,40.97684677023793,705.1976859541453,19115.402993488548,938.044426221039,916.8784701290764,74.81146675064986,796.8290505428888,12336.485002696596,598.4155044645995,640.2281376931371,0.2845564430856464,9.829275949509324,5.7030623532216165,0,yes
274.29924753811827,220.37339513842863,120.5846032043253,246.0989972224412,4,44.42201869742458,791.3597719497848,15219.682385793127,939.6375167711337,932.9006926219686,17.699005638825952,769.9984928154331,14262.416558607434,822.9028485473895,768.4179705677625,0.21762371253960575,7.900716595894686,6.563748532864421,0,yes
260.60424189184175,305.2867624714945,226.7350335698635,205.30721102843827,1,76.81915407763766,726.7830377865107,17635.60697308655,983.5967686636184,618.5129864480015,362.0963478300472,718.286606665463,13762.61418399477,870.7201347471033,641.0844443502504,0.2550002696104271,9.100414836302537,6.349595866794376,0,yes
271.1001880426238,269.054270244146,267.7700088045105,246.06143007020012,0,59.44686535148328,810.5418952815355,16659.40658564173,916.5999946019937,425.5262799937048,489.5158162307842,792.953863454378,13036.592274609946,874.3048390806591,672.5120678163612,0.25200924365099325,8.621705937827572,6.085594427766806,0,yes
298.242736312342,217.88972348412474,188.57310172519635,270.34377477330275,4,49.49733660297328,758.9223644031649,17697.666630296586,965.8830707183296,483.2620426035505,488.45397424147905,960.1691690155208,10987.225885418662,506.11087871264095,782.9509468149147,0.23874813147520624,9.136107830382498,5.207873929914942,0,yes
224.4040038715397,312.6456836652244,300.1570901268349,285.5708951978185,1,28.634121413628222,851.6189143418551,17705.689277617086,950.5686110205534,570.0939427299106,380.6262952802891,926.0407038932166,11417.481008014192,533.656366038762,741.5723208996342,0.2780484868364961,9.158722780332548,5.368938497233697,0,yes
208.5114150980881,249.17605125555562,351.7876151755285,261.77874649730023,1,83.29169592052604,983.3590562152267,17423.210003944496,973.3592380191367,118.79097643134219,800.2918794207274,924.0280421581467,12747.75402813693,514.4268264575447,703.408070321872,0.26309268532637553,9.050648030212734,5.883159669189221,0,yes
269.96396229211405,154.57485379943364,320.6326407941377,246.25589869188508,0,37.613832215131815,801.8919369926854,15491.726250183192,906.8986064241981,521.9433262844013,454.53090815685084,809.1625109943827,10763.194059105012,236.08166683220045,674.9349338325351,0.21394081002876073,8.034607877671482,4.936191692104741,0,yes
293.27728983033785,105.21924544477122,203.32664619682498,233.1839510313045,1,68.59983596532413,874.2607285419806,15529.929927597153,933.6136943315314,738.8597989835669,232.54972597212156,908.6637986198368,10719.33022089187,285.243987634283,631.9647284945178,0.17897061405525652,8.073622836016183,4.971777635130036,0,yes
222.289447880679,305.8793149632376,256.01368410633177,231.45870555199622,4,98.91256191969417,996.1816450699415,15111.218757624662,907.2244576942469,770.5050598144122,176.36901799446412,791.0758201422257,13579.168088550447,232.49686757803428,700.4091449519445,0.2762591392628946,7.888534585335016,6.053187094421916,0,yes
240.11430329270667,222.41961846527158,227.14828265711697,201.11864282977163,1,51.53654522094904,791.1761814992994,18729.408596375408,990.2905471571294,733.4914177855586,167.19530510910465,822.9315723759587,13225.348117061954,392.97025807334103,693.4455357655739,0.2153290879933665,9.662526985960607,5.981350485810751,0,yes
202.1723022842791,129.25572472664652,234.5089862010638,205.50517824156336,0,39.296017902961054,794.4513151430756,15317.044565971397,996.955604931236,194.3557076486874,734.3135748595312,812.7918963096071,13472.679555853718,148.54186883587852,609.4774736548968,0.17008339569259806,7.958000068789118,5.971272302600962,0,yes
252.2429515224205,347.1285505081495,286.0759765318998,236.22223713391378,4,29.00621645305197,765.9859700098611,17441.648932759745,935.8843930399901,552.9590700944515,380.81341182646327,751.8046622770066,14215.589690281904,150.45934807546848,726.6196547888131,0.29472049441430437,9.00553934981834,6.260898332023827,0,yes
265.02365036468734,397.83239694233663,351.65785845368544,251.72148377729053,4,88.30882201958914,899.3617379816831,15101.602978206749,903.8645439469117,818.64995416621,171.3140429665716,874.2519685938341,11021.064412018606,143.68628928541824,787.3892988716373,0.34028991311402074,7.861078660216,5.04519113751078,0,yes
220.25578095399652,328.24197529307844,248.02972139530348,286.5591366924177,0,88.09795137709715,985.856838842152,17326.930038507355,938.1539542408807,673.6554239256253,234.99020107369677,793.3262407286936,14965.33250794266,710.1539404611699,713.2671681789192,0.27701052127933984,8.998236411124987,6.796077632373956,0,yes
213.08819226295017,186.53886836089896,241.33068289052656,268.26196048187217,4,60.41993819807772,791.2660445695783,17755.93331431831,919.2106173311576,109.99373233348543,793.3390602449316,819.5842961405598,10093.27269657449,166.5045815972481,688.3516411502036,0.22694510578151095,9.166022318695875,4.636284602223777,0,yes
289.04411879192844,110.47447639233592,112.25012734005266,247.37956898694864,1,29.387981905712024,640.5991970559851,16828.932517153953,989.8607775178161,462.57296500237044,450.5968763396054,908.3509350623282,10640.385998635882,299.48823367166415,765.6789563605465,0.16023135759680987,8.679034883100215,4.9554154659030765,0,yes
281.32394172152203,162.6755094005874,378.23629877777034,210.9110218659633,1,60.958418813105254,611.3799925683142,19569.17401736621,993.9506271182407,191.3293409178174,782.573022802773,735.6335974733571,10120.869548060085,402.22202892627,738.7166178708009,0.2300054097116541,10.04336027905033,4.724374881785817,0,yes
228.8755907452442,148.4157522480163,330.0420028258341,204.25114835916102,1,24.35300494003327,694.5937828750641,16498.000797377816,965.1056134538352,277.2041360993791,629.1689619372953,988.7783618157392,14079.230572947297,136.80888584240395,734.03589846725,0.2020963037357785,8.521966657198885,6.2929191442188515,0,yes
234.6089713493228,352.2146390995786,318.1774128593027,266.5559878779369,1,20.720338704889993,933.0482918055391,19854.968672288178,909.8032107853129,666.2071184276139,327.7326621300507,957.2383690062225,14174.311087032867,895.5215005239904,635.935306401927,0.2939717015758484,10.246245562023418,6.620949303249131,0,yes
265.7293457334989,396.5798457371189,302.80308017543746,233.8575408703068,1,49.75159404389281,731.3760155882117,15614.944591602882,910.2022180563471,95.08340165468616,883.4547146990869,877.0535266605923,12576.617031298352,544.536890410077,726.7100429381057,0.3096868649707498,8.081007425726371,5.819217108562356,0,yes
204.94590090845335,297.16937870888455,183.84305213449994,236.61058588062681,1,62.256923953038665,935.1982023917698,18392.20645158672,942.9277410726413,475.190024610705,487.31090552897797,972.3000169312321,14727.01416562849,134.6115792630177,707.1297131848441,0.24057282140677333,9.519891908144874,6.548699827153929,0,yes
270.2919955933381,332.706551644075,131.44488584174886,238.062182788559,0,42.52290526973922,734.0665067729852,17137.813154903404,942.6069115035018,762.3360443464659,144.5953369447859,871.4115491744773,12864.56512303602,525.1299604199205,771.4367372529638,0.24637570537277162,8.847473666546056,5.920483784179448,0,yes
247.41916514646496,310.82974394692224,384.9477869732359,271.3849705051833,0,55.165654039765684,711.5284411515782,17549.070683390673,964.566053236423,877.7612722389275,105.46488288948206,924.8432776549174,14309.726862294387,211.61412690533547,778.9399084592341,0.2936858411523033,9.051152778687074,6.406001481738635,0,yes
245.78856609065508,183.14686194749214,267.20480927510505,243.90213409347152,1,59.15397077705429,816.513679530643,15968.115410482198,900.1835847224436,893.036143003712,105.17716904875977,802.7612592906721,10185.930537714901,692.944502454587,736.3000423174603,0.217862731982554,8.275155945078675,4.8965867742001565,0,yes
264.10782970154446,258.569714975554,129.65041834949741,235.12710099647205,1,70.78274026340631,966.9332135121415,15167.57333696951,919.8356935395235,846.2722996947223,72.20683103056854,857.4563298823449,12676.713457120846,630.7020625300804,655.4554786791057,0.22254481768054435,7.911687346774775,5.868233153796424,0,yes
217.0719697338765,183.72394371426884,124.3305081669606,268.226698627997,1,21.189667801936523,900.0203347199462,16014.122251362487,914.6197066190533,777.5842771823521,190.05922579220044,719.1302490580558,13908.823256315001,601.0910303803878,660.845310545838,0.1859842636851924,8.318955967999434,6.301363373884042,0,yes
214.6966041267286,110.7431509154939,260.3565188491924,299.7235989935536,1,77.06786042093034,668.5125328563696,18969.129145790084,950.9691281299547,90.80883697836862,854.5096037917305,939.4155618857355,13008.660275768005,563.3163337614667,718.3138246267081,0.19702036852383542,9.749862451637705,6.018799347812522,0,yes
210.104161689059,364.34564204890336,180.55050949101934,269.244401150214,0,40.852966685759625,989.441715325089,19907.91158330127,986.6030774042073,915.3191316964316,65.57085509608783,759.8661808144641,12288.05155638817,559.4898488167971,671.0965118941473,0.26727213416815676,10.296235937934293,5.655885707222893,0,yes
214.41826993098434,367.75544803805843,220.0656300479871,249.81074838790582,4,49.95582318974786,688.3696516760068,18676.898097670517,963.8637197424681,457.3060407671861,449.3147636313389,907.4123089844084,14296.926609315286,373.2967068998203,658.9229516634374,0.29034102713836246,9.609876908113442,6.432173838932481,0,yes
263.4270593322126,189.40714780278336,356.37377857107214,288.4758810488808,1,82.67657082202334,712.8042127701058,19643.250029786203,952.7382470965891,727.6668344000234,225.7020410685518,779.0189270054038,11771.67430184727,617.3613672674819,634.0426464738422,0.25230357399725556,10.096893748789556,5.471488380028407,0,yes
274.4632396689772,308.42579541485657,294.39876608765985,249.99782449464402,4,63.83565977235286,604.0143505233237,15971.105544171845,988.3575701832997,609.6789829422071,297.5476949925014,927.8128509568434,11988.352020952027,835.492883902074,669.5273442680989,0.290848335682208,8.241950113018373,5.703257700879126,0,yes
298.12858177075543,174.51122029921822,120.45450553297212,238.01507393446082,0,44.609564559412206,635.0110774933559,19135.20365442313,943.4438747483458,786.2017835883255,185.35401737884433,765.67076939367,14142.572355360477,499.29803817981406,793.7018768421573,0.18467844918054763,9.82454591570238,6.390903267263028,0,yes
244.01196373969228,297.958929853329,373.7010196934959,204.1403520386055,1,30.748507130482857,752.2924298502528,16496.058451247467,968.3320695042432,107.09005576773242,827.285281164227,935.5936194053096,13699.11150267854,425.2475613366661,784.8894481262969,0.27333959211019243,8.534171891330484,6.245572051306162,0,yes
244.70609977286006,201.3069065147276,305.0320859107439,286.45531857368263,1,27.42867326666202,606.6114624846422,17632.673292646254,919.8778628515773,139.16084327515944,796.1493428321708,801.225113318344,10155.34480850821,582.8365588598085,689.7374480806861,0.2370785156088141,9.063870242295149,4.824858324469191,0,yes
211.6661432916802,167.6955690124202,237.3444644629065,207.05867998709806,1,39.51905475203424,678.7032773627143,17716.273834729953,915.8110928133046,185.01543312467874,790.7962667623895,987.4859950887935,13103.998220755633,698.6131322667452,791.4608720488562,0.19156324914840717,9.120846721740703,6.144214070644503,0,yes
238.09140394722874,329.8031249680773,199.21569935527833,214.00736914518183,1,21.43802471143961,762.7830203933819,15456.043330757946,981.7743452108358,10.748348264880159,954.6442635928684,742.4979421516067,11846.004847354165,570.3795131924998,698.5266548029348,0.25123525754693943,8.018348956661537,5.4779457355924785,0,yes
288.0684900603575,379.12932447102116,379.4194762182122,240.98037028974454,0,44.874489746946544,694.2481639167961,19331.521592622703,997.1487784181809,797.4500640895559,125.2149654757626,910.9437432023967,13490.484094908408,345.6582731807532,728.2596242167626,0.3176700733218013,9.943085981677536,6.111286963759718,0,yes
255.2050837246674,122.70843958824756,129.56988150318932,250.15054562404316,0,83.50097064705908,658.8932859298695,15654.183422285148,995.3258482830577,897.5919466268454,17.8189566442245,883.7704924622155,14197.108686150634,314.0549852908535,701.6306482106556,0.167661819834391,8.096414162111017,6.365913203035761,0,yes
271.6988700933583,326.35942849117083,288.54190774328464,268.5041054146998,1,65.05173775990946,748.5142410356663,17075.77465246606,957.9216847615266,284.51221081953895,646.4083822697847,827.8038199514968,11607.867098075852,608.530012867204,662.6570303803912,0.2883546026510684,8.821757343847999,5.422612871609443,0,yes
236.82235812179533,218.46444569272413,169.97604797831062,261.80898482457434,4,92.92895549704095,920.1309573945819,17495.246205581225,935.6814369222542,396.2122028841974,545.901161901142,870.4350980625101,12521.68446877486,470.79302831450127,713.3895037523979,0.23123890836479807,9.066977402993222,5.758315978670199,0,yes
279.12912981869255,211.19259969022866,257.6557974605932,213.736510263632,0,58.023542184440956,797.7921041018452,18835.96962287114,980.8997369076568,469.0272215258568,504.91469633963925,755.3737341678147,14353.94741569517,321.47411422016853,753.9612146917335,0.221214349990076,9.7159823045247,6.395233381729213,0,yes
256.8177421957376,204.12184582384066,384.53824630997383,205.2931579488925,4,41.9295327094723,784.6931855227156,17641.778127021356,992.2197767816746,724.4064827752867,196.3641045105686,932.6104856702977,12287.673463655137,812.0686140832912,739.5483583791677,0.25322722320072655,9.117534789107975,5.826631101577875,0,yes
256.55910437960387,230.114152468016,243.56339986135953,274.5254617146527,4,91.73213596926739,948.9923087072477,19640.817141771404,908.113787009118,124.73256152810715,853.7585591067407,942.569293287823,14685.788534598496,788.5759817351103,716.2733544416507,0.2555041908385803,10.142588249104021,6.785319880290861,0,yes
218.6585398810436,379.54408834084137,325.504057865893,288.95798253456877,0,42.34949145194995,610.4803331097127,19194.192252706092,902.97293311259,355.03618053983604,572.6437376199822,902.2623641417438,14952.998352508046,639.1723156144292,601.3850800154163,0.307552896018,9.843161878683068,6.7942500437835,0,yes
270.4225536393971,112.94771838734856,204.1223356391177,213.00026967005243,0,80.59108309038092,918.6242056224876,15357.550137514723,955.2255647345341,637.2767813240122,311.23219117707595,778.3762099286771,10412.765127839964,862.9213241687477,783.9700018933223,0.1727974396694283,8.000472016388413,5.045034174760347,0,yes
274.0395793287303,153.32382768184587,235.66701094921945,285.2255725885497,0,94.2369245684347,921.8704776353104,19431.302995796897,935.4834208201455,75.35077984693926,874.2055214914662,959.4003776206833,14189.078951871861,852.8683491631725,624.3843881950255,0.21187583231067017,10.035375246398674,6.603018637306908,0,yes
213.89210683681677,206.52147458440677,385.6795946750669,247.60182976225533,4,40.56190166816239,664.6571090266073,16182.492260195955,986.8893444268455,622.9892947322228,317.1613983301403,857.9959718140885,14172.924732206868,769.32284622454,609.8054028338958,0.25728131262601583,8.360659501524342,6.519381790196151,0,yes
277.7973608331721,167.62536305883316,161.87587549676658,254.12233262727798,4,46.436037031202915,614.4367635826961,19663.16457578103,909.4499608075066,232.18995826159696,758.1620604878211,959.0965480847892,14068.58674612139,321.48129854463735,677.1056513463914,0.2070834704784319,10.079391756623059,6.354689287676622,0,yes
279.69455197692014,340.2765968034471,367.7785975201758,200.7967306404198,4,91.49812230038827,677.454011927881,16443.74729433786,993.7504107049829,219.0143150206985,770.5990385177989,737.8723788389198,14364.331478247492,549.111361565434,654.3135177069488,0.31256505623710196,8.495041277991042,6.472453944506225,0,yes
270.27054115679806,368.6862817538282,157.5269975378451,225.27704442125292,4,47.27844948912533,879.0234971506572,15958.679978259566,929.344351978743,327.83799049138736,660.4085190052576,989.0848114799114,13028.388339674126,759.1232093959591,606.1512665832236,0.2800219948538921,8.288489829516495,6.116080952195894,0,yes
282.59214643451685,132.35450023866701,259.3038349822289,209.424444347178,4,73.11293944292008,784.4275856568436,19131.104012355612,973.4105735204694,816.663739811048,104.95474919804826,845.5744373559381,12942.492761085285,445.95269630471927,758.2368822142832,0.20748188370597156,9.859534471954193,5.909897455147192,0,yes
267.98200903821623,142.21147013397484,156.68090330537356,241.68788584575077,4,41.75569510485068,957.4017417551431,17599.699681786977,968.6437248254799,176.73026462883848,787.0374369183376,728.315174933926,10854.996546144457,719.5859459119225,778.9140443717927,0.19156122285731034,9.132266737121732,5.145994389647674,0,yes
228.20993440166475,158.7728604517444,149.0688053673848,209.85827980186156,1,39.53891944190992,765.0199459656973,17428.28704880194,996.2839394956927,689.5605737059014,252.90129937570134,885.0841429000453,14937.526382898533,817.8797303017113,715.2810326534772,0.17299036641285648,9.00697871432663,6.869644992778134,0,yes
289.5162312530252,172.94158685101002,249.36407621560235,247.49297556059742,1,89.35388829329534,753.2308433086253,17869.593659362534,988.0566886414164,505.54400655109504,410.15896754225986,756.9497402970933,10020.615939697502,351.78324858213455,693.4520995772739,0.22026187638046632,9.22387578062681,4.658640297785612,0,yes
234.35388982442532,108.5697377252172,318.4856190993951,264.45228417165237,0,24.04155491012275,680.9181996535815,17260.911188913815,933.8276380665142,301.8059702398847,679.1599295461718,721.2239688451932,10155.354377167621,802.21766143521,772.4828004276428,0.19253978947829836,8.896117552943508,4.897871706950534,0,yes
210.1285262654382,271.9116399531089,284.8910562949011,236.35519287840106,4,37.43458018342451,855.932790796974,17259.492038227418,934.3745141205252,213.94811009097444,744.8291702560108,907.163553787572,12597.659304809713,897.1098356775613,746.2508240436689,0.2601622440327712,8.93437151752542,5.980570902305212,0,yes
276.75621580737993,216.48678632474062,263.9416017216614,253.25543623155136,0,40.43184672788267,719.1743236266022,16417.544356746683,976.4938023166002,867.8519578874517,88.39930118930545,797.9860462639897,11469.906464914186,630.0869957650442,681.2006583154609,0.2299813242650408,8.48872199128704,5.370041699718829,0,yes
232.59135261135702,198.47921545617893,112.75219390692243,207.63656196555831,0,90.72261077850538,847.2841664823238,16892.1714513372,918.6151293444244,954.7154087390184,12.458485721058423,873.7842824952888,13608.241260787518,218.28513516756766,768.1312254296337,0.18415348742148052,8.74660563937039,6.103991267145684,0,yes
213.42616533319537,159.98572922054367,183.44966936686887,257.38879306315096,4,58.358534172289794,873.9832565789284,18195.820231098172,916.2889921905706,437.4315522495738,518.5346431522034,932.6631571974868,13750.569740884786,790.5763153216187,621.0668064788508,0.2023565422156675,9.404133473269617,6.392452175946746,0,yes
293.6920281343927,142.1808972813725,180.63863619635788,284.4954101634814,0,28.944528923715758,708.1554861090474,18407.765560324326,935.602636110906,688.9995492547812,253.70280356769854,955.3710998040578,10552.365876146267,762.0410117094551,632.134139756813,0.19054806027875096,9.475773241354085,5.110461465230912,0,yes
243.27130376211124,136.52179994168,121.87575021769248,211.15934975303045,0,34.911737635574596,643.0910281739802,19744.79397068372,903.8051343685349,566.6364688262979,393.9725522251716,779.9885344813231,11801.586552854513,118.08898951413367,684.7664233241761,0.15623308698907568,10.125678072463604,5.291785316533166,0,yes
256.0073759346417,292.681483287315,150.69458958720878,259.66907728572403,0,93.59915566539941,648.7351308369252,17530.95968668556,974.2514534716831,408.2636936818723,527.3656254718155,933.4278418656343,10367.146730021568,384.9538776960608,764.0622075593915,0.2431511161610934,9.029663544084057,4.893195852329533,0,yes
201.9525558344551,100.49252702932547,328.7491284660296,294.32482506224625,4,86.29428336909126,863.055054548082,19796.773424041654,913.9522331862327,378.67715891893846,543.0067421875895,810.6763502026442,13137.973455644133,221.04311236635877,743.1892353402384,0.21707073147741118,10.201822723233342,5.882175461520982,0,yes
251.54694798523315,268.6087212864267,368.4007595334915,264.55654493228974,4,74.68369016980203,817.2081044631808,18374.18079668302,942.6045941360748,747.366744524917,230.14641970748198,821.387121808357,11315.0360498366,343.07961893573093,603.4536592469726,0.291097990730964,9.48414783682666,5.195405959818074,0,yes
263.3921478592196,276.17631901571104,324.5125186031843,256.5463954861208,1,96.3932404641669,791.8440532244367,16746.20251112644,925.43245847527,12.50081540966798,921.929081354808,741.1525744313319,11437.513895050794,810.3448807365726,606.8466433013652,0.27597373080531806,8.66213714153626,5.393718166431168,0,yes
297.7583586172336,164.7261277085729,361.45305721354055,284.72252158991114,0,69.69692545799057,609.5190212237628,16472.12329166807,940.5256260281341,912.5510218780562,36.92790177519703,980.8866551988549,10270.772245270931,510.8916330863781,626.1226351974469,0.24141228206260568,8.487056498284483,4.907716220803491,0,yes
273.6753263293455,389.68458007291486,169.74538047127277,272.90752913643064,4,85.48732566100266,909.4187039025844,16212.488812395484,937.9609532749143,190.32600582779227,776.8618689931419,810.1887141982198,11217.187718032586,463.93218323553276,742.898859534348,0.30562570012287926,8.423471907509295,5.217035998975656,0,yes
286.9031376963811,224.77457681509023,176.0659796733251,295.59147619025055,4,97.62989406497498,885.2076733366798,19190.091233487088,913.8555617482251,86.12118518298789,870.0377254318905,883.4174043652333,13414.641542367142,410.09126773201643,731.2162636526526,0.2486649671593672,9.903476347451804,6.100702381918631,0,yes
268.60924547285214,382.0995233445796,168.96387640737592,250.36368946618518,0,55.72301283845138,776.9719371029344,17042.96226846538,957.4607878054172,714.8494146097729,210.47328274241727,707.6699759093872,12345.678841365097,530.0735187757543,713.4227275958871,0.27754318228464714,8.811603640054456,5.644221781003243,0,yes
259.4410070500823,337.34935144514276,272.2002764902562,239.74768393199858,1,94.98924417360448,741.2227696774538,19809.838036344365,917.3599244120707,439.46827404437636,488.32660504733826,752.5123277132072,11150.924229385644,149.79656342656335,635.4669311185809,0.28594428306948,10.1816087165443,5.0222345438323535,0,yes
247.90604349733232,217.34970055682467,237.4176216356763,245.65758854083936,1,41.14671465350541,856.8966668477666,19971.82648045091,965.4012895498083,841.0598997023985,150.50225382625854,804.0785949342547,14408.861190114152,276.3084673621788,782.791871552348,0.2239417911578938,10.295023856720729,6.424896635772214,0,yes
260.2699781959979,373.9324950118067,215.95533392238332,284.70830197566056,4,32.6137781860194,679.0000927416706,19202.25152478317,904.5494261689369,95.00617260966166,841.7796901144002,998.2902366882075,10061.62207206132,359.852234511444,644.8226907498065,0.3025838111182866,9.862363140997669,4.7713042423261,0,yes
212.1161093999953,313.9307538695978,213.37945427956072,269.27855918264873,1,42.5441015444293,675.3243660312705,16202.557899349855,991.263642885036,320.27931142594474,617.4916483365741,977.9921431381723,12962.000668360186,152.81598998802153,693.3543327330185,0.25814529439859785,8.373634824721432,5.847033533794612,0,yes
222.27984403059304,105.79531296677116,126.24794119700915,218.32857410600968,0,89.18290907220488,864.1462491009651,17915.136323795075,975.7334044726063,439.95324629338035,477.06088776181554,786.7421678825302,14794.925169857466,238.42508368227362,719.9962363382402,0.1504214176781176,9.269740716301696,6.5386225522354255,0,yes
235.40407433488883,228.19848236854847,192.01123794675675,283.82236607647167,4,85.48640350976649,700.9863837923323,18089.662557044427,901.7316728905213,1.591361815465164,961.5643409517817,885.5018519513158,12171.952023184398,668.2649631488479,752.6404800531163,0.2428270321694613,9.310512614403605,5.711538085210348,0,yes
229.6704075801461,248.45786890797953,290.925199754898,233.52533821446633,1,65.58805406041814,853.3360596276252,18283.279638804936,974.3576796004089,95.78316741238116,896.8227545135411,952.1489605098382,14975.964521480677,129.94638499690856,778.2842758580396,0.2454278833889334,9.451184995753083,6.651964145060886,0,yes
291.3196679802826,130.256564973197,367.40447192678766,297.61151526742754,0,65.61439565350118,638.7105903140488,19424.96402987189,974.6503105973002,72.50201822485661,898.99905148282,855.2289094281857,14993.369862479645,401.0877026431812,761.0178519425266,0.23006320340524686,9.974533045324574,6.723391554257533,0,yes
251.65871003212303,376.0570421246601,323.38863927998494,287.99105477193905,4,43.172419534026915,915.4719867627232,18313.66498539385,941.1325054269012,443.5403919430633,476.05665915729554,849.7036073023537,10266.804323332277,664.9771252337592,735.2301436860284,0.3258147166590377,9.475873343520174,4.925550744448132,0,yes
260.51217779194036,368.1155085024002,336.5788366639961,288.98086207921824,1,80.80832524827727,800.4946486053902,15968.390021598972,983.8194122977774,54.626327988311985,860.7134785403692,925.0087243739056,12372.368409260851,276.10029198344284,776.7643509334242,0.31932521341788045,8.283199941536216,5.647290966631236,0,yes
277.17633682066617,243.1235574696738,287.75435977449547,251.90763715398788,1,25.433710128589098,799.2154641326672,18649.398473102316,979.2502083042087,737.4964386779708,231.07042928543217,882.2829196373128,10124.28465699326,632.2159333033733,606.2709717548455,0.2472972935326633,9.622786164069575,4.858249190330134,0,yes
237.8159023485582,222.41237911724173,352.3797159943962,235.60593259868125,0,71.68785519252901,658.100846424903,18465.397019700304,937.7957076923916,142.94587772039583,799.7645033310166,799.9552182985096,10384.55172753293,565.7534263240508,796.6368505810791,0.24551272307336983,9.493908129821397,4.924410363279756,0,yes
273.47391260046015,145.93720445826222,167.1999754842514,242.79683221397892,1,35.658341423605435,740.4612016631002,19122.387480861405,970.227273429375,92.61155781573983,813.3451392002781,806.9327649427718,14875.397193018118,114.69940713894013,701.057609078864,0.1833059402732411,9.844978764202043,6.525384800056903,0,yes
285.90933733593255,376.9913865767182,202.00424335925828,209.76772251284095,1,71.18878821578896,787.6005920982236,15574.084085516464,935.8337171462788,622.1599754139589,376.88428778629157,990.5950053581888,13070.176116037215,598.930851824075,773.4790797818401,0.2821236477585143,8.076557626724787,6.092873522817346,0,yes
227.80038210248165,341.49501769410386,164.84238335626623,237.68627469296683,1,98.11471704213116,771.8933055441184,16949.42443991849,998.5268739717766,897.5691898539762,63.17032954696242,770.4705596612274,10313.804144914187,435.42185762146124,666.6620361723383,0.2621123155281592,8.76938568242039,4.817435544055235,0,yes
222.7834533963825,221.45892784867414,248.74874923224687,299.2525698996526,4,23.064785101038765,813.6685508844,19251.744533497113,907.1847782706108,76.52654364458778,863.2921139857394,701.592134684217,12442.860668952057,502.1589726979537,627.3890519763625,0.24512388896914836,9.917288477399241,5.660178726373,0,yes
210.46639807930617,308.45871984718497,384.44471889285353,295.541817805334,1,50.9977228168949,892.1779814287486,16850.52174152408,904.2304208978151,521.1714148926217,473.0513557953034,834.8570827648473,12877.116399363618,820.9622956919678,625.205247770158,0.2962765038525495,8.733957636088228,6.021931789134898,0,yes
212.7130721424675,123.223413493707,191.49056473484754,211.95363118043633,1,57.90990879860327,850.9764355303134,18057.620366428662,937.2308973453881,86.38814279526348,903.6146836942761,960.7368288427599,10288.369104429814,101.53221882216572,601.087001883007,0.1680263552379191,9.332711119191288,4.745281297079356,0,yes
274.28432763794694,138.0386053323815,315.5481070129535,279.29957952177256,1,30.978799709194185,608.3120719242957,18015.070136020317,957.5118714192795,858.4476081486574,129.61455669473185,771.2391755761792,12477.322333559621,258.30044827076176,758.7002418288611,0.2166311607261927,9.260603795009297,5.628244730448612,0,yes
213.89053748862418,356.42376358518146,230.96837151753243,235.39621726075606,0,58.29893557260569,685.4435729336205,19232.224848284197,953.4708816063894,588.7697495317832,366.2489526932143,906.791576979206,11949.391577317841,884.5613571620519,714.5879168081823,0.27008810776786163,9.885465981577303,5.7113819096763665,0,yes
299.4074894198907,116.99978252355457,390.53163789198373,296.3040452868481,4,21.186267631314088,622.9447832420748,19857.859801856408,995.0136639094194,57.210460764237446,915.8625665641358,915.2026167536173,13526.559979957143,699.3958330971001,718.2164875805345,0.24056544527540955,10.19036620546971,6.27451766624916,0,yes
295.51324981552887,185.20519525125428,144.8260305772712,271.6412007834094,1,43.35350566654402,664.2320999290491,19527.54806693609,930.7639227784551,928.8042312601299,63.517853314005606,735.5746436521297,13510.759335491337,895.5604728514191,603.5017180260543,0.20406617165275412,10.025360454979872,6.262420025331663,0,yes
245.43249739858894,388.011428519961,127.50171359723097,244.4372866213818,4,59.159971756265634,911.7702534365687,19268.944485190572,973.9816482508404,632.2137921507201,272.0285118903033,749.4287311886324,14902.274134850592,276.031084356778,783.9690342638141,0.2839307119729126,9.957195564429279,6.588440632160106,0,yes
252.90964391257165,361.71271157836316,227.3740093493201,281.7844137727209,4,43.210422648286425,655.1657998969,18110.406400906642,942.8531318997782,827.2976603333346,113.96139287658377,737.9066528162252,12492.646508394944,115.49886361790618,691.3473633085929,0.29979569535604106,9.316465576925234,5.54854514689351,0,yes
223.80457718382223,366.96232692126154,105.24016480495993,208.6272672908282,0,48.86637620663819,975.9386713183346,17105.897091571584,914.5352694999448,780.9604128926032,187.73085018595066,734.8263977053995,14117.93812418302,758.2630640272358,609.8210940511485,0.24387017821686346,8.882197921239399,6.447626799359102,0,yes
266.2223161673487,320.98633050129536,105.26019907493828,228.21989234937763,0,45.33358200486414,783.53853035984,18889.09105241449,981.709374006499,334.69828073545716,593.7185637355459,811.9260920610691,10978.747627967232,448.4854673689778,690.4876448875337,0.23432042826790297,9.73947776974555,5.103913311700004,0,yes
224.1683111752384,295.861514623732,210.38238777409396,252.79503220130832,1,54.75275296419345,814.0862270681444,19681.343588591422,938.0258364720117,711.8265386830459,227.1915680310957,891.144842334586,10488.202020149512,411.13461903770076,666.1654903710656,0.25007768624108756,10.13640183686539,4.922696423475963,0,yes
273.43724373823414,223.12391517298454,301.6398324854173,200.3828281905301,4,59.580675244080425,934.9940179501925,17078.038791660525,939.0122298547952,555.4874343612264,425.32847007199894,964.1425900450736,10581.944723698112,190.38707451483666,694.8858593633955,0.2475880092189513,8.86222372928386,4.910633619993716,0,yes
211.88870761054744,309.2883080143754,244.46504496626054,283.25050942394,4,97.3974829549444,816.8239113666515,17445.054442023964,998.4264738717953,270.9981950350057,658.8020838440887,715.3900871304724,10700.62708276323,885.8545398417207,625.5764132183467,0.28416770293373445,9.027208450284215,5.120671768830725,0,yes
215.5584605032734,369.1446664871542,187.05460359374788,247.74332779884568,1,92.65157632784421,975.8385978401826,16114.417149536308,973.4185149116142,87.36466609896878,855.2485250051086,709.7706613247088,12717.045782353796,159.1675693707943,660.437807695583,0.27739304163477124,8.394525585469806,5.6406391479215365,0,yes
261.9026334258711,130.22049694615617,331.4128381760954,273.3508615843154,0,35.46258875205484,616.7519495775023,18004.952327641946,905.4779771570977,576.7841314790206,396.5457435311697,833.0585188110301,14204.1839569744,209.2865875713353,621.1021241468009,0.21048360974374275,9.25024711631065,6.303940055792238,0,yes
268.8465661397708,301.89761119524474,371.03061307546335,262.1627207707613,0,58.683201262771256,893.857373586852,19551.593977511053,901.2804783513243,385.6736784367598,595.0395831841298,887.8578349135614,14435.813554259821,725.6835667564327,727.191143720702,0.2886377156183853,10.08447249683954,6.640040787716194,0,yes
279.30169435461596,323.6490089322491,114.66326473871005,208.3250464552543,4,84.50613322669682,881.099888777411,19681.361575261697,914.7088690409963,569.4041606488559,394.95008743769415,722.7059270733283,10471.791223682514,500.7531557163844,796.5802696366198,0.25586755562036256,10.148297991726334,4.905378076281083,0,yes
222.917887424645,169.1637136658038,398.5246509013626,296.96635163901567,4,63.52199861337687,879.2020134881745,17434.37440071241,954.0807741043722,556.1375707926162,383.40549326770895,832.2927498936343,13314.512269112307,468.4566096619955,777.4759610722593,0.258805729007668,9.029774696918228,6.067414660415982,0,yes
209.3737168266401,386.96091116745134,222.66987719204567,252.42063414506217,1,80.34843525800825,728.5091886641328,19685.448012101708,993.7860459178762,339.09944167620876,633.0608466503452,700.6813784484305,14593.42487829991,717.9820572199753,674.2595926401939,0.29025018194611313,10.12712880717885,6.616966681320551,0,yes
259.0167562022607,245.7783919578572,144.85284649562948,288.65946624344633,1,76.85289022941488,809.5839661110854,15896.977475354306,979.1565148469402,259.96564049966,739.0424034233134,766.3037239037493,12446.490557923917,407.9662868831546,765.3047504979734,0.23129435262560447,8.248879086030106,5.676202280862235,0,yes
224.3144243798795,155.01297609784373,210.885349664951,274.6452567775793,0,62.46319448172013,779.6916998540888,17329.616726892018,997.713966640313,842.4601102537458,143.83489244839654,833.66410451304,13740.068508947656,252.6590567993984,769.0678821950983,0.19519661235756333,8.961103218535348,6.157192587360856,0,yes
224.1423945380444,331.6499413603109,144.34458528170273,288.19658510455434,1,59.45224296115416,961.953040580076,17778.614232384534,959.3179026444188,504.193629009517,462.80850519167853,928.0262802562303,13518.184630129585,124.65805173997157,693.5854299764563,0.2588532795625117,9.22148308361011,6.042310903599808,0,yes
262.03105574362843,142.09527731008552,240.48846662858634,263.21604383164754,1,48.299927170243095,707.3622362299076,16436.67236230899,939.6715828247005,218.83104619156651,768.0845991557031,701.6560433367576,14665.728287933222,827.5641057102563,786.6310987510172,0.20065140086759808,8.490610397050823,6.707045579265921,0,yes
296.26799585274955,359.589040755886,131.40989128517333,261.25777492891456,4,28.12329795227793,702.348835534099,19975.90905513159,932.6507496046945,558.0273635291676,358.63589565959603,941.0117794964673,10260.905171228982,576.3919300469495,762.750871713175,0.2792413360190766,10.258162317727509,4.927536304710349,0,yes
209.1320936557391,110.0628687552691,108.56185074353975,249.58005420029355,4,42.24694401860929,786.2820264444116,15218.647258572524,993.5390389266288,298.19817781651494,698.6673297062557,733.637193518506,11107.375867373463,750.8292886636663,783.8909213726122,0.1632809409733243,7.906506256896508,5.266817029310673,0,yes
281.06925157578956,247.85758631814141,134.2243124718742,273.8313387943501,0,98.26820560459117,711.6885098171789,19981.936464455255,939.835968770419,783.9719253460049,160.4176457678343,852.4203106011338,13733.073041511838,345.1170364984013,600.0450531835054,0.2285191242837506,10.264217663478636,6.170838836416612,0,yes
247.66757669822871,332.9115612310824,148.47723960527583,249.67375602719213,1,30.28454052291309,886.7562482384243,18258.23084021947,970.0048550119885,691.2401386435247,257.238716321978,829.09290597217,12540.907299444476,389.75458310675197,634.786753457999,0.25178638932496217,9.445608957959989,5.7075930031976165,0,yes
234.11845378488482,294.6115130731665,108.64838321973585,288.68050606707016,0,42.62353806091082,989.8868947874533,18172.456790073662,918.9773890190875,190.64989487973236,782.185008029759,711.8300414250921,13056.139231081632,191.21267479531684,630.255773895958,0.23214029384631046,9.419303555025028,5.790128710364354,0,yes
203.97302527854725,390.56750629499027,157.81928244672844,231.70093107561445,4,57.528638570430104,785.7837414947354,18069.42992749376,919.6255579424859,123.66030104761174,833.1403232863454,979.4103856116542,14925.47309018153,627.2173593623137,713.6035017591589,0.2830282422029463,9.3216057135289,6.8280396896715985,0,yes
227.1178086120319,302.27036919806744,166.29532301031685,203.46649631476572,1,53.939494000024894,830.9853513681726,15793.9949597737,970.4594729723223,485.56031471693234,483.0745389356065,725.2053076916357,12679.762416686306,742.0955026020658,705.9116970325852,0.2342283945949503,8.200979334947881,5.874640285794173,0,yes
273.5718496001036,194.06740724615935,358.38167670876425,243.91594795121705,4,79.32031227101206,692.5330140753252,17658.22961058133,995.6698666523138,576.8838245583242,373.1213294894168,747.5383992706501,14094.851993921768,286.3118573525852,695.1001081051696,0.25851918456577105,9.105857855139474,6.263301988688846,0,yes
200.23091203862876,259.4336532301279,362.9584290853002,243.25580636592323,1,67.47281004717887,985.6933704334406,18541.91826254965,977.4543837318487,445.15992874924956,495.1271456734184,777.7194121870358,12319.50892607184,358.9108841480278,667.9146527657988,0.26269146105507885,9.611107108912453,5.589363476846943,0,yes
298.18684016377506,304.37565786287087,158.04779259035377,253.39156357115957,0,52.85276420088272,612.4904150578321,16977.482798971585,931.7918805070952,11.68434813189791,977.410538573336,730.3199181148125,14068.810113018277,615.9008692562702,722.0452065242134,0.2482616795395316,8.739183882572952,6.386790712522022,0,yes
299.39048884252963,175.261165203417,114.05560760754116,254.81584025971705,4,40.700612072644795,933.2829430881856,16383.377729777596,954.8196054591214,710.9544543773887,224.51288254180622,730.4388880955233,14886.195752859188,403.0983823335842,612.297781847313,0.202727480200292,8.5166752297773,6.606859890798949,0,yes
217.030100549758,152.30406025211863,103.47012117369603,240.63078526249214,1,78.13585549303193,606.4637246448191,19966.951858036864,972.5593010913702,61.546390428099215,852.8335410692816,887.3427299969237,14640.696960122299,688.9662223804814,711.2275367687811,0.1708777665369472,10.238219051368034,6.695868412296509,0,yes
261.7083407606227,281.2269581832367,120.82746087263521,288.02259370785583,1,27.516447155238268,711.23005862376,17581.15942819693,955.1946229377892,579.0483209509113,335.41027132537204,808.5935336415098,14505.802838128338,537.7029474516189,722.3634846474059,0.23468024390036313,9.065839846355688,6.551389340865506,0,yes
210.11510885643682,316.11100087759394,331.47685781136977,241.71300812560952,0,92.37551115966737,976.6942940449158,15704.00095177309,936.511982136677,904.1969554552973,87.40753511116134,724.3176166589773,12905.398294950366,236.73178250035366,677.3480585052234,0.2791361423322387,8.18443297069189,5.761808099308494,0,yes
211.09578367820467,319.5772656327689,191.85294791390987,225.32063834923122,4,59.10812684534384,968.1155973051762,18687.777218072617,983.864424026885,860.4205585318352,75.66341857582734,785.1227656746285,14010.493704500586,243.91025652049194,733.7379307884316,0.2612602597419407,9.680872415612924,6.230827868333359,0,yes
250.3756966639959,186.26839292496868,143.01551260669018,223.42273546277346,1,77.56676199903131,804.0414517536136,19414.423470934467,909.5964144454267,867.5326802389837,106.63907165175931,777.6134250907563,14907.961408503055,250.07465858112008,690.1163346712201,0.19307245043002272,9.99680477816435,6.588756123524432,0,yes
246.5201243412157,388.12848935437205,281.1916521588853,239.39319951368645,0,42.55480789139237,700.7035733306813,18166.466272408547,924.3767778043883,73.80797439493846,884.4637354273007,702.733905698889,14567.252677356453,224.93061336487239,735.5411128301272,0.295756997319776,9.35194556755998,6.416273590566225,0,yes
268.26353874086317,131.08607035131692,145.72970852884362,283.2361469024597,1,33.91027561020944,811.968630021132,17081.384022793616,980.6114288369558,356.8984093110224,641.5234223379396,824.8081012554097,12269.106997410285,264.7849515594844,650.036401084929,0.1802800821987129,8.841816972870207,5.556069466609242,0,yes
269.90385125930044,344.9497585712894,310.94710476732604,224.3609274801832,4,97.49801100471093,821.0976083771336,16162.406864755725,975.3203949505262,264.607535372197,699.1177268317783,777.6163068380042,12017.908351684444,251.9388542497313,673.0317688543705,0.3072959429586465,8.383640085429004,5.429790977679374,0,yes
200.5428897219393,147.74939724442623,106.5290888767887,270.88716175956347,0,88.96390448587931,989.7937221652874,17835.7549362112,955.8808187739303,864.8533679690695,113.61661505952748,864.9610459632104,11223.339092532742,756.6877364661161,779.4188508303496,0.1709998140126222,9.255995255966795,5.364928641409286,0,yes
285.05189864128005,152.3485398544831,349.3211348669983,263.2461130780462,4,78.42044146258496,741.9516971016393,16728.191121166998,933.6895329429673,750.5213913332476,190.29141568771547,828.5015682692281,14428.28979281319,646.0899551445153,612.2748832724803,0.24522620400606338,8.64318231894986,6.5608498548440854,0,yes
229.98167004873926,298.9847154420305,134.91219005351547,246.40211089062825,0,37.966760536261106,815.3399138654878,17808.78296578831,913.6071697515162,481.6473886060242,446.4758312410418,823.9371925380761,10153.549371923831,502.22031682735553,779.1622982128597,0.2295787591288919,9.197058557160696,4.811851842725635,0,yes
226.22960257032048,113.36506903163024,257.34355940631485,207.69157740539842,4,39.474607146144045,705.0113728035183,15981.75525848823,956.5585292328734,106.70471939411007,840.0784921481421,968.2054696948984,12785.305457116447,489.0826262939157,655.7505279765808,0.18779064898116885,8.264956505973807,5.903241059593713,0,yes
246.40875015570109,339.37751688691526,340.5884481664625,270.39961591641594,1,96.04743999772536,969.0638765695928,16376.274471415372,917.3032742414321,198.33405270713283,732.0134739690603,870.2899801725329,14935.216847572916,226.02743894365975,717.5380765983253,0.305048599074012,8.516181833839422,6.624699018858946,0,yes
285.51160051140596,389.54063180881616,390.3754256433901,218.52219470835797,0,81.28714649675118,821.0732733054342,15879.919543359154,963.5999250015021,906.7938154428562,39.55249239368891,863.5775353375655,11752.409861784938,495.7073476424572,704.6401819300035,0.3237878172384713,8.240772597941344,5.45725458244475,0,yes
272.9924553596323,199.62400786189934,378.5282775288561,214.40640131854724,1,83.54039130859155,825.4735289200885,17511.25481745662,900.5886180732364,491.02696045017024,466.2740152869667,709.0716173505082,12281.15391389355,801.0587164876786,711.2064014028941,0.24732654556481917,9.04878798282924,5.731465139988113,0,yes
291.24572034410255,125.20822810784053,197.74169268398202,222.33162241242536,1,27.458356438527602,957.8326396796749,19002.078168777007,949.7944157741858,290.2072035483023,697.3789647764117,779.1004461753561,12214.711483767274,769.5296677939021,788.0524188804769,0.1782500516999008,9.830957405587672,5.734685756801085,0,yes
205.65467585654255,345.4906056390593,183.35524911486766,293.6865091735911,4,89.79225635657602,743.9273086736457,17835.02370433337,927.1485750649565,421.37223842195965,532.0674522987626,765.1200113691166,10939.146669810507,237.67637796525688,673.7015150031642,0.28677056317818855,9.196139375107343,4.986253628055257,0,yes
212.6338932233739,166.36286644932028,371.25288228795705,223.02009322803002,1,86.89590247494623,713.063888774979,16458.164528802976,914.6637636029315,439.7629388813386,495.9929015291851,768.0028083634124,11255.289414905426,155.931931895621,681.5330502806604,0.22708229569868743,8.499187047298555,5.079766177440341,0,yes
299.36711374687565,186.90123686195204,151.83229188940922,284.9168075267451,1,58.26001080674203,624.3794845680188,15743.725561942376,957.8410234218488,873.534831330857,124.87286737147429,836.2892170263887,13910.827283051221,445.71933704825665,775.3439747860207,0.21116319363661393,8.128471403017285,6.306287440123532,0,yes
217.94563111956043,172.58090758027646,138.74749419911666,281.83629191032367,0,34.90107507087928,654.3980694868641,19905.55108204,979.3674265137164,146.53596875733382,784.4757024719049,706.3647302291296,11272.64360287679,540.3957386403216,639.0123677647736,0.18496582953775673,10.218903851288427,5.209607555044745,0,yes
291.919666412177,298.5319055951428,377.13396333258265,224.4527099779829,1,86.80183864323772,827.0230725380452,17501.776222033863,944.840850429887,841.579561189209,123.8350304396804,955.0537414824976,11705.102265442678,484.2970316098025,689.9675049056008,0.2914275404741168,9.05045189498785,5.471048655330119,0,yes
211.92162214395861,100.54056681419445,176.94762059649634,210.82692251523284,4,88.7389641467544,628.8332725090772,16508.73517914208,914.2138401716653,263.164352421126,644.6993746575274,747.585211516879,12382.018337666921,431.0764870241427,716.0722862008749,0.17159556582197497,8.50596083700277,5.633088745744015,0,yes
203.33502798096683,200.89724746005845,251.31827682710684,291.40226347752235,0,39.30900017165624,891.7469049929236,16283.371792025893,930.2651255107199,120.24810064936618,796.0529080646252,713.6279957717464,11311.872742930535,883.2406473958313,611.4677549578929,0.21942961845821893,8.453843986487508,5.359730607647189,0,yes
222.69844859493875,202.05077174948573,158.38251869799586,264.304227931619,1,55.86402468692273,839.6534995695964,16573.84024575921,938.1581002445803,781.2644897552868,123.99512121427085,775.6625751428791,13088.784705666056,394.92052072841676,677.8526848382144,0.2044093216499053,8.588401392617445,5.907167852143209,0,yes
221.15491366992214,118.24320172419003,366.83898132569624,257.1970256197363,4,61.51541466238571,607.3970777297601,18352.210672085366,930.4881923202507,662.8106957871202,307.26907362313625,702.5441907936508,10810.763011545225,386.75429044766776,707.5194673195346,0.2236716497399795,9.425262239339247,4.976251437530559,0,yes
214.9224888278648,207.55231755962106,355.7973680715925,205.77074664140738,0,76.60862383974192,773.2937824235187,18475.055671993152,962.6706328429433,818.4811365141469,122.10307036274799,916.0207793404944,13129.350596627039,769.2706328294863,710.2428140321496,0.2320124067175403,9.527550494273173,6.138381870402725,0,yes
237.8160616742671,342.005670481225,195.24560213706368,204.46045525250548,0,63.38022687106318,805.8649178569997,19138.75280252139,990.5368473826632,139.4280435142013,779.143685234242,999.9482038118166,13311.949651496148,613.8537348753862,775.5384916453233,0.2546497034841467,9.870511676143055,6.188478846332898,0,yes
266.2859667413655,216.6635280090186,335.9990991536549,211.1197256610542,4,91.22826288273356,855.9589056339428,15896.333166479015,912.0984187137688,293.45670078460137,641.0168060167451,799.3461945913712,12734.27485322265,416.556973558046,756.8800638011961,0.2570971591604266,8.2497492973454,5.797941070777722,0,yes
277.05145448513866,361.60355771465424,166.77146743912687,211.67072738040352,4,76.42274316421097,878.1192039716473,15121.689069423508,977.9434667067866,648.0682275551703,304.3662724716645,950.3993936523592,14171.713480068198,504.2887210807014,687.1513707732619,0.28083876901341787,7.87647981341015,6.461668500251639,0,yes
289.63815817042195,111.1999634848681,384.28569501505433,211.76254935004718,4,47.46260954452082,870.9929136675348,16580.274501728272,956.0899165527204,357.9253980255964,551.144633406843,893.1129142000648,12271.986311765277,879.9960717967299,621.2097970431581,0.22215219327014227,8.601145293417629,5.8145557945503095,0,yes
245.32295463453949,142.4399358656908,314.9335380541537,257.5152956785283,1,81.7134545389008,825.1167606191892,19574.69551345943,980.2669499022057,293.79429018979283,650.3275360883907,915.5161375330631,13157.51902523056,740.0093388575849,741.2234402119282,0.2166257882858631,10.091369228724592,6.142331552585787,0,yes
243.299983879323,339.5553954683098,301.97970312246645,233.9656207231439,1,48.310123363730895,899.7132750974354,19896.94562224552,995.4934837892147,822.4673189405733,170.13488610325044,786.2662974959642,13460.43523450246,853.4595468480816,647.2416466452297,0.28371617621215506,10.271434337714878,6.251479897457583,0,yes
277.204467591394,259.7376190581617,172.71477014560242,202.51811024185605,1,45.94517229196402,755.1224311238973,18711.98732829038,990.6892314321876,263.2618999368283,703.7307199150823,715.1415216898795,13662.011297956407,830.6865613480534,783.3303728628965,0.2236385361548049,9.645856839775648,6.309005798476151,0,yes
270.48596293932053,245.50204241917675,182.6212348805234,204.1420392939589,4,76.21527465522234,924.1363390134962,15133.37964892393,974.0069870527404,186.8412123474802,753.5468409635406,955.4400385903709,11824.187536390631,818.6271329032991,680.3478220427679,0.23520511497079624,7.892234523071792,5.647858163859491,0,yes
277.9180052106785,163.84888987988484,335.04588862150797,282.2379170035373,1,74.68355075891274,665.4004434780389,17980.896226685447,989.9847416456713,779.2670583863777,199.84130252400576,849.5146263016284,10890.191920279669,472.36097571459624,711.5934202029948,0.23739627320924103,9.260453203687153,5.1028400488552395,0,yes
279.3534381864873,269.18108892621257,389.08182801943445,210.78000988389851,4,49.60120906786293,752.3310853437866,18293.653891986683,910.1584073074083,32.70432085398904,884.9162388034316,973.8955692738485,12834.319651172367,635.6478731714141,611.7593779055686,0.28507337242993436,9.424992227219123,5.973997703009305,0,yes
290.7664561610675,284.7320358178831,342.2563991684964,282.86874013653517,0,33.72889543864014,680.5084044260122,15974.749880832194,902.8374223181904,643.8947317409801,304.18271318833024,861.8277130915726,11422.786281691808,899.1097739960255,699.3665490025762,0.27979725954275314,8.24870962176241,5.485608181736824,0,yes
225.21965802430188,144.77005025668612,374.2505379991217,221.04429001548482,4,46.98100969104522,782.8839715086724,15898.750336043233,960.1191962269461,943.7916608351138,21.02518568430378,907.1783519686256,13009.252459679748,332.76254746910763,690.5102320007713,0.22722048276808265,8.241179611645377,5.912933828316813,0,yes
270.2784755108886,127.99022570438939,248.2321231902803,284.3549614550943,4,21.13371405170769,872.8472975188024,19381.56109189445,910.1881747446535,364.3163995187982,538.4720937603279,740.16764339962,13773.871507535981,314.31325869438774,631.7647587152418,0.21041534299231687,9.995913748489816,6.128380833863846,0,yes
252.2553363933014,148.45547231503093,151.11402032808252,281.00719251012924,1,74.34712006680657,696.3852672055517,16446.627707227002,967.1907880185018,788.7769060901949,150.32140373846585,903.5139352862687,14109.334209835895,876.1829116694067,770.602594777668,0.19091673352826397,8.496961552825896,6.575944487319549,0,yes
249.0906762674146,389.1470889377756,114.17763474383638,222.72570477022455,4,61.439144823731596,920.4734874017761,18515.245558764567,921.4430977745568,440.5172208953029,545.3302109881914,993.3474654571555,10176.591128445994,842.8736595920988,603.32065158967,0.27812684159638124,9.575104583998035,5.009866019046724,0,yes
232.69828270915337,304.32463526648223,269.84583144887335,205.07640806261026,0,37.129303928185706,758.3021762532439,19341.13651101185,906.4021844930412,859.9426708243701,122.08134748572002,823.0208123999511,11850.293364221074,613.3507460344738,669.9843023945551,0.2506742514088685,9.949544625154537,5.527599449101857,0,yes
253.7915390964128,347.8311738203398,105.99243763344364,217.40165208119572,4,74.58329732704088,858.5580848898114,18375.624632183997,945.436376934586,539.3761400751404,379.6822650058533,870.2144375237393,12159.18859559901,312.26453048023916,693.7946516707927,0.26114555452429755,9.49454823196331,5.544071622707488,0,yes
236.10768123464948,114.8948065985545,218.84839802217442,227.29024508030446,1,60.62578536004351,688.780798614243,15795.52115283408,905.7727783251268,167.8352570480931,830.8337450533171,996.437501918804,12414.74831662952,601.9015871053746,660.2255930402698,0.17652973478902811,8.161310834226198,5.819194958522247,0,yes
274.41108077514656,303.6654468177507,293.5069334725688,279.90972015183985,0,70.84400342210499,912.2591268110402,16851.836515574272,992.6316641421505,498.33758469384765,463.77960136608596,955.4061114402696,13225.579295296582,783.2876914774315,616.402051868924,0.27962269447538407,8.751335183320759,6.188876419334516,0,yes
204.90705484936547,113.63788461242342,325.7601941827544,216.79320359543686,0,98.23879434764287,790.4279955038289,17589.10121544951,992.1235227912847,525.6212100631724,422.93499928577774,969.5491228209137,12530.053377673143,376.3347750847411,758.1746438031256,0.1920998123941112,9.092460713145593,5.77035104365422,0,yes
212.25945346602714,394.8440336022603,387.2693853336839,295.5806247520252,1,81.86046049493257,752.6156948200772,15676.152903553095,970.9325038636072,19.709022289438202,968.7809788170148,814.107548144963,11796.472131188135,774.651256517082,732.9570117576557,0.3355096884810613,8.124649833361904,5.57623229683298,0,yes
227.81890718677937,207.6610299311643,110.09880575375473,231.73794680925207,0,33.13703676746506,869.744351256536,17079.317842679928,968.8330622751876,638.940206863089,266.6665016477675,743.6333357457937,12825.73544930884,141.85199827761653,778.6509403067827,0.18427358732309831,8.85214206351983,5.701311231672208,0,yes
226.48549693759423,250.25338473002566,234.12297013079063,272.73819774723773,1,74.34757754354749,637.4720957309524,16812.16302936436,978.6269839212333,887.0825613049788,71.66916830413265,995.6434878135193,13683.61899208726,669.7483462621119,719.3635655108299,0.24332721301747218,8.668412330853544,6.3558342590992485,0,yes
264.58651438575373,192.16946423785686,368.8903429564758,204.36033649252292,0,69.18843981921998,917.4456913520228,19006.52462728549,993.8706497673713,620.2909295733286,351.2004719702295,731.0598425135045,13586.85274770549,686.6426788105966,600.7444897928094,0.23353947689191398,9.830032321255855,6.204241707940463,0,yes
257.5059686356116,296.9575550336281,242.6725366803743,216.66642899991416,1,74.17753931308926,912.0777336332635,15920.39224511201,902.273804656658,726.559162933155,268.5096245867834,777.623687266929,12704.178556279236,413.9200726923624,791.7434269674281,0.25640385817635114,8.273147457374762,5.789169380709427,0,yes
258.27486242251837,209.8991529679867,168.44181641072947,295.512252558145,0,90.22036102115592,897.2761373903481,18183.19683373119,932.7219036718494,453.1568466551806,500.3973511809591,818.8130314302043,14105.490677959542,511.6553769185524,650.1660002427634,0.22061812675862688,9.405347791642509,6.38078654760672,0,yes
286.2785365339617,248.54881040710205,235.6351024370232,229.84436287533944,1,73.56883368400233,982.0268220418944,15160.901852718278,963.1862710670232,605.362461990015,302.2497377983608,941.4700658064506,11113.198720964418,706.8720292244799,638.7740948160211,0.24183412897587955,7.917782188216185,5.303231007555573,0,yes
288.729007214315,116.63754885575025,102.39201879524671,226.9729828096984,0,48.57207972849934,788.5577131158825,15591.649816698744,960.2824271295636,924.8143239543563,49.808777074223144,807.7731505116125,12175.08770511239,191.8562469470067,755.8351482288202,0.1550148352828281,8.088915606417656,5.493145508390332,0,yes
298.8362386040217,273.6987075688346,321.6491340938753,285.11624069351285,1,37.79267077308151,728.0581036874236,18507.79937138457,917.4288738590637,385.61253158080586,538.291664275434,780.5538736682632,13325.597105869247,736.4765901849777,761.342317506263,0.277245536471415,9.527689361978522,6.154066660923902,0,yes
208.32751923079184,277.1038639925059,242.0016492811417,227.46320640826593,0,25.825073850617848,812.2933715907468,15645.457694886527,959.8099267629734,159.91082004318756,822.8783514808822,971.7778077842323,12692.544658118726,267.71652587720234,648.5520771022547,0.2341965137994814,8.1210537203274,5.783042819540956,0,yes
201.53092258399565,118.11162786333014,230.8760585550775,273.3087740463924,4,32.42703326225407,625.038358102562,15050.232478388018,988.5056858575499,891.5244541770272,51.67799118339565,960.3371454902551,13460.37016584347,423.55209695362913,706.5758552673448,0.19351567547633597,7.786105669331991,6.150104022804366,0,yes
217.79537912670034,271.5191040690424,144.52051353972004,237.21789243582194,4,41.36684074927536,729.0364435366353,17747.84964748515,928.6508356666696,390.3390505069203,517.6945218345431,847.913606522699,13275.898320275042,385.96567798725135,771.9883211559791,0.23356569113492082,9.149466279789836,6.020176128626433,0,yes
290.75044445180043,394.28125886967325,134.28249004100564,217.6638464778816,4,57.72193489417637,625.8255752230081,18927.771306683448,907.7975234001011,918.9068160712186,12.789565017880818,971.4601262436888,11684.397352421856,571.1768504563867,739.1847500124843,0.28799485003715786,9.713947730588064,5.505951680821473,0,yes
223.4700968960694,249.60197505029328,376.7514486329628,213.88110507073952,1,57.12794795981685,818.9143310273865,16477.378749140273,966.0997823811383,676.6704999731146,233.05024636518579,912.7592409495254,12831.401039368287,562.693242999336,659.5305369483899,0.2572752897492462,8.539363516061982,5.924363784490532,0,yes
241.42421756437057,303.39572900213784,126.32700779752074,259.6732184187926,0,36.23884767033135,937.7348902206156,15153.842802329582,977.35745776423,61.22994107429918,928.9235297311393,750.4237654445717,14250.718725836205,821.9581618978426,602.5654207694965,0.2335090118702471,7.906035589624435,6.534479770837866,0,yes
274.03515497380755,379.9974654037939,125.424171732887,201.11778719343684,4,42.929090021497494,758.1489695892792,15090.762450802209,949.7271044018134,241.79144233728337,748.7672488716685,868.985772522041,11300.192783906474,766.7131713820356,718.8967770033635,0.2732239357887769,7.8302584633123375,5.394921365281353,0,yes
283.36222869040523,195.228075414324,286.4180549481488,277.66895365073253,1,90.77641244979719,648.103174940826,16189.800453474043,995.3507617890757,868.2752492074007,51.85902767936318,731.7210189100273,14993.689676274465,608.6760622242398,741.82231119604,0.24202173476336872,8.361868263890196,6.747539542564424,0,yes
287.99048914558915,191.86675149299003,340.80263865735714,272.463061503544,1,72.72566055286266,664.6236574168479,19769.688246500777,987.9504296526402,322.8691087731189,604.3741804052596,787.5334081354118,13845.922403320788,877.1060151114401,617.2764643188093,0.24882943054206966,10.154397215417296,6.402713736090056,0,yes
287.9774093102492,175.0688697220513,303.1285926507474,229.0747185724637,4,27.01705833480159,908.6748384926984,15663.82982015439,993.4843991673627,375.68819908939173,534.0850855778958,836.8731547262738,10585.590893758263,607.2372059805165,623.9329337498862,0.23215072149934204,8.156634518334503,5.008849806982746,0,yes
251.17051149901815,334.324989214071,225.86408608001767,221.28338842319272,1,81.69039170802296,684.3046741165107,18232.860600061413,981.7288655669136,759.7997700486061,218.1577012041614,781.275208173554,13586.511521641125,226.971662782353,617.0693947053242,0.26905595119283254,9.389434423516303,6.043345122494063,0,yes
269.76274071252857,100.90261680909984,157.64827262629117,287.53519756881576,4,30.02122574434983,944.0156108775925,16058.91194637701,986.3403725295452,965.834346325631,22.653512019944515,793.6151373619479,11489.305264970659,763.8909362074952,692.7074592278748,0.18315120928025524,8.361250993825402,5.435543786832892,0,yes
294.0426419325514,138.2155884917139,128.80399133387516,272.37229178145145,1,97.6005697668009,694.434560879502,15838.497873578921,912.404478422187,544.9161174917988,444.4577346633125,898.8333776550821,11597.645286149624,711.4727043149676,790.2930229183546,0.18884613861192281,8.1849462380008,5.513077052938502,0,yes
273.53673476389986,257.87598960601883,264.83102133343334,212.38570381232486,4,91.12537580435918,897.9953395360327,16421.135652896824,922.9086289109115,533.4261513409458,403.6772844458627,944.146622746879,12602.288242905282,283.63791041771,644.4206278280263,0.26050652582716727,8.523136294698594,5.735418455665381,0,yes
270.10192788016275,317.7724019439818,270.0195160255188,291.8015986281532,0,52.69565035738803,760.9968385843567,17806.733763833734,945.1673265694379,78.55235894384035,866.2995786695485,913.9447958281955,12775.704140014615,892.8553868687014,671.6190477365748,0.2801194291127801,9.188248952512055,6.041023289541034,0,yes
256.6996110623901,391.06141489247665,106.00859639886599,276.4012287499917,1,59.317328417592634,945.1503598543322,15200.863115416623,960.8845448665378,681.3950222084239,260.57846139349,745.5179106736465,14011.829571932667,647.7657964405823,696.7740274221711,0.2766893662427863,7.928968582875898,6.37298317775262,0,yes
284.05007213659127,123.78298613237695,282.9769484224338,296.44855942012936,0,29.140086472317286,617.7800911311195,16420.52760986034,988.7941476352037,398.4489146080783,519.2995157530746,941.958833334744,13791.409002458577,608.2132172151903,633.2365716594371,0.20485008581595426,8.469713610133418,6.335907194116733,0,yes
218.2813779685319,197.21867604087333,354.14743120802257,257.4254774004036,4,85.03144942285986,879.4275405730839,18643.08565033414,931.9888937032625,777.7250827777199,130.964918835984,858.4186164217102,13447.908355240654,631.8053844279045,763.9038496700091,0.25536308664929636,9.631146520245878,6.190530188460852,0,yes
245.69370326553317,357.7064204098969,112.31227047703456,295.1174184629812,1,44.34981145006737,778.6331771727471,15402.494267703172,959.9066854865745,83.01841641436253,847.5850558568575,997.2166825654315,11019.296780754987,849.2050900712527,626.0960962893354,0.2650782716122181,7.99207621717616,5.346388469959722,0,yes
239.81961181625428,320.36216404689173,215.5931555712016,213.74907410312142,1,40.230681284821195,886.4698854557394,17450.790245297583,905.6807760604914,178.2838088057893,743.0868752177937,947.8934917403815,10468.757132565011,382.5031202485916,678.6482363201604,0.2532628902678348,9.032995807670742,4.925387735085562,0,yes
298.41779271260214,330.0397651070437,243.7874276216881,224.685259318284,4,87.5594687506048,643.9167013086353,16235.341578232204,977.7324583224442,892.2758719975996,35.82465779532038,800.8540430866586,12401.061894779657,270.21633450533466,606.6019044444223,0.29032680608064365,8.381283825170772,5.586067101851496,0,yes
284.0644297188054,192.93775499784732,176.2378065324503,266.0010860581783,0,92.25837924006888,898.2228897395104,18815.808913998084,951.8609200478309,712.3411303027325,244.52121722945753,859.2706782471182,12119.250253545171,798.2478202396985,638.2834082066084,0.2130113127978512,9.724497577053882,5.716009845830999,0,yes
276.0006260662427,255.10157245056735,245.29098507462038,247.56840867961262,4,49.619542719404144,678.8425288108992,19020.462473590094,919.7637507471579,800.2734321899002,101.59009155552553,985.6050860341004,14843.419818213268,305.45778105647776,670.0791484024669,0.2576188320102728,9.773511974063759,6.65572872982003,0,yes
296.88914634240524,156.82540791389556,161.917281478536,231.62137266984033,0,59.9629664873515,654.6059710012245,15999.292069071607,956.6571025053704,489.36456841821973,425.90700700873197,988.47284304514,13287.5758911689,375.19748389011045,762.6967121052776,0.1863907083476624,8.262684798618857,6.0765138233599485,0,yes
271.80152773299756,217.5781325014584,256.05844551773566,295.7322608263158,0,36.213816583114095,775.4363135650785,17437.031806954692,930.5547352494584,853.922375130684,74.25407810000183,732.7282569192101,12466.014642173417,221.25973541268297,624.4964961982421,0.23617919576385152,9.004600010430387,5.567560588794155,0,yes
200.55564395839747,341.3221091260216,159.39471285585267,232.4906864901301,0,62.767063165236536,774.4032757075495,15763.706584018022,989.8395650386941,425.39956164783155,547.8888390988405,900.7887999021648,10742.78191930881,310.4223369771721,604.7941290480667,0.24803045610597627,8.17587921277853,4.9847926845038915,0,yes
201.0044121790086,160.0370917363817,324.3353132586459,238.59902635084734,0,87.38681112824005,613.4333950323181,17508.19968346725,900.1232032035736,345.15203617459235,637.1218377824816,777.3099914498041,12139.167885438468,166.84344508406798,758.2032125313497,0.21287840202176914,9.000419073181568,5.457960575382109,0,yes
280.80662168842196,374.9467420155,176.77722812698758,266.98426610541986,4,66.80349885484729,711.5377155687358,15600.572080127447,966.7072701020855,127.12435837672537,773.5094021736192,986.2272690392407,11164.844506110076,753.3610358224676,780.0968836350158,0.2985060301592554,8.077200958294272,5.378111036215259,0,yes
205.27937338754384,285.56881527497103,264.03264107603616,217.17212053785815,0,38.59783891627885,751.3347232503972,16830.629657297763,942.0397665918113,568.1445281764203,382.7521519393913,783.7791137133639,11813.828698377802,657.2276969361706,767.7592006812697,0.2411510523152186,8.697624943439685,5.523508637128341,0,yes
232.87626753212797,272.8702272947372,100.78460313588714,242.3039856809637,0,74.1475958688499,718.3436712139617,15169.53419307516,980.6145516897418,563.2320319510791,366.51600709087336,939.8755189901412,12416.031692404711,274.08867080015585,667.1614951354392,0.2164015741761619,7.865103782006516,5.657361647958524,0,yes
267.23392668450936,306.10806224451954,349.5575469152594,294.0706854304544,4,70.50355028564164,923.0378247810199,19123.659282011387,967.8467609402085,193.03286801149747,739.8510757974559,954.3686296551633,12626.304674302826,267.4916783954397,694.6165032126494,0.3096907841072425,9.886272899895847,5.748672045635283,0,yes
216.62390237376223,228.16965422055586,247.7127233057409,290.3855503224629,0,67.2289568646041,616.1568755511651,19448.43261830006,957.272432041926,139.03970620982955,799.5183721448675,914.6610457559921,10875.858611791846,829.5943203277267,649.8038473524433,0.23460087810222968,9.978957378375167,5.252339788065792,0,yes
285.2471982675784,216.18782017405545,291.5870188118552,216.68138371995545,1,77.11160894357846,705.7693187841882,19627.89502766681,957.4286246232039,742.6155994751758,248.21233815727305,972.1642239636831,14674.04022431266,406.47492646259246,764.935646465961,0.23776231617952526,10.088313042727087,6.6477853429023055,0,yes
240.85513948030956,289.6609293487143,336.2505055444925,269.2014027427373,1,55.727248147592434,775.4097947328385,17103.54823247147,944.5211499705504,122.118129135804,866.5762827006034,778.8035778388846,11472.528052057327,171.83464542525996,630.987862049453,0.2782830074048593,8.83976891551033,5.17801297237983,0,yes
262.8495847987663,363.76063780934277,309.89618080882195,262.00298259812797,0,85.36786799331038,691.2108762445091,19061.43481598926,993.8564386900832,814.2848072171905,132.34409354270872,952.094707698093,12420.553909824011,665.4746323616972,675.9443500654329,0.3037202391322686,9.806918372428244,5.82408372681094,0,yes
257.4499467560449,386.20773260434936,211.47294227689213,276.1825990939386,4,69.86787484146689,653.619186557784,18329.88640844969,907.157072174659,222.85751448832238,714.7942764702125,870.6345713340324,10751.487039943902,786.6192392284482,612.9888148269769,0.30921831231125574,9.420980608220347,5.162852870178332,0,yes
225.269458173989,182.91149876913528,294.17107470969734,284.66101283571317,1,24.380020204433606,633.9086065745432,18883.284533704536,981.571461741097,748.5383356158272,160.96862293444576,718.1731230478408,13275.560241825877,563.5375538042455,608.2838897246911,0.22435031066143887,9.703603607880648,6.017799241067082,0,yes
253.38991291109534,207.790255882537,315.8725713621827,204.8085430360795,0,52.16583884383108,894.3951475542232,17731.713288127834,986.8876845673616,213.58475955555096,693.2580553867086,935.4199943782891,11990.639418378409,384.92115698419786,708.4940899512558,0.2257176112144362,9.186417509390072,5.532068023450407,0,yes
260.04721822182154,170.4709444671147,205.77217202747806,250.01429890297837,1,74.18741076339856,756.2913011848639,17550.352350681736,952.4422342372455,749.2377264559703,193.44745236579217,743.1666011323878,11673.996015688781,157.97801709423533,652.9001206766868,0.20542141895478236,9.060015031370542,5.235322985881142,0,yes
252.91264951502544,339.4550495495747,342.5512127315078,219.72075602754316,1,94.26255892355985,777.7922228615691,19751.042370443407,918.4382875555073,761.4360846842097,145.76751794220934,905.947526117547,11521.804709823637,448.8304949776788,650.59642604972,0.2959342506878628,10.16047066757825,5.35074030501117,0,yes
203.13917206248308,164.7525832766841,298.96848544926604,204.23802505441574,1,70.70012484349762,832.7562023247671,19483.94511977781,952.9582096618675,548.4913795922928,410.29354294376503,756.5080689457484,10860.385498099851,538.092576148013,633.2850298827086,0.20499016946049006,10.04393891503371,5.066907812183363,0,yes
284.21574624005024,104.85496074911329,211.1230056100473,262.98759226715856,4,41.369083160273654,888.0550957448959,19503.183884085192,982.0909731553538,846.6546253720719,61.87646255310108,721.6030068890882,14297.83100404219,195.96582030475992,648.8693003235536,0.19377381112322478,10.070050843665582,6.286221966279158,0,yes
238.96485174109927,245.09782023547828,357.38094918880654,286.30168293581266,4,46.55571991134248,911.1122147233805,15222.367997077163,976.5903172399348,41.342766721345484,950.8196748280207,883.7630458208962,13060.612349775698,261.078578399255,684.1648866362772,0.27871218686428373,7.934118177153608,5.898385035542546,0,yes
246.868258808492,276.96187364515913,361.4739519296395,211.85449629432009,4,96.66605454218781,731.5919745533574,16581.849364371763,901.265027522839,719.6771012361309,266.2903239305816,857.5166066500125,13467.316301420267,244.48191326809967,711.593669662818,0.2846863189104849,8.56328836201948,6.046688574755609,0,yes
274.3704667230985,156.15879949539428,370.9098957900985,299.2080641440161,0,65.64301459053405,796.0307910504334,17678.970346363356,904.4247931462526,665.7621039975669,294.38659634703174,912.5206090149132,11734.817127493012,428.90111531745924,662.5146941504985,0.2393012787998665,9.126584206269605,5.439426457357214,0,yes
279.2508483541819,372.02089767514315,381.541436031502,287.2137609630572,4,42.711970713440735,716.3546112882378,18727.40829047953,901.1423875475647,705.1670342924821,203.98912716017082,996.8942792083433,13777.564369756867,318.6268469839945,640.816592524973,0.33910906654012285,9.632688843843868,6.236326922794859,0,yes
296.33088124461136,158.1158928250856,393.0312480338085,212.10972553324456,4,94.00042788873667,619.035173924373,19487.578666322283,955.1284617760158,594.2433255231529,390.16087373763116,869.9031879901048,12400.916269509524,525.845101113258,634.7951259832087,0.24943641695786115,9.99886123467816,5.727315726235197,0,yes
253.5589209607803,157.07134039318947,336.28792390660345,288.48222262517226,4,83.03618908893503,936.408357952507,15621.360012013429,926.6988766211423,732.0580478594154,175.03568942908998,713.3054697073204,14496.12170149336,404.3248734067558,705.8063316980137,0.24615028815367837,8.132519466946484,6.452855862973644,0,yes
277.87760209237297,295.6188658418439,261.90162675013494,293.94177006860656,0,41.63455393283555,688.4548351553185,15289.851846000656,916.3047998671103,304.7306737995739,673.9022307273765,919.6252955937089,12689.870712369035,345.4419970415284,695.4679809217502,0.26965658219402194,7.909842732448911,5.797793775626747,0,yes
282.11538709058414,171.7095986581634,314.7467819117547,267.10934607247844,1,76.75115178571262,825.0678297073995,19605.26609061542,996.6200410056836,164.83716521971758,812.1171558381008,841.8970599326775,11630.164337141134,876.2791039113688,665.1078988088959,0.23424655231487174,10.108910175381103,5.550927708006446,0,yes
277.1208595014154,399.20209964319235,317.1990881087604,287.94292221203057,0,22.666373363658607,762.8108201493571,16052.379359890321,965.92731550557,462.8421114741187,536.0951763357729,883.6454452655753,11688.522235709934,309.3613256884279,644.3326161414823,0.3184699148074175,8.314333060354773,5.364525417497471,0,yes
210.78087248949817,200.4806432225045,212.36475228793162,218.56652911972859,4,56.09851055963388,974.2845665125723,16672.252784292286,953.1959507705566,915.9464416847053,22.29582032355313,845.1622505396125,12686.574733713862,445.4595431317072,792.1430800199296,0.21595507915859752,8.670296387141581,5.813969940459659,0,yes
221.79322492728048,144.75896193762782,322.20350649847796,236.01694709243478,1,80.50087994427066,700.9578318825327,18491.533281973894,920.5044638867314,154.87402846201775,792.0482847692303,914.8207766755953,12688.053771539537,469.38413554896846,619.8934643156632,0.21158242396291252,9.514005114637184,5.8304343734499335,0,yes
290.8978573765482,239.30494956524717,396.39381725615203,254.37429291886298,1,99.51446326509048,672.6610824977943,17311.000642898136,983.9289208876427,2.246560810227027,984.5100638570448,723.0314261913907,12383.411286066983,879.4197364610286,719.4809229906288,0.27904244565629394,8.926256168126436,5.814459929913429,0,yes
286.3502949221283,172.99509159173004,324.83314340087804,267.1404203158716,4,64.63223441688427,680.2631515770834,17302.45181855043,988.4063374147131,464.9943635529215,523.5357425402927,834.3686051012884,12135.347956128326,270.0191908082633,777.2910826187856,0.24779701558836006,8.924268368380247,5.523936760989154,0,yes
259.2493801223242,362.64561943870547,191.0631815308467,220.10314489084095,4,40.38481988609378,844.8637900069314,16017.218741312578,927.6730267372296,449.78125791670607,536.2684071271531,776.8993980745353,13911.02857453841,751.987764714978,730.2726134014263,0.28101715574674935,8.30982441231057,6.397412255623395,0,yes
273.4406942468889,191.1836414590926,378.5603981010218,296.8386748195411,4,75.52328602915692,656.414442605974,19739.113050912027,972.3724379043363,699.6303273838037,264.5772248503763,810.8032176305173,14881.509523791037,847.5684076271943,771.6576352632756,0.2714919333130574,10.13515846378653,6.839880275943345,0,yes
221.3584519984895,241.8208426642722,298.06795261065736,282.023529525513,0,42.02028748807457,871.3454621411926,19199.2723510594,946.5003873511129,591.7299178411888,332.87315955299687,811.0072684909461,14397.921600491052,657.7472141473771,633.8361147602329,0.24588901682985492,9.909404437732356,6.5469613612149224,0,yes
278.1976918594094,204.23666153423346,397.4756125617197,238.43838720008372,1,34.219048473684296,672.3041831310127,17388.630297296222,972.4406366122716,569.6035984847605,386.535318730031,890.8596530976423,13895.769160047772,548.7366254738608,713.5670397356146,0.2522263605600307,8.963403744571945,6.349249574242282,0,yes
269.6972195087867,317.6353988527203,137.1999354509052,251.55154282586798,4,25.9666357035284,618.6497625302819,17591.370083445043,951.2482065857101,789.9394320178681,180.48204435848334,984.2410091726301,11019.319295095796,335.12164540645676,653.3185233570964,0.25804007638009674,9.050139007973058,5.144614569423813,0,yes
282.7715920790336,242.99416326845474,237.28743388532968,220.02998922820154,0,41.10171477331818,630.1086817665,19921.326690331036,952.2142203743275,677.5703300332543,289.96848756897646,810.6854900469496,13819.281366734378,377.84466912014256,731.4911872362052,0.2294543281287944,10.217744954464974,6.222172343642771,0,yes
203.3375084994705,329.84745777864043,209.96016509973128,224.01194380582697,4,73.86862740799688,822.8984107904555,17349.159172636002,944.330343047001,285.1291636711581,616.3247772683399,782.8254405235767,12079.837205073714,226.04460870141781,663.5556925988263,0.26960463572592763,8.973148626934154,5.436505910165831,0,yes
212.54502841004813,169.37453800288102,192.84793443590888,266.1311139114225,0,60.92037170502248,914.8943121964951,16079.725295698896,901.0450234364769,359.86251739793244,548.6645732715806,789.6507161115331,14679.08934003187,216.95393332556722,703.4945137756494,0.19395100181286873,8.353287768668372,6.481523017858726,0,yes
264.00677019154773,357.19396079611334,125.60322760445038,201.6337178426577,1,96.86399896733398,728.5881920978478,16888.629384644173,921.5347335509733,749.4262884372281,183.67854722565357,841.6468666561924,11405.804420748946,643.8900750986861,780.3834152965424,0.2577533738253434,8.71878293513425,5.377351395608846,0,yes
248.2142981425655,186.73500744536761,379.7904828844936,269.0571197911372,1,48.86557619148551,869.6445394119829,15047.653208276004,947.7969241686354,659.3424487669594,278.9479914474857,900.7462918067015,13145.64419467549,139.60478073614723,710.6887592919285,0.24585954020451561,7.833388845822068,5.886667216541056,0,yes
216.00999628102164,291.2172738071732,310.3360112842785,276.5953028362278,1,50.81045634322413,835.7193518552281,19689.383809501647,911.1456278866464,496.4523277848187,407.47247901173745,966.5727340539659,13383.949826584329,361.94841333375473,638.631017124344,0.2714451072595464,10.141591528082612,6.083081333298437,0,yes
223.92008889004865,219.60884228271308,379.65880215840446,256.26842171955826,0,25.83683909751935,695.0457724869108,16330.750443393343,940.4040682930254,28.063684298226285,915.5529146129522,842.131448397678,11369.553320614123,311.8323174318544,631.8208928802321,0.24646094224251522,8.435041101682534,5.21204174285642,0,yes
298.2108590618738,252.5222410602274,334.8092562269674,229.74016936391484,4,51.173594437951884,927.866598127322,18099.28356250626,918.680254639904,186.48818721786256,743.9112705086139,814.6379071399808,13941.605042698378,550.560352429017,742.6208676327369,0.2739343046009917,9.368432329942332,6.338137575605411,0,yes
251.09396759741423,340.0123688910928,354.7946824896583,221.57739550166414,4,73.71336455899944,680.2634917276332,16402.50894667295,983.9749277032394,49.08936881035132,940.772990685916,761.8219041969139,14906.459383821573,108.75145482148474,763.3202436596675,0.3081631239614243,8.473683069957662,6.537177644434615,0,yes
251.02916991613438,219.36882122591248,211.97428871812417,299.02663214107673,0,79.38613546268391,962.2940950138104,18266.109944449592,960.145968362497,269.0056223952757,683.6583787072555,971.9298854437482,14312.4350675706,402.481980165856,687.9339899679811,0.2315365539295931,9.465423436689418,6.48598130241672,0,yes
244.08516818077845,283.4546445860908,305.5853704661741,290.5768263712786,1,30.355153584910795,659.3335751039314,16692.39006756915,977.7370195963612,355.8492390146206,623.4173004812021,734.4415762338672,11690.729738095157,694.8514681432855,691.9713030335805,0.2711618616353082,8.613176799327741,5.463454389319567,0,yes
248.2033159930383,259.8487047455898,321.5161276174364,284.11542565479766,0,83.03169306846587,910.0185138771583,17521.866717854176,940.742057009957,940.4869890076939,47.67333201988981,981.0932414032279,11072.930584663254,539.6397310602379,660.3402769281641,0.2667557464156315,9.078679108712471,5.249982446904323,0,yes
226.3458883498386,178.19378662007307,309.4367228801656,296.0154325529842,1,30.74726475992889,685.4731765197433,15169.5633792531,966.6022682897267,826.0300408202957,141.97345347041562,834.790092416686,10582.969603507594,671.7224867990498,635.0902855012725,0.2287233824194475,7.85595158651787,5.042213722580771,0,yes
282.87463114368495,356.5708034301823,134.09697077768334,262.6250869679874,0,64.15187139004344,865.3299111520337,18131.03223385877,958.0837883629104,67.05969944761537,888.9843838236636,800.0050428920628,10602.325437224574,341.2038658787179,653.2770924698443,0.2656763348426027,9.37551995559166,4.90456728030961,0,yes
254.0525592051235,164.98199388166225,313.4639524819454,253.62582309155158,1,53.29426733865478,605.1019417600893,15232.049373513877,958.5878221794449,684.2424650191781,238.62207664387552,702.128434399025,12168.264351783773,276.51574393656534,739.2731805271414,0.22210168197660732,7.868544292259054,5.472703470674991,0,yes
269.6013279123563,129.2049826875462,143.87228326850808,203.86414840244137,4,70.17855324351605,652.5185806627076,19126.046556548532,900.4253772368947,263.052090748429,698.7308397595697,940.8962309279766,12746.996224936094,731.6774169773311,614.3329897806092,0.18000995381556367,9.817902221857816,5.970679072190665,0,yes
231.28903254951607,350.0113963510372,314.0177567520578,272.45186262644415,0,58.39677349212724,995.264513983411,16546.977006123107,902.6118012077253,917.3761126434441,33.467729156578116,810.7426389678698,14974.999988579806,406.93371868725643,635.8201867985541,0.2937535570042049,8.605572397075296,6.681222103859014,0,yes
299.39211111630357,161.0480067164023,198.39765836315362,215.98668484512845,0,83.66443269716453,747.2694424836553,17604.668015666142,942.693953072526,840.7096746025051,99.08566438329694,727.5614861170596,11339.032570731419,741.9673969701943,677.3836073426642,0.19554613748495528,9.083833567944568,5.331509521034581,0,yes
279.3769795641864,216.08457232661334,257.09177464591505,298.8634223949355,1,73.78370119555731,872.6071185356791,16840.1351794861,996.9811937914951,597.6069000250366,395.3635052424793,706.1382593208845,12593.46657011181,578.1456654404321,725.9264750337679,0.24609643682446458,8.73709472681359,5.772929860146797,0,yes
275.38792173129593,358.5437616517231,166.6419377043474,238.11649069000939,0,30.08070612133448,799.7764219799726,17335.368093378118,925.2552691474147,489.3217642326155,504.4742259782675,799.7170720571347,11594.478386886924,589.9641263651263,669.1202812860131,0.262842224230851,8.95846535524046,5.408115269909169,0,yes
252.23601208701305,208.68429139236045,302.29173738850295,267.6051320185681,4,47.21569540476039,767.3501780894072,16673.21758698822,991.8826185157066,524.4247541399881,425.8404781896411,920.2457689283806,12635.554089893029,478.98413408638385,634.854620049921,0.2511502492944959,8.62935069026934,5.817859260331112,0,yes
209.22376190697983,226.46661550634474,215.55489656662638,231.72268643379985,1,31.45104874301147,900.5437245223569,18986.471691215807,994.044219039922,426.7004285080547,494.51545506960014,872.681814148488,10763.598726025191,236.41437850960213,760.5170535689916,0.2143243092074089,9.816184853578273,4.965615865659829,0,yes
276.55767436766087,147.70463559293466,253.8935924291056,266.2882991723393,0,77.21399727474163,716.4016944719181,19395.837822594644,975.8109200260886,32.49541307181923,920.7606688847444,869.3714969743046,10943.208550159869,856.1297979928247,635.6357935718229,0.20766410752868852,9.977163048675246,5.271943334257907,0,yes
255.00070434685387,372.5824287394023,367.1281770818601,297.2712948804956,4,42.49417732307303,900.3888074402049,17992.784934467752,982.8185914326292,827.6645548884705,76.29534572161947,841.7497318038317,10559.843474759424,535.8523423903339,661.9621158985973,0.33536621976176434,9.317750361369063,4.976133691921365,0,yes
277.22463219219884,261.6383958480769,243.9456914241234,216.78476861502654,0,82.50496671096509,658.9249325532807,16707.34534081787,973.796368548961,886.7637685895099,31.80026335650723,716.9253168349568,14896.121521608426,392.4810622369658,785.8456884434959,0.24209707678347916,8.620020263503813,6.621764707453219,0,yes
290.2578792822588,130.93233887493307,269.4742729320617,241.49567646471297,1,39.05359337060343,980.614194581844,15812.757005613063,924.1241545763901,217.47109006908664,702.7518149650218,758.9291363828543,14670.63835266588,362.67833656434857,613.2258166562154,0.20005110670878007,8.2380171178702,6.513897932430219,0,yes
265.2866374342428,174.2150644738253,394.8551459766773,267.3910042425713,1,53.30210041954114,672.2870771785998,17101.259921839155,984.740314957933,749.5244664713597,222.27012871805698,870.4707414665484,11543.621121584627,193.69265580147274,753.5351916719269,0.2462483238389799,8.821416243606917,5.265675725953656,0,yes
293.2206535317194,242.4767994134912,335.2555527386678,242.25887485444593,1,54.86278790555222,865.0599265438769,16494.884872650742,903.267689449981,691.8760382184473,228.72630859137746,752.8866465613797,11813.918665260466,589.1584632385689,779.2112665734321,0.26034032336961377,8.549872582464396,5.481331630803613,0,yes
243.33546712742304,212.11085261608454,315.35207606409097,207.06534478288305,0,60.889230053798855,684.1261696867045,16032.629794172388,907.1134264707625,626.2052563072779,366.84851810772227,803.0638178715268,13636.183993917337,299.8160834652138,781.2808246296329,0.22761846799444965,8.279026416014622,6.124827977767272,0,yes
275.02008492924006,374.48062291466516,222.96043063696715,222.3852393873188,0,35.804885489726104,834.2586673126636,19353.2628520976,957.3039531601553,85.18863195553082,890.3217188368167,787.3237092836494,11906.706396665599,653.7155291801766,762.414234375449,0.2780072449145037,9.979533441018221,5.563355186712109,0,yes
218.60695616977398,193.4515482436695,130.53590568514682,203.0149343231245,4,59.66748884561067,670.3704565527107,15117.996785583906,942.0728789580847,673.8491683306738,291.39933865450814,811.8824508248803,14259.95301690246,323.7345961957628,623.2617575590131,0.19510393507374274,7.823480206124496,6.362722636610297,0,yes
268.10450062438224,187.8389114810451,170.29016040291066,250.89256593739748,1,89.36252852091583,816.261797257833,16235.639826541272,939.7130154078816,881.240511410285,53.53578064623889,901.0852225048797,12738.936611238047,699.2187841467933,785.7394988436506,0.20837559052720858,8.414268433934463,5.957455812109037,0,yes
290.42290180602663,365.7136183670567,128.78957966481818,215.34906054601362,4,73.00313237596629,728.9508645818771,18491.255203076915,945.4217491271637,443.5077187127955,545.9550851450856,803.2625613452351,14866.321890322402,620.5080833799492,687.6941523009538,0.2768858549423552,9.52345138862657,6.732330847614411,0,yes
242.50874321655297,212.54441495879365,346.66061747257095,206.77079468036436,4,41.624690925591835,894.5206077862538,17623.131900901968,996.7060052596937,571.129865114732,408.790438922651,889.8833228904234,10116.64387725896,210.083407907773,620.3293082348878,0.24746870595536277,9.133517073180816,4.692783076666069,0,yes
225.22189013596,177.2095168311092,378.39008546206605,239.38330725604476,4,32.731335291518484,914.9371820568205,19790.847101669344,984.5766546674348,586.7363559886429,392.98257306313894,936.4143098830509,13272.45058493102,334.9929336676332,764.7306989866476,0.24290131358388542,10.220333731615339,6.042690639861041,0,yes
214.7897683688534,390.47512698895025,363.07810643484345,224.34932341105454,4,58.65711742890731,766.4377428544981,17240.237344986534,958.424132774067,850.77702278733,124.78567532670252,751.9422740479235,13834.64019657563,469.59062658884517,664.9703600680447,0.3240797616109499,8.908032685876757,6.233850270218263,0,yes
263.24845270253195,366.3825161087632,259.58019065574524,275.7937083763773,1,64.68287533451957,711.9902229843506,19490.664062245818,965.7053664400427,301.95476238711234,640.061198114109,775.5419417648848,14443.245100834156,788.6642174211108,738.7530897668514,0.29891359807613715,10.022208368471302,6.619477131977866,0,yes
292.9173530272866,336.27306410751567,382.74034965442956,282.2127603414939,4,40.06730161012677,941.8608948236065,19796.14061982771,942.0573350983497,753.2563174602983,238.458806440672,913.5472477966093,13263.230827708716,502.54828077707384,723.7215894334557,0.32544845446913884,10.223263572311335,6.093094126728741,0,yes
229.0397840674163,210.66962300576054,123.93172545474019,216.5618187430809,1,90.00031331162393,757.4022863469157,16638.183134181214,950.2716249635353,525.7444177930917,387.4498388427469,916.808725365326,12341.963798270031,244.32380849105863,712.3577869363231,0.1965111100667227,8.603878113695401,5.6102919744870965,0,yes
297.6870514787572,299.3843098751598,349.26004813507734,243.19974235357049,4,32.164077224977746,848.7393100312781,18737.476706570586,942.4549944731704,633.5201145692987,345.0585414148753,715.6042908500493,12839.816969979778,767.9369265293757,682.5350113139032,0.2958055785040379,9.672852902300813,5.943450547307871,0,yes
262.50672957592883,127.43008274548224,338.67837950406863,284.6130658200537,0,55.627642893212574,651.8414071066171,17258.677225356936,976.1197200762714,655.6536255232548,283.39180608361096,825.7164278009752,10895.950051653279,572.7197866742868,793.9783637756292,0.21568396636435525,8.894459081477804,5.1412016353826715,0,yes
269.46785301703653,205.7070495844016,338.5577225505372,281.32128312771715,4,56.344905002440115,899.8306097747829,18485.45781426183,994.2664073825179,196.17137619341977,714.1524668467877,915.2576107938035,14832.185017481765,846.0497816018396,673.619290070248,0.26328332451604586,9.565546780790733,6.8409520896667955,0,yes
219.35094621959388,381.3365373625647,341.9530829106251,264.8920919953964,0,30.338401796861607,970.722219829486,16026.454704682124,989.06633710917,380.18782094579603,571.1542826611828,711.6600957702559,11218.856890337045,302.39908665484325,759.8784785956599,0.30532436944616015,8.351531752849041,5.113752539099932,0,yes
295.54694719275636,162.42885455652825,152.51156135690124,235.4621289713456,0,87.5492769342944,765.169196059764,18259.72596505384,979.2577287643243,769.6118142195779,209.5417577669042,923.3663075937151,11533.10130164348,384.17556764900905,757.4750881041645,0.19081744102986611,9.42037170374792,5.360360610847662,0,yes
247.56302079379617,220.34552721611465,357.8109396893097,253.07320343919216,4,57.80905613461439,738.4694147629327,19243.207526283626,977.7937748658925,83.59936196943326,884.136826668957,824.2116838640561,13805.586927129842,183.59098615329953,756.1753560669974,0.264752903105172,9.905994011024914,6.1477084884713795,0,yes
269.2785569469154,352.0378792430521,312.74045508243057,237.6825532890744,4,97.5656151093113,792.093826137584,19123.909741952746,934.4322341780269,658.7639476884696,309.7717140585663,716.1107747114808,14518.159854997055,634.0976350889168,696.4747907956233,0.313083546663077,9.852279688500023,6.561903269006809,0,yes
270.85132287004603,247.66319608344793,231.13608875886294,249.72215235373312,4,47.28983629304822,911.015447290459,19335.48027036569,955.1084038635512,518.8949898068673,382.0922989300068,809.6381079759476,14010.486194779143,888.6210527297028,781.5070561048132,0.2512985446670242,9.987688145687997,6.500072549485016,0,yes
202.03549676529806,107.53277813933205,303.1021053965269,230.02490130615217,1,83.11707387638427,953.8611247014751,19228.300123405927,931.9280636622495,639.2325130645157,356.95160246283433,856.7533568227917,13518.970549645563,335.97577042640506,614.5771655215689,0.18950836448316044,9.940703503169352,6.0923220468832255,0,yes
297.0046328756077,117.80730957225842,235.29667124785902,202.83057213990693,4,68.72289629793462,709.4393170920202,15505.77723223151,959.199076723947,465.0425830829299,460.7818596782247,707.1557225798113,14558.241127342815,145.4638276805043,695.4233772210741,0.1968170822158472,8.028305990813545,6.372889450503139,0,yes
266.2193706150084,367.758692379029,361.26370629672977,214.36702787318285,4,62.4126728722898,852.0361849075709,15352.846056201395,956.4313129586457,182.97782389350058,752.3667892782706,750.3730727154123,10243.183998129174,231.98606758927625,727.3746367121825,0.3196059707246878,7.983202134434119,4.7042897256640375,0,yes
268.61132978531805,125.4888708244022,271.2656817717472,238.17906340311714,4,50.2595361594252,806.0548641380211,17832.698073972995,976.7796455335617,187.94527389664924,756.8031439225002,778.6607147848889,12191.795186519623,481.27696944479067,763.7293850626111,0.20823586972400815,9.21562177098722,5.600885324516224,0,yes
232.55242396137507,241.1778858902193,109.07872685775368,288.4525053445275,0,93.92462127366547,827.8288497208665,18990.738222000607,982.700136497063,116.29775755078116,804.7145735495372,756.0823854996295,11999.954471460884,218.10951405470746,731.6273864360655,0.21705924796356224,9.800335464487251,5.402331207250519,0,yes
216.27377069617148,227.2124724420762,249.7362298875045,268.67921667548586,1,63.7573553155333,836.6297142595442,19225.352683925204,985.4631603928168,836.1805353207294,160.10667600370834,705.7241347783544,14037.660691481313,385.83828429314417,616.3392294479199,0.23380079796036557,9.920000551207362,6.259575648823984,0,yes
276.7724813692297,134.33826050346096,147.10130386719229,291.14792155036406,1,26.05417290520556,964.3845396257796,17215.044910342396,902.8608948530032,788.0129087297342,156.883714702122,826.5692745079028,13976.253234050402,384.5062729050312,639.783170136636,0.18352745902494175,8.932519034790992,6.278783878455571,0,yes
237.42822675784396,208.9091779669701,149.345494788755,210.27674723380468,0,45.95284713828241,707.1909897368737,16037.257680480514,993.7270794273353,112.43236918040219,810.8462091423285,752.2603975689343,12739.922102218246,228.45051312474106,682.6391826077813,0.19115469336077245,8.298325560107795,5.694765673529885,0,yes
286.4953817268373,115.84651466487281,321.0124470090135,227.58249787290873,4,96.77362458565314,893.1327885808712,17255.33055008225,952.4324816490919,659.2906949921933,249.30791485617806,970.9692429456379,13683.536557282949,807.4017567788927,690.0902893826778,0.2203218796362777,8.943181908396106,6.390250412569509,0,yes
229.31482270251732,295.7904313675259,108.4561536268363,220.78909907628608,1,20.151880094867956,805.306803384966,15267.288434236041,927.4598770834422,601.5962846683133,305.2759230846765,771.2869670797493,13536.872574868778,798.1975378208388,659.619598720312,0.21956412331110245,7.925962566238288,6.2437881306649885,0,yes
283.6332027354685,195.61408471734669,357.72602819098694,268.3422318419141,0,24.529321508948733,765.6346225304164,16306.882582060258,980.7027642528595,692.9575744908002,246.58295539888434,757.0131124109344,10655.880749463466,467.75185027851444,666.9389314722216,0.24227882447520432,8.444253300981906,4.958935413882526,0,yes
298.6708924082547,257.7866667865481,132.89843826321749,292.90445462275363,4,32.95978258107854,888.8568738039925,19997.03408229646,946.6207725237991,256.82354298319274,734.1022429273578,791.8555538724356,10877.2894203072,344.8194478102017,612.855891696667,0.24605986787093787,10.312264758761406,5.012273814353222,0,yes
225.61152539265294,149.72860396008952,300.77269369799103,259.24375512600875,0,20.668808725234165,737.1965249914238,18887.026530035237,992.3786521090799,883.3155114022654,48.51343067077687,992.5329774711004,10817.771905676707,347.5210880875384,759.6353498246567,0.20289083877424727,9.729642242352428,5.081004299479834,0,yes
273.28277842922205,275.40798612399584,388.3630150057062,242.20696325643098,4,88.65135472797068,676.6445392638512,15565.610028479381,936.3513018949286,485.2148936139492,437.54847956395525,756.9305999088311,13944.486821469076,861.2363902234537,641.7025776212558,0.2978466826216691,8.047876086950025,6.426129954251684,0,yes
261.14776891989936,366.2021802983393,159.2342824375504,242.94784581345624,4,94.17014207564563,782.8742270760602,19967.31821254315,976.5857036960804,566.2311203620111,345.0783377550624,939.1076501008977,12128.40276824836,252.24775119592752,782.5671962728934,0.28764514449564865,10.277734599914679,5.546027466182974,0,yes
291.5223543362789,245.19709748194433,197.25656585083755,298.71708840156987,4,56.7681810381309,811.92285700318,18958.68430604927,932.7133331514099,47.557280874289106,906.4488579553249,997.0176985176297,11739.144373052224,540.3747414912657,633.0223915847487,0.25714457508022204,9.773859483251108,5.51483556441627,0,yes
240.6020291467797,220.77239488493726,344.6485718237734,215.13570488288462,1,24.304858904145902,681.1113341331671,17363.30025913061,970.3276861272841,719.3024829372343,198.70815847867198,960.3778649282175,10314.888271229021,443.0217269762933,612.6667827991823,0.23761276781941726,8.952377368359588,4.883939294602731,0,yes
235.21059610217452,184.74430028624607,175.8186021088086,296.7644133404599,1,48.12682145896039,939.87243563367,16557.49049513508,980.4739509812891,428.8426750635324,569.8252321947831,762.4337948175717,14333.564713250515,821.0101379418237,644.6001962600279,0.20807392894190316,8.608779576649322,6.57871489927191,0,yes
210.46818850398694,373.9446925814791,368.84099872251926,267.8335203046232,1,44.68949040497424,834.3989675620584,15704.716662330022,962.0091036375356,284.66440790242524,648.5643230237538,780.0929080595558,13835.843650385379,540.2987350569549,740.6164327206616,0.3130158201517788,8.155940287031376,6.278032137971336,0,yes
219.24291406857282,317.98627371220505,285.67164854276473,221.84288880489373,1,45.455571010102005,772.7930947160343,18613.439524401525,901.3144242065277,881.0080695559898,19.76203631901774,832.8788586162958,11665.936268559231,742.1348209684817,667.6493565274565,0.2660044484922568,9.588219855410163,5.497847372846315,0,yes
217.13217883521344,344.13077851430864,284.14787308384183,226.09360982002727,0,73.25059605077807,708.7594284712246,19402.20507617122,901.8224000381197,257.52569108657724,738.525863193628,894.6902480334564,11586.095882390053,432.6202112205992,704.8650232126203,0.2762352093130858,9.968506740168463,5.384834792589209,0,yes
293.62992545053055,345.01158308701355,271.9499300769406,296.96240805539367,0,67.01520963243686,836.8678122975317,18673.98109870529,943.6619898716241,360.68561749433485,637.5983419017593,872.7995722423157,13267.435006443044,347.555983953545,670.8317942725748,0.2972133691535275,9.638601752403511,6.01041556526796,0,yes
283.2202897305541,164.4078644567048,112.25236331635996,282.1804012021506,1,29.7516740005316,639.8030355168315,15372.344427718808,913.2557206081976,342.96298201949025,580.8796953801947,941.5001181679636,13315.122070312027,642.3258066716246,691.411448997625,0.18807324354762303,7.94002577963037,6.1673242198481155,0,yes
221.07736678848585,246.33188727361136,227.71627877860908,221.72801537037768,1,50.52246962590456,890.6989129614437,15061.641419378651,979.490141356014,823.9038834846435,102.27890114393495,962.498082133334,11969.89364550094,530.196374072124,602.345097631614,0.22659714586707444,7.849518977528533,5.581432092475619,0,yes
296.9435990624868,329.0042298494528,307.0428708467523,297.7634894618726,0,42.990835505800334,919.5510578505582,19977.100340712335,914.1880800775484,24.97350453046034,955.2353551424419,969.5825195762659,13090.996598131442,198.78007794023944,788.8439609928687,0.29538933714427684,10.30482980010554,5.932177027544521,0,yes
281.3124837982921,169.89277679048098,164.2006127770368,211.59408576155573,1,51.14688349676368,922.2544614754211,19449.275472458732,973.2155122830475,593.2372419161991,320.9493735471849,804.9731690947019,11230.75423820477,242.5487183004594,705.0720527538497,0.18898700381858827,10.04964381194376,5.119536979681207,0,yes
272.9587734260034,387.2435357929348,110.55778820404278,253.7948604951601,0,37.81572115415133,987.7079768522558,19431.546745454645,910.5633984593562,213.32336289689434,751.1279543759134,999.7293708269215,12986.72874033011,265.11281383745205,696.3865172149668,0.26690556789234854,10.04719544686095,5.914609051677737,0,yes
222.38321648039215,358.60313909274953,200.8905143555848,229.43353860693327,1,36.556193398306064,633.5939353179091,19103.617200916746,967.4622761545842,453.37994235930273,513.6915003486558,895.3620477826684,12711.007074715477,803.3348226058228,626.641464156012,0.266091109857781,9.811751188579636,5.969069245784173,0,yes
218.5466442211193,273.02098150378,341.6720250842994,259.20631109590954,1,48.8986123575429,670.3568634699715,18337.816239643325,930.3252289681242,730.6303706966693,246.3161086212582,959.9677971539263,10306.276555134558,456.71388676755794,738.7004861783072,0.2670359408824611,9.431775256289523,4.910486798536986,0,yes
285.30790470399677,395.62350143893326,200.2919530680618,223.91271948801378,0,46.34069698786607,674.5830482071237,16108.658397796113,932.3563426097502,568.2535137068037,386.2717009081881,744.2156739194504,11845.420285403143,806.3988104726492,635.947288111368,0.2848632614492029,8.31840057466211,5.563088761344171,0,yes
215.33715965019792,208.214829009602,161.68281659955363,224.94427199547508,4,31.576651815812227,823.0860049584174,19169.16598249334,931.9727721019229,601.1488050969824,346.9729798779276,935.691232594811,13385.849123053453,533.2391101426479,678.6873884826538,0.20768094037961884,9.881498061556293,6.151312256637784,0,yes
225.7159449648391,378.38777925276634,353.57735881658317,223.29289304984462,4,32.01643778696778,808.7219051298464,18077.886223130015,915.2723851301296,149.9788252123083,754.1993033883824,916.9222220648599,14253.314321112675,727.4261212398093,612.1712777270553,0.31516454172444724,9.330357368254795,6.553735772282905,0,yes
230.26641282705276,257.76059169710356,369.6145207561142,287.9425920631991,4,62.71640791117758,821.9679210842785,16067.608497068375,912.1872893109007,141.89262938624563,841.8531517208145,751.3040961387993,14675.573399069013,274.957327575823,604.4485753520994,0.28748456765624447,8.327761569957255,6.485330926666623,0,yes
233.9665979730696,286.841517898632,389.40048947835373,244.09611393319273,0,92.61922821156182,693.9976442440752,16012.002475249006,901.6441034735429,397.28858379089843,537.2675889150233,925.6610500397123,10858.274565094596,258.02626863228113,714.9656866533443,0.2825322616380534,8.270134324696095,5.02910686041508,0,yes
231.66576412018395,138.83357385497152,181.49596386229638,279.6363552499431,4,97.77679552059669,963.1569951106014,15269.07887218625,929.2684996496275,801.4829387886546,169.08277507643777,722.205129086907,10673.369008522857,110.37112671334413,736.4580104689333,0.20521424277192774,7.962863101930917,4.8225023099034185,0,yes
224.33341210046288,110.9338741374063,110.00606928468709,212.8763673570771,1,44.100291925049945,662.8776170738286,19549.11666366402,996.512025289065,251.96125861783713,655.4823702832321,826.6720449877153,14807.580779905937,151.32578421225986,732.6269866463355,0.14672953209348522,10.044916950108835,6.525182737200925,0,yes
275.1297506479339,329.4304764877371,284.11566104977095,298.13389132573366,0,64.90801567049496,780.448214946868,15358.5863263213,936.9789976480567,218.1847961580612,754.8511064013684,823.0196718411369,14395.78162078232,315.1464755983672,632.5707616052562,0.29103999539111286,7.967373200781207,6.420365475940865,0,yes
260.5451625513534,336.9359228800314,388.47943643079526,277.0995304848979,0,45.525406159837175,765.0963587390034,17486.87475615661,997.1385336330233,630.7855117147573,312.7934926361436,809.4874575487897,11447.160453752003,129.05311878201314,627.2907571637209,0.3064258313447583,9.036408182714805,5.156318019266116,0,yes
240.56966785459306,359.7981417992908,298.2499521220285,278.2758639270422,1,37.76397023817886,894.9896021518323,15776.274543937994,955.7557798334523,328.00702939205513,588.849183336376,871.782146247509,12589.081114852335,360.88198651142955,786.1381639364669,0.29825876960920344,8.204532669890153,5.748057248339789,0,yes
290.276023402707,180.4897172624116,268.8626643791878,256.1490258850823,1,48.316950119090514,874.1791808206337,18251.425260648528,993.8203609777119,721.1637386209644,183.43324992181135,851.0963542947741,14836.861212297052,263.3982097006318,709.0528428069586,0.22384899320473187,9.442656382489865,6.587985560143714,0,yes
230.2401136534865,385.6892242553566,346.1702957288273,255.268399931504,1,31.319719106677077,990.255096834662,15077.212231813455,932.648723546781,785.5257928366832,143.9843222913007,799.7537017041634,12727.427037062862,219.76234660815956,791.4633347846044,0.3114826977851752,7.873638297129835,5.720580169670015,0,yes
213.2576075984573,334.1795949681431,194.55452191889356,274.1230389748355,0,81.37771939003989,717.5464605076488,19412.694271922912,921.9445094880417,192.16901349487566,745.2537226929911,857.5618523218905,13996.358107034786,783.3824342411449,611.6941264456201,0.2644747140502972,9.978435306987006,6.454077186675968,0,yes
200.1378229171986,216.98966279331142,103.51751869399092,213.258091957741,4,59.27661974271649,797.6181832539016,18008.035910807368,937.2339111688041,922.6745613550065,54.90143023866028,945.8747532252569,13719.531433656817,807.4408980978209,661.1873855264586,0.19878402300380377,9.295959391697139,6.400301631606629,0,yes
269.32243387221683,149.37345322014232,130.8248746082521,268.74607454491894,0,44.18160291508519,882.251576267714,16340.106222464736,909.3362627914183,351.7275439163229,571.6271995936274,947.4185745518632,14691.084731261604,803.323329808772,642.5635593295349,0.1791410005729569,8.477197271899133,6.777992734178489,0,yes
233.57219947235674,294.5234241241599,187.4670069388311,246.30228842911026,1,39.92404967830317,778.8633164101432,16272.359467622746,998.6119666998751,911.9031783191995,2.8955816263088536,789.0261506832235,13675.188875270367,773.7868873716769,753.2318228966935,0.2429848385503581,8.43241497678747,6.309892023343941,0,yes
281.5096346461048,210.66877101698884,217.34142369229255,266.13512285636455,4,87.78827182050175,931.28196225036,18514.637310809318,998.7080205748036,318.15046666304687,655.5654973533253,919.3883637999706,10283.039340952258,881.4281774071036,783.1680821389381,0.24346547779893507,9.587916885535874,5.060319248302169,0,yes
255.68050848838035,187.08387198101022,391.6064087285638,281.985989495164,1,41.61998680054445,769.7465637013624,16997.072121446807,944.7175423367247,460.68387874519715,484.82786862595333,881.0582609953801,12874.792299593997,356.87337318262246,610.4996622200117,0.25098148789370506,8.785299031080621,5.845200905368547,0,yes
208.60153605988555,173.28629366035477,127.13736548842056,224.3337413541918,4,32.45457549579819,717.0652726382492,16549.05747602503,911.1108695554207,666.3013261518674,239.43795768623136,996.3738770913791,11769.790060933312,400.1131692882265,600.2193859719708,0.18593847585020737,8.545030022129938,5.4598367445430025,0,yes
283.43426223962064,363.4455758523728,104.5883929821931,225.94716933579406,4,80.39553020147372,884.3431039481665,19574.921818251907,971.5159468878007,578.2367396222145,365.99838135871664,936.8195218912093,11657.7027979781,661.813127728134,654.4682884175389,0.273302124987113,10.103616517945134,5.508219459977964,0,yes
225.44579576650935,125.98985651679888,307.24212167785777,248.38928633549583,0,66.54961772883622,953.6442426826425,16041.402693390031,929.2699540474225,459.82244455501655,489.6158008207568,833.326967900863,14363.814988557273,577.8645659271986,697.4461775813846,0.19826413524533054,8.346840742013736,6.522055103926946,0,yes
291.0476262045081,188.83982977069974,370.2362971261181,207.6694917268528,0,48.483521089634365,783.7727895936771,16003.769607283706,962.7045578533632,911.7449302813258,36.05726520503879,779.1166802678174,11335.807886909348,591.9610823311823,772.2862096040815,0.2338865701742855,8.294243570217667,5.30450659444275,0,yes
244.86734470719952,201.897734617534,118.69341757998461,255.62968367399912,0,35.05527441889103,672.1865062634248,15744.825789923612,983.0507851808196,118.96555978154518,867.7039356182692,851.613928437233,14922.151100252013,544.6249096761665,638.1610858117367,0.19086084890083407,8.142943182848638,6.736760027726325,0,yes
294.68530444019706,286.0987677042589,238.10786997154543,284.0950119865606,1,35.51166221916911,707.0664718638566,17028.768917870006,972.1379476804979,442.96200926508345,481.29092569124884,927.2685439851618,12298.57261942209,251.39273666976888,627.8537944579464,0.2644802018381296,8.791064706012627,5.590354478720419,0,yes
280.23837762457356,131.89437289154483,116.61701753171306,253.95124098619723,1,90.4979573635267,899.6241932505806,19055.478417238624,995.9522737935724,630.1254837554076,360.5823921852797,751.6160681482646,14955.38063270542,397.2416056391634,696.0156979799197,0.1775538360873065,9.850744188757137,6.659258504101108,0,yes
206.2061377633149,347.079228891856,168.06807049381896,282.17808060391724,1,86.04983887501629,600.1662973329245,16312.596891617513,983.0120157289798,303.24171942647814,651.4577211670623,891.3656439351037,12295.814065111006,639.0272799355512,716.863400558103,0.26964583556149896,8.411119805659395,5.745823846985593,0,yes
253.7603584961674,326.82673459902884,357.14264971909006,201.50977998871332,0,73.90243338036257,823.5346803679539,19582.15217645064,996.0713816759744,799.2748585606519,146.11475095659011,789.5947764557782,13055.732697802907,883.9529593637617,666.3347585779626,0.283705897103402,10.096933413409547,6.099113365046889,0,yes
269.71039721565575,331.7110172985002,275.1452931408905,280.6637818465686,4,84.05591084944467,884.670008759666,19816.035204000742,950.7061934614544,760.7756156694919,167.0447646908641,833.7328513472946,10316.888017812298,149.08080465132932,621.9021616668657,0.3043856081432617,10.221378519092589,4.719052592912908,0,yes
224.88214294482754,109.98448461733182,266.4141992146358,221.4154858414222,1,92.3836770942694,907.8514275230257,19328.38275791923,929.7088734659682,618.5280596871964,313.2805463668194,980.768812673299,11476.804586642163,359.9642695129115,697.4068705668951,0.1854789012899231,9.979930738786983,5.336641661285082,0,yes
263.7321208082598,163.92036537871277,354.23688435451,230.04862249762184,4,54.57243958129699,758.165924163171,18610.23637722359,901.5133353008584,27.114407549569396,904.2384928087682,907.1192520379545,10375.130314769109,236.91483803782197,786.5104363526274,0.23850129542000792,9.583397650692227,4.829058977109396,0,yes
250.35939702258173,137.3911567857532,353.19155778745335,217.04955183712454,4,62.97825204554326,686.5083174932342,17005.408781770595,923.3005840150472,662.4973745978969,275.9930339910154,955.3793283161306,10008.903359683252,228.97287009185928,632.5644652375356,0.22444592406054711,8.768150710094803,4.679330426106961,0,yes
264.489731979302,392.4378991743849,175.21008241256965,230.3058874124959,4,76.55733884096998,738.5730025708176,17456.083707411086,955.2495009022645,436.9564956945333,477.6859643006707,793.6575003944691,10473.371965091314,751.510278531506,698.8209445500963,0.297014151600133,9.009343861053807,5.014879698019559,0,yes
257.17112712045,237.90085548208992,309.3648425877736,246.5418337033758,1,93.93266678963234,812.7439641873078,18612.112586183604,928.9926263109453,693.4417010086287,232.320713599221,914.7096609322919,13634.538812664441,131.31652213876555,613.1902070029295,0.25453660924453064,9.600247362549476,6.069979045049524,0,yes
264.02110916603385,333.08387061019715,322.6045397888389,216.58628644944602,0,62.424617077084704,634.1359017978469,19166.176792570583,928.3679064094318,604.8804584500742,358.81024227505725,800.2864681319896,14750.817509664445,630.5834729676019,703.8674093910577,0.28217139502189875,9.837773496508454,6.687537811608651,0,yes
266.7956425329688,205.25038186605215,236.53570470607244,208.46130605995197,1,69.94225993200196,893.3105565704932,18452.462758487418,977.9114038569104,90.86347049285992,859.2473130514002,991.6424443297445,14378.715046960506,141.25821838336927,782.940830139444,0.21749543368039073,9.545303542167984,6.428138212591309,0,yes
276.65853667945373,187.8398422376843,283.370933470657,285.93031144967193,1,92.15399153132232,916.5013339627282,16977.34789411089,900.6858265529319,919.4685919382856,30.884194761053777,968.0948841752481,13496.088713897763,420.0187831526294,644.4175472323675,0.23943357971966542,8.80241615191118,6.158890235927147,0,yes
283.70030920862723,184.3940279845826,144.50513593176194,243.01665779999706,4,39.22265328933057,924.4366762220943,19685.910775695676,906.8641442227479,59.32182628370436,919.4542009314389,839.7551989088549,13344.672159076377,474.17563859760696,641.1198788830973,0.2079366156815125,10.159349180516076,6.072139674039508,0,yes
260.81573190847644,100.74319115381388,306.09999106590215,267.55148462873416,4,60.16861246790895,750.1960360326185,16633.26687246957,981.34050877639,652.7618831284766,284.18375421721123,979.2590888174086,12722.66297900153,806.5838303038622,651.6841805308786,0.21143810034374166,8.604109774155395,6.007721721901136,0,yes
243.99210885349237,360.1868084171849,162.8179192108156,206.8427369971874,0,59.69097751429241,799.3491666593592,18200.144999488184,912.4798470809789,3.935863537603389,995.7802640877957,864.4995064383979,11352.053606092359,831.7390597808812,640.3359621186564,0.256229867952616,9.389011443214219,5.430815619012625,0,yes
241.59337397338606,125.45060236782808,316.5342567586333,237.14001306682286,1,42.78348926572751,695.9790232134592,17413.02380530276,979.0212150694824,568.4566379153889,347.05546284999,968.2529499252455,13107.145864170254,856.8382926249574,740.1216012484779,0.20070970053596288,8.981705052383873,6.18594201193571,0,yes
208.14054183254683,137.89249642713617,180.37359375000972,271.52649783855026,4,82.1806132769834,612.8863190210363,16865.901699502345,926.8352104953503,638.4385335311566,351.781726480668,907.3174404298953,12781.928973807291,226.38546258351903,699.8551363948573,0.1980594867333024,8.682800265875633,5.784254756715815,0,yes
247.66846138644348,399.6675821994287,168.95269846603685,209.81376353426063,1,58.24149995959968,670.3008756104487,15987.339345758312,979.0581638664613,945.5890624709697,51.23781634308489,956.5510234954838,13266.78013220527,621.642622064655,752.9495454452045,0.27812587999055494,8.263234362267175,6.163940294561322,0,yes
259.96941787894104,108.12186835521752,195.61847075021126,289.0275313416186,0,96.40901227403896,699.323932567319,15132.847068472887,951.8414388658871,394.17117573490697,600.11632923405,825.6684948701925,11089.41246178492,156.35671979063366,751.3592359854703,0.18503831890810604,7.8386019421223265,5.053961945361641,0,yes
240.47841075087584,239.64810502530426,217.98452286237048,253.78005276355236,0,37.698459364689825,659.3441659726114,18289.782021305637,935.5871874955177,943.0836176064296,52.87862711537639,798.4887442172744,10805.042948151757,349.45146837876104,639.6787629298689,0.22522673988541209,9.406069486651628,4.992084698823969,0,yes
200.694400630953,361.2600712255248,137.92316823679948,295.0859727531519,4,98.52394980491091,847.2200252591057,16293.878000603607,904.5271781430882,149.34901042605148,806.0771590834753,754.7587405109069,10399.862873914179,381.75048123849604,601.1040124327589,0.2847441711353905,8.445520619308526,4.8147995783393185,0,yes
279.60524969542155,397.40442658262805,311.1758901126427,267.0490102567141,0,72.0276568123252,688.444150438392,17736.82208354567,964.1934233035875,104.16850106503723,820.1593639179765,830.1103647557433,13168.146856458363,840.6602577802561,698.4218608809249,0.31888643990496635,9.13990073429313,6.144302738768418,0,yes
215.16918463443517,322.8688794963739,245.27339600350325,253.4368694391628,0,29.40064131352691,952.9165292012711,19386.10880156529,993.1943971589528,556.8952192647372,439.14125815174236,868.9485116087085,13833.18439408218,603.8828574730998,686.814129603168,0.25966452011435465,10.027839711927133,6.339496170059495,0,yes
260.5705369824282,133.85971367088192,281.52149420402884,272.162198818837,4,82.64122308187396,631.2488843263876,18540.009086995757,908.1730991713708,920.2078203066449,32.410445770942715,762.2659101427613,13729.885197860413,800.612286500775,711.2547741316905,0.22348555796362027,9.521299196195066,6.331418432891525,0,yes
263.18725646878227,273.2864121288127,200.81498514870833,214.943679086585,4,26.175357339424146,818.7037099376832,17234.732846322942,919.613500060389,809.1433237875129,96.40156230486957,828.3285073312235,14340.20883559492,567.5558903907538,783.047474271545,0.24490432427716133,8.911607536856197,6.511838891273968,0,yes
251.41234988064406,188.88320823740702,288.93804005695995,280.70118965438354,4,37.58611204516293,706.7876695741737,15784.85356578946,928.1763202233014,801.9653070584072,104.59030385774327,707.3999809833351,12146.734449322876,518.5663915016617,704.624148760901,0.24186382831575473,8.16299813101615,5.556205856585898,0,yes
234.8064803785839,377.38942247561147,279.8812442918819,208.9857895262819,0,38.31723850093813,888.0005614405675,16393.790213664033,944.6682148633039,389.09955067658376,568.1010295588026,764.8019626715551,12041.242316252725,803.8649814783311,647.640027725769,0.28310478415289536,8.510180386392875,5.6505377363438365,0,yes
298.89070322820237,321.01558814624974,289.8248792800191,223.85466077492583,0,91.98600488328336,983.2851208914565,17354.294510225627,941.2668486784389,29.102813108139568,929.5816727123275,888.0031254410927,10081.991953438815,373.1360203351135,706.5870249952277,0.28037515755159914,9.011752375385868,4.751784228732319,0,yes
219.37267591374135,129.9457762471147,395.48091918570265,255.0564389329764,1,80.96196377218988,999.2179371484781,15096.976386537308,999.7284082291891,270.85994527011707,657.9207770680896,798.2226392734899,11265.089250147455,356.5120302096103,694.1730160106024,0.22387286879685725,7.894850398590001,5.1767147904627,0,yes
209.2259704476957,191.31235478033565,229.70884988611786,233.71175490534478,0,41.36460244950704,869.3575872577643,15632.691947316258,967.05410859715,658.8938636380522,279.6044005606958,843.4235634506977,13493.273356868369,482.2168285422462,650.5293460462015,0.20073742591047544,8.128496187217204,6.1319465675325455,0,yes
224.49402305183855,387.56499233000926,269.5300635172629,280.91468285997394,0,76.03482388334119,999.2127307720554,19286.593394889565,934.591041312103,460.8967822496372,453.18992960914716,851.8797662712833,10768.32771613773,760.6362184490761,712.0474627139412,0.30292919968349363,9.980667145991141,5.161471827108974,0,yes
223.94707650615595,246.5480921432203,111.12760539212195,219.92620287381027,4,65.92936676954295,717.483260521309,18734.488606851104,934.7740247686794,537.0789334986143,442.42215215181955,992.9068606607948,13872.392813195056,855.4897221725381,694.0698511462292,0.21730465652847542,9.641076054319306,6.504070102527063,0,yes
233.5319941265764,206.13291851970286,180.86407452654325,208.2089177897591,0,33.36128212295285,822.8349660152595,18529.03163886192,944.0195546842175,523.7900906967702,429.6101103592663,847.8845683142148,13727.75434010649,359.213083551323,714.8479193535532,0.1938594847649888,9.563027939979957,6.188836461443768,0,yes
206.90241151070094,254.87499002243678,175.47060448776438,219.8761993508203,1,59.83694740417082,965.6485570851269,19840.167762647714,986.9072028494802,322.73506785581725,651.8974232009748,810.4071536336894,11222.562117185218,630.5940446332168,760.6547039985156,0.21857637821745493,10.256921709525674,5.289326644499263,0,yes
203.97298337363807,341.7194721525068,165.51922807144672,281.1621498911702,0,68.57079906468957,985.5654011372028,19318.69445665179,936.0089519113762,793.547867049492,149.45311237080227,904.5876046849702,12435.04171433832,165.51915549286358,750.1764753895354,0.26030940090894245,9.99375700352172,5.620208302551821,0,yes
248.5127791058137,101.31324781576375,256.79033748840976,242.70683577036644,1,96.46179855500415,732.1417501511149,16994.240651610493,936.8113803290332,720.6077490784148,270.03344247495465,816.5166509440637,10310.314019342277,382.4641178849011,797.3000627041446,0.1878428352914248,8.77446649238869,4.834727779946,0,yes
242.57849136996828,343.98088388650933,330.7308303985685,226.13580204477114,4,52.00127462002597,993.5348601836461,18601.95724007896,958.6636453067232,789.3584090594243,126.83586803037508,934.2356064693263,12857.739143085435,410.8836032243141,700.337966951477,0.3020433966738306,9.640344542015015,5.889019357504119,0,yes
285.8531347405955,245.63562882351542,287.7456703454408,260.78051207605176,1,20.70343251989895,762.3792060754904,19698.661786331963,992.6814929674106,752.0361737992239,242.31379407933184,946.9947580834694,12816.71506228944,456.7477881174325,736.653256779346,0.25057943605115757,10.141079980609065,5.911625818136362,0,yes
285.666180209231,228.99094612639792,208.6995820287391,247.52648452086976,4,76.45142082872471,703.4610603961137,19568.652483340953,921.9985872996922,878.0019359905658,85.1771782121856,957.74917584172,13576.639720632496,396.77995518757047,712.0640177556114,0.24444516592620524,10.05331976251157,6.188342513782838,0,yes
214.45368702388345,337.7299243081098,186.34948622600803,264.91589276599524,4,55.159905543174006,865.3943750351634,16681.858619717765,903.9381207822624,145.9574653037979,823.2466098098113,760.0934227066082,11409.778611463582,410.7588125934863,670.3670970037389,0.27526723140521736,8.643526364419333,5.243463766637835,0,yes
298.4193529468415,293.6004080261249,160.52012433650867,218.36567295152864,1,23.575570470422882,769.4784695605657,19594.87362124691,948.5244063122893,666.166657704287,306.4233194593944,825.7979010841509,10391.637274761633,792.864104103595,727.6128194022617,0.2377907074358246,10.08466353574398,5.023351101322373,0,yes
257.1133054507609,201.8738171753837,244.9513077254688,257.50761152583266,0,51.39795888398204,856.6873016841924,19046.276910437165,993.9672737691858,236.9866206231285,735.2393773747993,776.477367184497,12999.99329327029,875.9148472591493,653.5913335622193,0.22008099357053867,9.83615435457823,6.07038102312848,0,yes
231.7869689679207,190.53217597401868,173.77604328832913,298.9974876503669,1,24.847290572469667,939.2451801650092,17485.84472406947,989.3453363440985,209.56869104163155,708.6441121791825,898.3687339720834,12113.28210562676,499.3930714366397,692.0102377821014,0.20706884360271377,9.074041919172432,5.611471327691327,0,yes
249.8771297922161,263.8668262634901,227.34758719679235,256.300578367439,0,82.46694480815117,604.1800907686691,16519.4072636641,909.5780750617923,132.7453051381038,866.281348712047,977.8416868053075,12567.858146105398,690.5557327915523,734.3373190275989,0.2441069315864226,8.505301759457252,5.918287158924795,0,yes
253.08648783365135,314.7356297571316,285.19214348343996,290.0339223241077,4,61.360744830176365,809.7777894217293,17250.99932314946,933.6227895494688,15.243947218024964,894.3640195492925,791.0584397505891,14176.596109080157,785.5507081797496,638.0313314247237,0.29652221346083013,8.919661967279113,6.5000719820987545,0,yes
243.96532093256374,155.64290592767577,243.37343453220635,260.41767551935357,1,28.13603901352102,940.1741882560532,17985.3700154949,907.5276619639712,816.0986420159405,152.79122725193554,960.3588320231829,13292.237981621638,593.2308458083339,621.513619430006,0.20126891379016107,9.312765152894245,6.143099945442099,0,yes
240.9798893189622,209.8491127208639,309.90125450506264,296.65125844505104,1,83.66183592351234,954.1235956224778,17922.59685770869,985.4493931705588,321.804044420273,610.709191758554,792.232525072383,13770.54591309559,712.0918893937805,764.2835330916998,0.25010623816562527,9.295286975212347,6.328534750227022,0,yes
202.1058228501005,229.97245020670138,162.41153149030157,289.43667026291234,1,75.67879454006672,613.7742490515335,19132.134408973954,980.0663193027899,11.41112456710481,964.0736589733178,909.3640489046556,14422.859805503815,480.9628999079902,785.9508317180168,0.22130204148309277,9.823437084597643,6.552667911726463,0,yes
214.98900945240828,146.5972893570438,141.8536649777291,207.6168150971083,0,35.266034536711565,970.3812235727642,17973.491629095864,936.7176214561592,356.966670717373,598.874598779679,746.7357672259799,11048.180996675927,281.6863928537602,681.9725613798183,0.16002232513272607,9.317752492786392,5.041536283852269,0,yes
246.48368518961578,142.21470037181908,114.50242947640798,298.20691581264555,4,28.996506762728043,752.9833235643276,19179.556817273755,939.3086014488684,363.75631319668986,582.5338450653242,839.833556123373,13082.348047254742,264.7085076721938,695.5223883266154,0.19010776961193637,9.872078808565526,5.886121972627809,0,yes
271.5151834414817,165.3071470892416,384.44858900832037,284.8082914639639,4,35.53710909726777,947.2143121086401,15301.573068983724,954.1485427889708,648.9842361689657,279.100102023736,827.5319252023289,14635.94801071161,278.29315149541503,663.8124477018408,0.2546427416015983,7.978868459487284,6.501404797647385,0,yes
245.51657706434557,109.57385808055294,235.2358902622265,259.917958709371,1,26.41374222997343,879.2506016969993,15734.855123621797,906.2324455574409,394.53850323964946,548.767175601763,730.8752937805328,14715.268992305642,816.0772171363615,688.8406826592415,0.18109348990570887,8.173468949729745,6.714963766775262,0,yes
280.8275760026568,194.92961002589266,210.36876801807477,244.13222016787208,4,30.511694408616698,704.9983130863901,15574.951739593036,941.5221654194668,54.3883617223354,847.9357488666445,877.3416588437196,12417.123033227334,792.9242900688566,629.386075518283,0.22408805202457907,8.059483896569489,5.83162119300918,0,yes
249.1418584337571,287.72202280321517,100.9143018389492,241.6853239005647,0,32.58608787892857,840.9496419932326,17614.990150034508,926.4617968194015,424.84167888761806,483.68431763117746,965.958713452738,11772.656234826003,657.664183295286,671.2208048848198,0.21907594573613556,9.107664170679246,5.561506097534524,0,yes
213.1091643031582,210.43504890871912,310.04818401810485,280.7610906230748,4,52.41704525426199,827.2274395540428,19420.945948770528,913.4965555993181,562.5494405369676,390.2346880714765,981.685123436449,13280.686335354907,671.1245901338443,795.5399137679758,0.25174356180565055,10.005788045525993,6.198942905766951,0,yes
241.00581144718103,304.2866561087397,328.0422125837139,223.10609401300806,0,98.57424099923699,748.7322705229187,18449.106570684908,983.5883988318343,880.2826309621456,69.1172239977833,904.3431753884621,13227.428168612216,887.8163585440946,656.6177933810296,0.2746791783888572,9.512016603721717,6.214512273592955,0,yes
213.07017779645508,157.87642581064205,106.49583854768427,254.12877890646024,4,21.32193618895446,652.7465017318277,18602.61548428064,977.351540067466,692.3249223580863,238.18259417567606,995.6729463814368,14899.704758051097,429.09019255669233,765.1420477562497,0.18077017788504424,9.566796298649068,6.748213210150424,0,yes
238.5724024552025,152.90443767530067,110.47732419814585,268.10561498385573,0,63.03323322473237,787.3093454736779,17612.13517905667,926.5267092854206,146.93576602018524,779.0280572805082,777.486154335114,14490.866445575411,425.83210137737774,722.2562485360181,0.17483654381216196,9.094242640452238,6.489782988775539,0,yes
215.40854926402375,189.8141674845482,250.97961878393144,225.31338484807,0,42.71184857435144,804.5515379571492,15401.371452209429,910.7647086590172,833.7869471098207,113.66310647810792,858.5975696720436,12833.883397086094,209.99582946777463,677.9672138439087,0.20366235313667402,7.990552224873566,5.7702040896876765,0,yes
230.5396312504539,147.6531645497936,281.08587563396566,231.414377934877,0,46.979412678498356,621.0730155456932,18575.39716887463,932.7548606380533,622.9339153639959,333.5068617352399,751.3065768557476,13790.127669525384,205.52806454242835,682.2228404299043,0.19648657865551977,9.540139836393159,6.109795450752548,0,yes
297.461558041271,111.68183059413069,204.09984572263033,259.7512537293452,0,92.47856421307915,971.8290967562664,16138.900712092569,909.4403219122394,620.5893694963869,295.0396853337122,869.0858717778161,10039.26185029545,442.4385635642728,785.6065862536657,0.1865567383779205,8.39705732371723,4.759434893753374,0,yes
246.18824804616756,231.95267795477838,307.99264786638656,272.798111291991,4,54.09214331530836,744.6970013050072,15292.868575140423,997.4576890128704,827.1952560182073,78.86559174811123,705.5953341067353,11880.04871590469,267.29216481805577,652.9524087672249,0.2627360587539972,7.93492735469993,5.3414346153769365,0,yes
298.076665470683,168.2941760303077,342.98937813360703,242.53914399113805,1,69.36133583270652,885.0128424895879,19438.674943024107,977.8927090076982,410.24600172644625,531.4602025742915,869.7160140353978,13696.008527781929,654.116971442815,698.750650574411,0.23470825055403524,10.036526193074847,6.2990984815833695,0,yes
252.4649553955183,304.7609626842309,146.77106027443915,260.15146340111795,0,66.25646306084036,733.2954453249654,15951.311287994147,973.3477654031764,127.18633662246587,843.8332991348848,759.9941504634111,14619.268244517501,153.60925294919232,660.5253342549647,0.24340850101956016,8.25828756106974,6.423318393718398,0,yes
200.6673331587122,118.55341839951149,332.60355154482863,252.44075778673212,4,91.26423313467356,994.6750215388114,18839.90159855682,949.8987463692216,331.8280120353969,593.6656280320096,938.7637415117582,12973.616856847766,198.9666601040011,792.4709680222463,0.21715203415034973,9.758373736559008,5.865926509178089,0,yes
262.5606945216703,283.4252018399311,130.58971163267518,255.32863719360785,1,92.1858524744992,893.5497542798116,15537.30638373155,914.078231325099,333.72876197912296,613.4996101993473,828.9606454961198,14421.549461994988,404.3343291372813,611.601693725052,0.23921079072255488,8.079005330275274,6.462428791489888,0,yes
225.88083234862384,332.71223810601543,233.76170668050221,267.2711503505112,0,57.77865685427679,690.4161520262207,17714.253179366926,922.1190196234569,783.5468879852077,213.76960291627415,711.5048947961934,13917.893195138917,187.49743929878298,744.772737490184,0.2689857090494964,9.12326918763781,6.151690409927252,0,yes
264.83390242422206,148.42211217041984,294.1481042121765,248.18568935158027,4,41.314311811125805,901.2320714555892,19136.964216622913,993.5392328730455,760.7091774724398,189.12833767095356,893.0824382187495,14233.86946563287,299.3485964427407,639.093676289333,0.22238461837115614,9.891517407875261,6.3749616371123885,0,yes
274.3644043681004,240.7309766495857,135.42870250955687,239.78378264160546,1,52.03080202349096,621.93781915935,18602.966065077795,995.8926057705313,379.3911806067261,526.2174291007523,822.6680593290478,11181.616467242617,877.5889037375338,652.6905725506085,0.2164371389378352,9.562822163247827,5.352913481944736,0,yes
271.2747097894711,299.7246768951379,250.43413507445533,283.6818905339138,1,94.08982929398269,922.1460190694794,18787.903158900102,914.6488679505796,18.955074165868872,932.6281821107909,800.5227273172782,10449.860568579472,832.0510959126233,671.0887809873363,0.27671235410679296,9.710885803628395,5.041851248182032,0,yes
228.21302394349777,127.75352242830257,183.80122400910062,266.5013573877272,4,70.30182303486527,891.1371858008374,18811.367823198267,939.7309056549076,8.607088378453893,913.6165285490996,955.9425667705572,13384.336952362979,582.3956251617112,722.1757389421853,0.19472508233634211,9.719002084422558,6.18065655145915,0,yes
282.8806691413589,374.7870060292765,336.81064566928035,220.50354762684094,4,83.38168225123198,823.0690234910778,17006.219641547203,939.179632564129,870.641197501518,101.46767230101966,839.820759982299,12125.405890207647,787.8514935043485,717.9084003229931,0.32349980270030854,8.801009701189784,5.719111583186502,0,yes
215.593164223682,188.6662698913484,371.85973506876974,205.7241936725346,4,71.87614509268104,714.4823164202908,19470.607193047414,937.8417380847114,808.6911277228269,100.84644794228961,744.0945969314793,12554.811535310422,185.2229709761189,784.7717538120182,0.24315079204872375,10.008894805454297,5.611828448999549,0,yes
219.21027664909232,364.7394773084332,343.7048304225474,245.10060661463547,0,58.48882053283791,955.5817853060903,18490.520540365727,937.4613723410091,69.7977127942973,846.4680860041274,992.1681933667905,12575.180774676572,395.70448914789347,668.469939963027,0.29859803444091054,9.572967469179858,5.78891148572589,0,yes
242.1452509717352,353.94832432066426,266.83728591247916,238.73147971036076,4,56.606087934679366,700.0727668665824,16384.69991420597,960.6879801024054,756.6611008497529,151.88302275591127,968.0580927623712,11670.454993483345,269.2653029627086,742.4675881341407,0.2962948664991436,8.465911412487161,5.375518283783201,0,yes
274.3536950200403,192.11387058056965,275.553080267606,236.6585912333363,0,60.47808227296826,661.0398876364299,19809.10259699734,946.9078646958128,847.9299358363744,118.37123480808486,988.1832576360756,11177.7531671916,449.09931314143466,706.7187090346561,0.22145062673515392,10.167655271309213,5.261613753775857,0,yes
246.96273503035437,284.0145257360736,125.44558458161379,240.3434813070967,4,38.08039231124777,736.9274723103049,17175.948834346702,967.8051658599031,326.6668330755208,652.6484154996975,887.3350779515927,12435.90358388005,542.8946837626258,690.3635765085442,0.2386458484129051,8.870643586312857,5.76169348750465,0,yes
275.3239106296286,346.07591552416073,232.92720913309913,293.16608506722764,4,79.62262005399958,613.1124777658375,18440.437517674378,902.3414305041871,434.0784853010838,476.71435651019704,837.7368168816033,14695.686063017803,542.3221683868587,652.0525846771352,0.30434154996116813,9.466770566452334,6.6310860144145405,0,yes
290.0997459334301,159.48218846758294,175.54682302893832,283.40077344608704,4,31.190686457797668,612.7248024871255,15445.234295138438,926.2192076010164,279.5021702861657,660.5820911046924,942.1711373882921,11450.989415193431,671.6553255496992,739.9185974567773,0.21205833544174207,7.972347093499493,5.4423123744188215,0,yes
214.90145071106522,164.49604908376432,231.9442011844358,224.417939146165,1,20.64188652913358,916.4046878315287,18920.08355360624,975.1626292633362,729.8661257024594,254.49890672667175,998.1443674428539,13171.248721851976,161.61265361109304,615.8508453425816,0.19071123818303387,9.783983628467364,5.938571867581991,0,yes
231.21192947802916,313.61529223142304,113.08088832536805,273.8709333045239,4,26.314602371244415,758.1915609228176,18335.926163650292,984.6995769704597,309.0693225671221,673.1310351053208,756.7619842045909,13644.072494538694,888.3600389952479,695.684479424371,0.2512495028350806,9.45767671909181,6.3320185991049325,0,yes
273.70898098669704,304.88479438236175,232.62344346840334,269.03785573631484,1,96.2234466542827,845.9359620140381,18220.97702097621,998.9751401184899,667.3520572975369,300.9730388755064,771.669242563,12058.553396784235,736.5855513877236,731.528989809698,0.2728619661439048,9.421778828978699,5.645884557284478,0,yes
294.9076206648041,332.74281491768363,247.88957621348038,200.90669269044363,4,50.0295961478338,966.612144203981,17033.023772233417,989.9966767014623,511.9432076064889,414.01148140778406,749.6815859390194,12845.559814634697,240.80427634006236,703.7315107178393,0.2823093861654873,8.853999541047124,5.744077414882425,0,yes
253.70276743804675,331.38059018120697,273.2658263954087,266.5805154202159,0,47.92323247962722,961.4549260993292,17261.462379613273,925.0763581981784,700.2388500526615,281.26273120807855,946.8860029090197,14286.061322077616,292.7632802028877,790.935870262882,0.2784930818539867,8.958089550029559,6.439176249529626,0,yes
206.26359732142163,325.6950203650667,252.79100610397904,206.31884619534654,1,64.68503986826359,869.8755608592172,15497.806379027019,978.0226162255769,790.6743004058444,184.095200931318,919.6688441584614,13118.746315109003,504.39053255031655,742.0830614078469,0.2601858477424211,8.062685870667794,6.038573719273126,0,yes
203.92349217854786,114.55962794170848,108.7996762217308,241.29639113538093,4,73.98487441235798,639.8438982624939,15291.811101832327,939.7396991817997,566.1948501430995,339.2636094448816,910.3993012089775,10115.480226627591,659.1459155500058,609.9566072644725,0.16680285045494883,7.903394812588178,4.8685666917296375,0,yes
201.68532273889005,295.43202112641563,372.73946838157127,239.86912009972488,4,34.67173944069706,913.2357118778434,16608.461941501406,989.0946602810575,213.56662655324115,706.885836328614,915.5898639570601,13466.45670855585,285.9635219748051,694.3300041137741,0.2864301739438124,8.629379730312387,6.074869875294478,0,yes
248.52304082507777,155.23919892140572,182.30157738408394,279.6477397949813,1,29.529522196543034,950.771292052789,19382.495874178967,980.3947596236904,410.19163751977544,500.5990990742084,829.5996948858741,10253.169662716562,533.4441736067223,604.3853375620953,0.19349037843320624,10.023767744961512,4.841043431688685,0,yes
285.19292401746424,326.00506665054314,235.7861328775634,295.92285316850325,0,80.86884980662364,689.3051212251795,15862.516533001062,955.4109861409432,445.30549371195946,482.04080758261796,829.7073276251657,10310.261044857056,278.962334853822,686.1112637793505,0.2828428958549708,8.201726607793988,4.77509878935881,0,yes
212.37323854304134,378.362925597632,211.48865402856234,226.1739507736633,0,85.3871111608687,702.2978731909462,15947.173279218203,995.4336856648972,623.775444337848,339.6697079257815,929.2784925892062,11448.967072763973,172.48878989130665,744.4084601545869,0.27633760472704144,8.252443461790865,5.240490363045459,0,yes
241.56264596225128,240.24900250204578,137.45666120262968,266.23226435736575,1,49.59937413633422,987.2052529482665,19501.768213688025,966.7981981431028,831.3442736941159,88.53053201092871,906.6845180624338,14266.633564997961,344.6596290134506,706.714521803248,0.21748479808624083,10.089909008156097,6.416412076005952,0,yes
209.68334458595297,258.98393116169547,101.69126211251485,285.5696886308421,0,29.780536199005788,825.9620708045516,16682.33090974409,970.840019348492,483.27773893602296,477.92736263606423,791.7506720766567,12496.707878485235,229.97808832749644,612.2390115013939,0.2111759704436411,8.644073178659536,5.609872964310259,0,yes
287.87754322552837,326.486589989832,372.83459390537615,248.91145999152877,1,76.78272470625376,892.5584783736628,15021.921293805597,944.2682869602315,501.1387837817278,431.1779340349677,878.6590077860641,11641.568870514213,834.4710638705875,644.4586431312199,0.30486923378828673,7.825224330099241,5.544617381213574,0,yes
232.78777171605273,165.12898219862015,316.0391929974622,276.56142433268997,4,83.39931200712583,983.903266080172,17931.442635303174,954.4495894405445,326.7153722028234,666.0367046362144,838.0994959868486,13477.205365397773,419.3810681091959,779.0048216057501,0.24035961948372814,9.30228172510272,6.1227310335010605,0,yes
250.25352538071598,336.45032735700056,330.39033433447275,254.19572891399127,4,47.40885822375617,836.4012624294004,16576.994507510924,932.6860256327715,875.0214488335977,25.13638614646038,731.8726108942125,10676.949615804546,104.77060009865981,687.8336813930725,0.30496809618399806,8.58849727282034,4.8094760845892415,0,yes
255.01445578759962,285.17715143271545,159.02830826726648,228.1120230274076,4,47.0519945645505,713.3331359277317,15224.899659047544,928.7575995627294,451.10834448488254,475.6035540398012,831.9681616115222,10160.460403156647,781.5240131519383,787.633294170917,0.2455268855388287,7.884542233355612,4.930488490479199,0,yes
291.1176841999907,308.88250072614926,225.85363217586993,272.0052508840091,4,43.0417031780842,921.5951419694858,15064.339720135573,980.877247619784,853.7001290769404,75.15422278212736,782.724081626377,12440.398842539013,489.1364568057807,700.7847294887841,0.2812191546418985,7.858085117446064,5.694571119649636,0,yes
204.20650064532495,292.3722830761199,373.78730047346625,215.63047607194366,1,53.1402713550723,701.4430743440151,17448.854294827168,962.3866993984883,37.70235460512824,898.65809266586,742.6546433773801,11409.419253201742,266.34908892195534,650.3044133038018,0.27120750058529053,8.99852416646025,5.171427419833093,0,yes
287.93324425431683,286.63451481401944,247.7503554940642,277.2934803840635,1,27.313434853712593,791.8757212389455,19479.818996136833,990.1021558035743,709.933217863787,277.1279680885508,776.9809727645758,10563.113247150142,320.725634731743,608.258915550046,0.26337673533894673,10.037862022290064,4.869880815734079,0,yes
240.25136933913495,134.84255286167487,222.81150404579284,276.4639674092955,1,89.56764486971633,707.3754810379967,15605.108052747166,924.1169948006411,27.453692359875344,941.817265464196,975.0724337557367,10466.62157505141,139.1450279582677,731.910639443641,0.19929882811681932,8.072698912379629,4.851678069918022,0,yes
266.86501727889924,155.8305930509413,290.75241881127977,204.01067315755913,4,34.81558596093742,803.5874785432635,19740.62761164994,903.9898931107984,782.4490207550906,148.4965960416224,755.4244790179846,12974.819747803984,389.8154421293842,691.1965100196485,0.2152741254819513,10.159040482773241,5.8567134161150145,0,yes
214.53821098389625,248.05223880024707,311.5255876757444,214.58583930430856,4,51.18053698086382,888.4872798113781,16665.57238663647,993.1050935640557,675.3271151615601,290.0372261782778,942.0461056498684,11952.965285567343,295.12565273969756,687.4341261903696,0.2538758349506931,8.652869397069338,5.4889815900354915,0,yes
220.5573839737823,285.8525804707299,100.0074377961283,218.80085063904596,4,21.549557146624323,936.4777729269607,15632.715969087221,948.1494655991779,259.58710806279504,691.4138699283517,953.65625098632,12659.840396525191,192.98479553992712,711.6746014444437,0.22457122818180705,8.141156893855632,5.736738588405676,0,yes
253.4682465968757,153.12846357790414,314.9393067775816,209.6039950863253,0,60.60808785604907,909.9953976558678,19467.109442489535,924.0886454302963,806.1670716543018,150.68708552783085,775.0199499740393,11604.35277823831,604.9707226593785,778.3870601872385,0.20569645604978345,10.049012111232026,5.4175494401014115,0,yes
225.3066640688044,218.67335053010422,306.0331812967653,211.83754765234087,0,35.252092620477136,949.1309045086543,19862.338837991596,965.0354708264489,469.90180039225334,521.4740267427231,739.6505115158694,13171.070902642407,615.9333097585283,742.9508087220364,0.2238338246984349,10.261190956950024,6.034527774684962,0,yes
291.9120503923577,237.01696429552624,349.4258292372198,203.14749120238372,1,84.3215813046339,729.7579782509462,19314.29727218212,971.1648143245696,99.14391873611099,817.4129094388857,747.4611126750729,14453.63071271006,358.13053461450454,794.5833677384479,0.2567060245761728,9.938697526790191,6.444136641929872,0,yes
254.08300192295593,367.30252259192065,181.2835443827655,249.10917131632522,1,42.531574019903275,613.8153212870321,17106.261910853642,959.756101936287,440.5226667908805,512.133351490148,761.680732386033,10954.191967804243,863.3945170914848,726.3224674286439,0.2743415438067877,8.807705050483365,5.248018555326197,0,yes
250.46656141647122,176.92955280135666,383.34215657529023,268.82122213270225,4,61.1262807274964,908.3982201163817,18966.488966498302,900.4385807860128,894.0343619939706,53.490222834915585,738.3810024229698,11628.008020719633,697.3819835066342,751.8115776823157,0.25642647259674367,9.79510841487308,5.444496348984467,0,yes
293.62989862706644,164.27453182157365,166.97771727014225,231.7052433598336,1,57.232081593989605,884.1398260956669,17698.214581229495,999.5027003315824,221.2430286303197,693.8743836405826,808.3015088436265,13076.907520852948,793.2559009731102,737.7489509845327,0.1936428162568887,9.169093708902551,6.08406438597038,0,yes
267.3926683268729,299.1003394409641,390.76211710603263,222.58895334020337,0,48.52284842291981,938.4052754630427,15249.514951238665,976.3511714612084,205.41217242840966,734.5647235358647,870.4075379876954,10091.40587516765,470.99607547765004,780.768690095646,0.28208919878306216,7.953885853067498,4.794932955050597,0,yes
268.3865541516806,223.52542032054038,209.1413017772956,273.5280471376652,4,21.40739524154675,709.2034550320321,15987.563993235019,956.2477121829542,744.8435611595041,165.3446759545551,881.599123289703,13855.981102548947,844.4497643805773,743.325249057799,0.23844081088662167,8.268740846347885,6.445557221180957,0,yes
263.65056599227415,167.95785003926989,299.55892989272434,283.4901814194154,4,94.99545583562926,888.1786102627202,18991.301190758513,998.2005384993918,513.9601251227764,411.72303009783195,753.3650296465745,14065.311428415534,704.0654900647767,669.5504987637573,0.24494127038082514,9.816371128775499,6.414217140817867,0,yes
242.27759886862827,255.32757657667582,352.92945300463106,298.41469101304943,1,69.3605508743503,768.9308595755174,18526.420225006827,932.5941470804366,848.0180036930775,96.57629562312741,785.7885511591011,13981.93867158356,162.90600327627214,644.7039881741185,0.2756217739861003,9.548127831644848,6.176708352978585,0,yes
227.1382337371812,331.53584587262117,295.2870832341298,204.8083253376461,0,40.23807522286188,761.4515041915207,15253.863156246256,963.5045309846962,48.8682194892621,872.728462613517,749.1727763735423,10926.932940616074,131.7334466028729,751.1767707917903,0.2662817323456937,7.9144390709969015,4.9384831740510835,0,yes
219.864734680751,230.38427414381178,198.70058164767525,271.84606881204536,4,59.386711180714045,944.1167544184765,19813.132952809712,965.5639769303193,661.9571388571071,251.6268838663758,864.9454980693087,11568.188436603592,826.3519145185602,782.5676306090169,0.23739970089376006,10.235512128394117,5.52222926223452,0,yes
202.1079587894473,321.13327026566174,370.3424377213175,267.64233062015626,4,39.06461378715388,715.661945166096,16255.114198788397,945.4789266370595,887.489992522479,81.67104314931657,955.3465010853679,13541.159526270665,631.3523442357841,684.8186985920349,0.3023913328454578,8.402457133009857,6.264249724008272,0,yes
231.32042817524595,101.6348258945014,303.94915978018594,263.5693734038836,4,20.70885727319937,912.4628685008456,17269.92537987148,992.8435034481769,229.84034946832406,698.047238669672,721.6558283201115,14583.942713652112,844.7120693793646,733.922825255077,0.20187988786281336,8.960455381527735,6.674042346395257,0,yes
247.12716663514001,246.44703869824258,303.62340863697074,210.33166427083006,0,84.06293294115473,834.9173451969166,15317.61971178262,927.7446009832564,674.7206459557958,239.99294163263858,978.9143392222993,11447.654471145159,649.8054206456212,777.6531581583781,0.2430534077563288,7.957799478640979,5.4484827406172744,0,yes
204.79526738113827,153.58664748206598,393.73871714949814,286.5167964809013,0,43.81076915423744,742.0777774171894,16932.27955010214,922.838889983349,460.3323247407445,476.2966210197857,940.6893394998851,11743.997460956507,308.7545849423244,758.5576155390395,0.22876243399158547,8.743768028370187,5.415765310484568,0,yes
256.79251126593454,102.95689513319071,357.47685413751543,271.0469002757742,0,28.259757593926047,744.1720801762659,18753.339519594167,989.6026834216581,737.056126268797,224.05983808377164,783.1028716877228,12806.01707559833,623.7116901927893,701.1617281293599,0.20277851554404205,9.663956784131356,5.89928333725845,0,yes
206.50050705828787,145.1996881308641,374.5389091978018,235.7880603115438,1,53.61870211903225,754.0749175588387,16218.594613320429,901.1375316212016,116.74522480107166,882.3292764285211,793.8702682033531,12273.672460558517,117.85720034352761,620.9189387419248,0.21686991598993308,8.386618501116992,5.483031232545467,0,yes
280.78227220125103,170.08686581367857,162.12023277182647,265.07877849304634,0,21.30769645842026,802.3837033680765,17256.862746705785,925.3021629531006,95.2793353777699,902.8573333159264,752.3361239186179,14029.3473457232,551.9499604341148,791.8572312444059,0.19152813544059435,8.919801270292078,6.36477497700593,0,yes
276.23078426579787,227.23740751496823,185.07569792086144,268.708517976506,4,93.66591367969623,631.3928634703008,18867.36957384186,988.5140289762332,808.5438173056668,184.09941549179007,849.7815536435756,14742.551122259874,120.34315737583343,640.2544644317119,0.24422519529752448,9.696059474037487,6.495576540317491,0,yes
214.62483482523223,115.60187043110308,329.7946562447821,275.01872353779345,4,26.95283307970067,705.4520142148394,18899.217220933173,983.8767037592618,479.4864828771775,453.1834309336995,715.3404362272981,14766.912344361874,590.4469394441971,752.3263932124567,0.2136019968377861,9.727557169997446,6.6460967979562575,0,yes
254.7799996320055,116.78501738957426,352.8315262245038,239.68687600787229,1,77.04923236273821,651.8949595375698,15029.257379711775,973.7056274364691,735.9863137811794,228.81676635036104,786.2805983204717,13599.250338439893,615.1833775418305,731.1244352225497,0.21098701857992955,7.779427158177381,6.218907342470246,0,yes
224.31599871762506,361.31399329807533,324.0118963725108,257.72565183567406,0,74.51365204655681,875.0230754504787,18484.43678799724,915.0387100773473,592.1175237058901,328.5086935656526,883.2576649453714,13497.030794732285,795.4577338174125,785.5675476609056,0.2984736146478953,9.548505963566582,6.290096886741629,0,yes
214.84041654123263,383.97300144435195,191.46361723679183,279.02603173734144,0,99.6109895871181,756.0384384196566,16686.216397167413,917.9622317803958,715.8772087639157,254.101312134336,768.2778518783674,12292.619401923555,212.46345845877227,606.0153897753112,0.28724741753156807,8.623161406926972,5.51224167558412,0,yes
267.1571294320031,191.1074645665709,277.56779621241554,203.64557584506855,0,97.85159546795194,601.646213160073,19419.60819026792,981.8883465540696,446.2452338600458,489.73231457887607,730.630648434175,12915.656370959088,263.65590084421433,620.2213149156225,0.21863693647804278,9.964791163092745,5.764047815912987,0,yes
223.95368919473046,335.17560581616056,161.0069364309422,278.1006474164914,0,66.18265641414331,879.7448836497429,15654.439631349918,951.0983847137176,412.6842392919719,496.9693129778611,833.9029279686214,11794.69211032862,663.8114028806921,773.031850393565,0.2583990952425421,8.1395196981547,5.533587948231336,0,yes
221.0469901000448,130.2754073732973,125.62476935228125,214.1191256546066,0,73.18030904178248,794.9685376114154,16767.036401976366,961.09630241116,830.4497011726135,105.91636637512124,775.0742885448406,13459.254765375556,554.8477436228115,792.1172326444246,0.1570789937920828,8.6781503909004,6.138501135412712,0,yes
214.30293566862622,243.9771357701037,386.14195379785855,245.46023265432785,4,60.057293328303885,614.0390695979902,18852.38163003217,942.2271910113441,719.2518640818801,280.20630562103213,840.8646140503492,12068.66577039879,417.5857068928557,613.0075142289021,0.2744300729656533,9.678401867449155,5.538738508075986,0,yes
216.88540985863244,283.4234441507907,399.0852935582725,204.67586033342258,0,47.05801493922284,923.064484670399,19579.12393413163,994.1071881944154,644.9350986088023,354.68362227303714,875.3110736964386,10608.961562595698,518.5538477281319,723.0137748107186,0.26733240409189746,10.117645706639049,5.023497556543515,0,yes
249.52439755346882,136.06723051562062,349.5405072719333,229.23914470562943,4,43.70977410066841,768.0466464871148,17506.56791426344,964.5733469496528,119.6278187669351,835.7792382776914,705.3419789768332,10971.832548619608,322.3787950375289,773.249728914676,0.22309644736086343,9.042403060889828,5.022748595478984,0,yes
209.5360228950881,264.39506815758966,118.68383531450526,236.52584974096033,0,31.864438557245265,698.6944269767683,16967.979412313765,973.3722928386755,814.897397002855,137.87652461802998,831.0046400995308,13497.01625837397,125.19782885342252,746.3392812181786,0.20717347406212272,8.758998710264517,6.000270336789561,0,yes
278.98679304769854,305.58310281687443,169.61690160406124,264.2189630830332,1,78.19800493336106,933.1057299282443,18831.56015139277,960.6382282974014,843.9319683888629,128.6737130771644,904.9517246083817,13158.73074449869,700.8438339132564,643.2628961131567,0.2579776052644274,9.741527536411862,6.113936502001546,0,yes
283.255761785161,253.8224094177926,308.11080890169455,232.300817895108,1,33.858903647701,730.9355821488277,18386.471141705922,988.036699042341,426.6992126555929,535.4121723162482,993.1529062826559,12227.945556094277,759.2211878715041,672.5050112372408,0.25355550832273,9.477378940984758,5.802641632110485,0,yes
249.87214426590572,340.3702110772041,364.5639793319739,271.94092544109,1,75.31071780486627,713.5759538384749,15173.194863450211,951.4629611302549,313.1750648764985,597.1759053834907,805.1232502612236,13776.93862103356,109.79483367024292,696.6763580374144,0.30837917200091486,7.861860696660846,6.08333746108567,0,yes
205.37339542850725,163.0450927938304,169.43492975348144,269.63546522943096,1,48.058276833206655,849.725298157723,18726.065756168427,948.8257250537504,355.4248991001098,555.9776650893753,745.7032306980142,10496.988301982063,556.6723236671144,751.7634688513657,0.18891560931865695,9.668244959024566,4.933777654987407,0,yes
267.50440431349153,185.08413823009238,346.07486947576206,277.5430476333709,0,74.98741396808693,663.7048732015666,18146.77042808197,951.1983417834795,144.20426486637578,822.6679983508632,700.3117392635127,12325.834263047323,388.8312295856636,655.3733742009221,0.2418771350289844,9.33766230090946,5.574912129550136,0,yes
286.82825100882485,366.05684833802053,280.31458310584696,254.0992763580009,1,25.621159496484882,657.1953974235226,15245.915221702799,920.9437879529769,766.4944396112443,190.25691982251408,868.8505588328369,10365.850920682105,151.8034847371723,684.1267575601362,0.29666700559828374,7.881660279133999,4.765905911312817,0,yes
264.1440624939565,276.5827278090311,171.41193956605656,221.8714895694503,0,46.61031977204422,673.111519884065,17807.785573962883,981.2421036544295,315.2809455074073,657.0195346795724,870.7473687246303,12276.702002467206,428.0928769582368,607.6794333599543,0.2284171457243379,9.174375349542803,5.633651912888317,0,yes
238.45881394943575,149.81332277255447,295.63273309587765,259.42605416373294,1,34.35027203906485,622.3488782198432,17076.766984366368,910.8522658235635,274.9571353678904,682.4770116095424,830.9281188820471,10189.352225642488,706.6216733236646,779.5621870801983,0.20927563789706172,8.788105671782748,4.914809639252355,0,yes
282.10455124093954,220.15958857298511,131.12956147674214,251.56895763123572,4,53.12789911593599,771.287370719317,17663.482693819347,913.7092658901421,528.8303256130969,396.276593062022,730.728525249686,11433.930298306384,442.3918050596528,695.9047875191238,0.22282381903738308,9.11459815908272,5.2513306710325125,0,yes
220.94603214100778,399.35217126713457,311.5006051928817,208.26898791249366,4,30.205574019158988,788.4580549747407,15889.516048391588,924.7395808439604,259.7164688702671,721.7607582261555,987.1191278032711,12479.957764259489,194.30100983179415,790.6190507638624,0.3113002197794155,8.232944331495286,5.693397422709217,0,yes
244.8708845514808,363.16596764941306,277.4049314775723,211.95192585381392,4,29.881976181697958,980.480149554582,18697.911352664793,920.9085049367612,3.1899892572989805,969.0647137452438,774.789971247983,10127.188121766927,280.0345168562802,647.7229532099493,0.29372517718437097,9.680123348131694,4.681466695149858,0,yes
284.60051305851204,314.28250819072184,139.79748696205993,200.50597552557065,0,21.564145348163805,644.9607127530847,15946.428153613524,934.3696186830754,166.70706053376935,794.6830652939799,958.3624010908882,14073.178344580263,161.82403506673788,674.98567802417,0.23234312916949668,8.23108300511688,6.28808636678436,0,yes
271.7552301281247,309.82517937494504,219.44548814441907,258.4677425802139,0,90.51199568015504,958.9954709727165,15560.074183276423,959.4303699712123,628.4194850357236,353.94545447537837,974.32348092181,13426.004034077298,775.146501558241,641.2828861423826,0.2651228394420793,8.111549119082627,6.279406075912899,0,yes
214.1619101969452,213.6168569793042,280.1583097272556,274.402786029369,1,61.29750064434322,741.3153292744993,15450.6599073355,938.4760195702937,429.9189118515197,558.8531764634379,904.4649059260985,11945.76509914156,614.4414935404396,687.2839431768466,0.23501584670413553,8.004932585195467,5.602012653567374,0,yes
282.6556328074488,347.60691131301166,168.24060605707768,247.21610200314962,1,69.63909988756026,984.3460469504952,17907.031687644107,960.4629061732458,500.9227400350135,476.1926926792635,945.7569199934915,14630.683030878728,886.5845408080722,638.9648241827011,0.2704998198758454,9.29100681963681,6.793396525809535,0,yes
246.0446107071901,397.81362601181286,334.25628159350777,251.52051760993675,4,57.98969340201212,647.0490591794891,19409.42099457698,908.3956827943339,140.88279849050713,762.8036645534257,848.3955790862506,11721.449148048876,173.5852150240988,681.354310642443,0.33054942014021305,9.959481807513109,5.301038870368428,0,yes
207.11816488659682,266.3353860456735,376.7407572922318,251.84291295098535,0,45.05102463730489,843.6549956191329,17095.79506100384,996.9830890675854,830.8876176245893,92.48143071469951,820.3757649691025,10311.910021623657,354.5663972356101,712.5034125793223,0.2639765756111996,8.85839818686685,4.80520477292116,0,yes
284.2480710140559,322.8478583173578,106.83357713661982,228.52214560208327,4,64.39130295599249,617.966404124592,19585.792376236896,996.8843183088712,941.1642693018175,35.58480119085698,876.3297176892436,13019.926996139711,894.7843240787196,626.360681264506,0.2561179584119354,10.053508858245221,6.122904340219723,0,yes
263.137081539909,199.98541592792924,363.9971828074544,245.00066190104187,4,78.65444754248803,811.9310121769335,15738.785176188187,999.8909770650695,228.08132728633944,701.653740223338,736.1054692758178,14796.047974101828,527.1883204455877,643.1574821320237,0.26082206842403927,8.17318236288317,6.625950288205354,0,yes
292.7009948819847,354.94695015191826,254.62657657518884,229.5571505025564,4,95.58595535595524,988.2848003696417,16874.88568807583,923.0367028955511,916.3719973235555,31.278109269693346,763.4429553074781,13103.641645718772,845.7415232347325,648.9353810088699,0.3037167382450402,8.770703175102065,6.090559852980804,0,yes
203.93882555583446,122.37756194208634,370.7547063558527,223.04314184005136,4,41.239468670128396,989.7347795656043,19598.71802579379,959.2342488872387,121.22241771332929,810.1692820635074,887.7733411575019,12024.664397749053,441.9872552316388,640.4505887166657,0.21455602133031282,10.137925145380372,5.543856245388173,0,yes
211.2391102331704,164.36744591226244,300.3567873863685,224.8353158184096,4,73.37633080918152,984.4037097246,18146.31459972447,941.6513880865876,867.6215173198692,46.33028870555199,981.9724793863253,14644.35914387234,762.1274421061893,715.2802228781062,0.22259190082275607,9.408073393750017,6.764926907444502,0,yes
216.19878401379418,106.72924528448344,179.61436988610373,293.138789388487,1,97.74960483882674,881.8939881343599,17243.12550155878,971.5943880363702,558.6100477096203,404.32269642968754,817.6951207668926,14740.270934382996,635.6892200267051,673.3748903742376,0.18073996608583404,8.937174652947819,6.688203488592007,0,yes
262.4521324854829,378.03411052141587,145.39898877190154,226.57559752198455,1,87.40836874826248,931.6423692169366,19774.564812257377,940.8503100725466,94.5004625856999,853.0728137350948,930.1821480352583,12942.652360395436,830.1690507768694,705.5600831962595,0.2736510317118622,10.20997313825882,6.094068248393466,0,yes
265.0208553788545,377.9160064859893,239.6029301677453,250.86570606276103,1,83.70806184823692,732.8089994436975,19127.991430472404,939.9774780722215,93.77343084293864,848.1422096112934,919.4589105202465,14922.360659813956,776.9582172622801,791.8558102685,0.2971622910705289,9.84192384831834,6.871068350371523,0,yes
249.60840671588545,199.4396873328483,164.80924216100368,260.73128941756215,1,45.55254700202149,926.6014144073347,16030.093977513472,956.6139373599233,578.3454385058062,370.0964329761646,895.0163748727574,14487.547368050364,456.06939230852095,621.6770714469037,0.2060398432827451,8.338754494073406,6.537425966699833,0,yes
292.0638351336812,211.6822802393283,382.7554704082465,224.43498821472969,4,34.21048624576039,892.5741760498313,15320.599896118718,961.2525430656536,61.2875889424877,922.3805980077254,733.5088326308969,13832.787322041355,554.6655449489192,740.6805923233189,0.26321535414968533,7.976904748075361,6.270881088381341,0,yes
205.15063828481524,174.91846141625513,105.94663596463005,276.10412535526893,0,30.995470466755563,956.9549127209924,17040.617162031347,957.6605707976576,209.1523284224903,722.4162638993231,774.7932790485746,14521.422951839726,522.6407160109574,738.842538146084,0.17608840953308802,8.851108209914958,6.542617803871068,0,yes
203.29426501203469,295.92043279115956,105.97152817476837,260.82003054804966,1,33.65472225734075,675.6945952957152,17147.86679484348,966.5939580923446,526.5585650207014,432.8203791847916,960.9873399291473,13642.970279419496,615.8986757474729,799.8863581905323,0.22553732184561878,8.842957568899678,6.314977220193186,0,yes
205.86287317351136,200.74384049749102,341.47292072271784,206.77762765013875,4,73.24119366658091,973.3243325758388,16187.195808444467,980.7456957213863,337.94570422284653,577.5484752208882,859.4838218207461,14640.091263785995,275.608352331078,704.9843502910622,0.2410586503916556,8.431348982535699,6.518466994654853,0,yes
242.0940295870704,340.4557411972216,174.06503300778235,228.890990030374,4,37.63547149286097,968.281210954787,15210.853161986968,933.1469481187692,650.424042419263,263.58233655742185,940.3474830909381,12060.492906796426,431.47233432726483,695.4819948984649,0.26798436315461105,7.935460231389458,5.579861609025023,0,yes
229.31813166749663,131.4749518035771,317.38870675690964,211.29565239211885,4,67.06830529105008,893.063031974774,17645.31890613818,976.0220436769717,434.9267585854156,536.4301484153348,890.1513861819219,13274.747595099232,638.3219858107568,678.5792274097246,0.2116230762268677,9.141414195216706,6.133876851797537,0,yes
261.93664095784544,385.03485389050627,185.96606170072158,252.2562459697687,1,98.13205096670404,663.7005790790586,15276.766005940677,971.2472364197681,856.6803835699321,50.54232236762823,919.6518617020977,12956.940698943188,158.26829240183793,610.1829800658217,0.290984377466766,7.905423051227394,5.80877106764286,0,yes
261.62749986996437,105.12127746825921,255.06297727748037,287.46001688052115,0,74.3421666530368,705.9526986686664,16287.26103639681,999.6378578575346,719.7527091629794,216.38858218219855,702.2431530495439,11306.1415184177,785.925277533922,695.0163911015325,0.19284823810543297,8.423875312256323,5.327629498859923,0,yes
249.73023677528187,243.1418827289391,166.50762193959793,201.34184567335612,0,27.517740665381076,721.5872223095586,17087.49885867199,924.1985661115752,724.3484349365224,196.77140644348515,938.7719393953495,13249.725738138799,578.2633072940137,789.3641963527659,0.20573128757667647,8.817037135971503,6.127077864032826,0,yes
238.38726837656543,225.42918525493428,142.47533679002626,295.7284011498474,0,46.25306480852933,885.946063943243,19367.928495976892,951.0652753499395,339.24854287426393,633.8664739004018,716.0550231954242,10528.47457420558,471.3852039783292,616.9143052619486,0.21363792231123413,9.997663612542304,4.891117989725204,0,yes
299.5132187516547,349.6485584331425,180.1335577036655,297.2452805803738,4,54.84239524816772,755.7033230557042,16363.457169546211,958.7506133283022,138.27291412861246,767.5330442011368,978.261718640455,12819.48739650357,844.47282913608,689.4047405403388,0.2959769877141421,8.467305781883368,6.061904784993398,0,yes
277.51173754152603,220.0791254400111,234.9459290050156,212.04956417178158,0,91.48103339628683,695.3513903676186,18068.104357129894,985.7966375394637,158.211398075003,769.7135921300602,760.841885072395,12398.679109814788,544.3219355661066,617.4592633933449,0.2238915387730271,9.310045362724171,5.680143407376343,0,yes
231.61878091666938,296.07842934501605,254.6610878347366,251.4760451372,4,95.01242802639484,636.0999811684826,17486.750250080433,950.6562918730029,103.27204715385977,830.0037076423127,920.2064471772612,10841.461543518826,692.5697346402565,777.1443020125096,0.27675951282289046,9.001548165267543,5.202100967065435,0,yes
242.3783331259517,337.3493516334952,326.1499158511516,204.30092659292487,0,42.7792968190262,615.8613014296541,18153.606038019137,955.8086795428434,595.2810598849902,323.0086770056631,703.352740377826,10849.539046875512,154.61226660169876,726.7129465974691,0.27692320099393686,9.331278200928558,4.89465078007585,0,yes
273.2185764767507,118.60178092793704,316.23575781774525,262.8172056177294,1,40.70752542014607,895.8211892783045,19064.02149584144,919.3254060119938,185.28119111255108,759.2581485685082,750.0845364929494,14183.810162041354,767.3449764381329,739.8534007593599,0.2067852683541897,9.843595510036305,6.4974851616329765,0,yes
264.3601401022344,105.0249805915997,108.42222085700706,274.9203431457699,1,88.74296907951134,871.2664362294088,15714.046830339455,902.6102965406195,696.6506479491825,288.34355846958306,737.9654850683334,12596.881330687855,796.1614116518714,759.4813657679998,0.1671302312967199,8.160765520434937,5.877582127994251,0,yes
297.7782063965565,393.2570314336602,305.8560487739993,266.7390021433622,4,74.86741046417387,639.770745936469,19310.295472427177,918.186618133425,524.5673506192214,377.64473447794467,792.8309966219206,13087.974719134285,240.27143354564782,788.2796583098128,0.3347611316869917,9.909668143301447,5.866077209423018,0,yes
230.05791375607373,130.22611240070782,113.8962586378916,216.23968782118212,4,39.44044442003303,798.8952651497619,18862.43151373594,900.1943993306729,545.3661622652937,361.5789255343594,885.09180659127,13095.244400126898,513.7256496613768,759.4739785480674,0.1680344942519051,9.718377291533777,6.012074060185579,0,yes
231.1203289193035,183.22846959630664,279.9145119969688,296.700314173006,0,89.44947842591907,730.9085437140113,17432.993024329662,997.3081941042996,649.906064943958,272.50400895194025,754.1453171713795,12078.465804997086,521.5827689542498,630.0030157767151,0.2289524498548838,9.00192008552023,5.5411671644974385,0,yes
269.0220545490894,225.37048320581346,258.0113744052587,277.17744805481203,0,67.47675843603943,673.1894811520901,16564.23698073535,981.9922747824833,455.3258226385845,511.3506992233766,993.0282677210632,13686.536273386037,471.25007230959596,762.2339459198547,0.23955363860772744,8.552721968649827,6.2833385936320365,0,yes
263.39903996764804,378.9320367497445,376.3167301715869,209.57002455710824,0,48.341934914154805,784.9355631734727,18333.43967272526,954.5284070942474,382.21078018124905,597.9503683847856,950.2073916620814,14180.492303104349,180.03796191291545,783.5718969714875,0.30800091588134226,9.458210970447952,6.352017183032388,0,yes
295.93880414543776,145.78729063570506,254.4735573056037,200.16380457813975,4,36.51455669268695,603.8115325973042,18444.07137677557,933.9725436519666,493.9129207148873,423.55100845641977,776.6494188547608,14745.353846421727,267.41088513557236,622.6108115887636,0.20712743360696292,9.470891453671967,6.513612923953274,0,yes
263.0868330686618,288.7186777596603,377.76687629161535,225.52017107837736,0,77.76611562850488,852.0665311939767,17950.378109713187,950.990725565706,582.8330379021202,334.2311013919858,716.9066819678376,10385.79115868803,548.7726760799862,783.0358348113871,0.27905515743818465,9.281226066638409,4.879561249972495,0,yes
253.65891676739597,315.4613669231861,139.46448842099423,292.4640798598639,1,42.32008435870692,922.2627136511935,16129.048369528213,937.5067248180403,215.2006870991003,715.0963629298933,740.3795778250953,12059.914393835865,517.5327927043902,759.0060105307516,0.2538320382125285,8.38461498030173,5.544710894470959,0,yes
278.4402552853099,138.22236598059604,346.7233458057558,262.0845177945554,0,46.746359571468616,656.9150936611001,15075.157796348447,953.2329619005371,26.697782377065437,921.0049075704636,972.9123350281473,11167.031211545256,817.1160453957974,610.0951675861586,0.2180046157823693,7.800650938775663,5.383183604956838,0,yes
295.5592211405907,167.4568410214809,306.8768054261925,275.77287175688497,4,41.927173771723304,761.9770436017491,15640.506833867517,937.2618276257386,906.0575239246471,81.33749827938345,934.0520377555744,10295.562698151423,508.09740115910625,749.323503279204,0.24202987581565752,8.104267373417095,4.919245357500931,0,yes
205.72530682886938,168.18271972923543,274.43517035260436,265.54053779253695,4,80.18403662788252,607.5360910342677,16209.881021042747,994.8686571110247,586.8035529097308,349.011382802492,908.0507162292188,12798.841831369522,304.70436402055134,748.87348790085,0.22723484513721443,8.36300586322501,5.821628033928732,0,yes
256.4211806672718,351.80060158548935,210.6171582125993,202.23007080786948,0,52.22740762622966,829.4993921556008,19118.390391679175,946.5681991857342,462.0978633294184,516.6806991768634,917.3782491291666,11266.416908408628,710.0996727922462,777.6695923877394,0.262146085139945,9.859551794562082,5.384300598826023,0,yes
231.7848666960276,275.8076717850149,355.34791623813817,292.60488703236996,0,97.67626153419816,757.2998433642763,18999.68497541514,981.0969029253786,701.5642506609188,291.1182953164482,968.1374257936602,14083.145299587624,367.54502836406664,701.6674510019841,0.2813703798578201,9.788859575060451,6.386113746740239,0,yes
200.2247420042575,179.25283852342338,367.2741467765102,294.7173934767106,4,42.76609757842242,666.6713382581636,19743.811146875243,930.5765262245335,216.68435019014194,735.923288360743,839.1662898397465,12344.986754930422,855.0778207388985,735.2776284651942,0.2506681338923978,10.134000180118619,5.833184161469681,0,yes
208.97348211698917,399.0483432317819,162.91457175719592,269.72561543927947,1,91.52750770831243,755.7168226128615,18605.090129879034,987.7285973402647,368.3140497513597,541.0566633991949,841.6556327623895,13388.595541870041,722.3534723258396,602.6684492068697,0.2879504067381592,9.592129590896747,6.175182315782675,0,yes
269.95059212782985,188.14225922090986,314.7727754609234,210.93744287406682,0,55.74677650572893,609.8225240453039,17955.485039141546,924.0618450664103,374.26835260878886,596.5362922832279,820.1261703433845,13112.173557266417,156.60170803142668,790.8591362113301,0.2214095649559897,9.22654627718693,5.862963313014695,0,yes
241.71468711107173,371.36972431648525,336.29752899877656,271.6501843310004,0,29.395506943438523,609.5359655073072,18140.619265700356,978.0249036955659,649.416691226136,343.6800378870373,863.8697353878725,14285.352216487203,243.35529303624116,710.1404781957801,0.30426476863494595,9.326475830830791,6.376789886216292,0,yes
228.73843347186454,385.6646892153945,161.86435286211716,223.21879068470474,1,86.63336424008487,604.9121834168011,19611.61727625232,960.71400171757,169.3529555165841,754.8199219136744,880.694899446403,14957.08293706776,572.6861290763475,651.1889424556997,0.2749655618849283,10.058580049269294,6.766689569613038,0,yes
220.5754574116225,355.66788102637804,376.9074155265058,205.92364491018543,4,47.30816602388429,702.492940328917,17266.710127886414,941.6362822866752,16.522718140394463,901.8155652590716,900.3398997314691,13330.94666205267,898.4591742999925,723.7474997756862,0.3085415035627812,8.904827530721162,6.263161407830216,0,yes
235.5681066210461,305.37416913579335,280.35240108040443,219.39830915893384,4,79.7421131280214,619.3825134418006,17488.81503692029,926.0618758187367,947.9255481244844,0.24483855533480892,715.6222155957889,13455.983746619198,338.2213409543277,708.7936131452632,0.2777791187738079,8.995563871440693,6.017306921053058,0,yes
242.2684034771952,161.05792503083688,191.3014653796293,221.0088447137506,1,87.33655273090474,732.2401335827038,19622.675163916265,952.4928802196224,405.39683016494683,569.6791023979824,988.6529994185298,13180.918289578893,652.9086996740407,766.9664710777656,0.1923662904845243,10.09086036478793,6.153795252599982,0,yes
275.9068690077932,169.7585648424295,177.5480135352579,267.04137523442523,1,51.79322632997297,703.4203764705381,19594.1502806368,982.9330544529732,352.01085152150443,646.1620118968383,998.9919348154427,11794.824072839767,361.87304398396617,751.1979805670767,0.20208897959205838,10.07444599322051,5.488180439338279,0,yes
233.39690975867336,347.93386048529834,303.63199813983624,232.46783569553412,1,88.20420074966346,955.4392049097927,17496.793456382904,969.226319250387,146.54498575398298,818.4319517925956,963.1856338696138,11720.01238641747,790.3907605828479,647.1680951245363,0.29086261175788214,9.080443566560152,5.5970197184628665,0,yes
235.16176824099907,386.938721485228,156.18498289616443,285.49431086395845,0,86.79235637855803,871.8236220999631,15881.803409392167,967.7573435855145,511.9628852613207,461.8268937660753,886.394297956392,10497.497571140599,676.9747977979646,704.8988348229449,0.28362588083251095,8.253706114506782,5.0407399639123325,0,yes
293.6499766101719,128.99963971057912,108.43211848191996,251.11802367631813,4,70.68171786673551,973.352177898084,15706.197330127965,954.0090678308889,953.8662824022823,15.130549077880914,958.7102068424558,12886.615086134827,413.28258941948263,607.4953051901072,0.18539965655908397,8.187165827625185,5.9063978864394535,0,yes
289.3572988790487,133.38384233121312,301.76331755766876,216.62022684165575,0,21.419154326350196,855.1781264192873,17094.241799251486,953.8540338627258,221.05171832549019,712.8921843442229,918.672161366856,14212.412262832899,594.5334320682825,716.3921148709658,0.1961840989036938,8.854252864632317,6.502673907295805,0,yes
260.1623297468035,277.5169675543659,381.69157106938104,208.16906923222092,4,26.117288682640094,692.9346266775929,15839.840986248008,960.8046786139532,864.922696230814,47.532767683989164,957.0904845301377,11606.124448034263,897.0810680160735,699.392121143041,0.2810269399889666,8.191929097298082,5.591358786740333,0,yes
214.2465660469175,140.0669139382901,194.00022851341248,249.94473576401165,1,21.388328388885533,815.993600714429,16894.03116293079,998.0786771061237,745.3040159090318,233.8290369912752,730.940583647132,10777.984144693826,521.0696592515985,648.3579562617185,0.17846728332068768,8.751462647814957,5.021693547342954,0,yes
236.56153139531304,153.19959156197194,320.9135019815777,252.18347996479955,0,80.06464036429901,789.001069922724,17716.86897149203,916.5428676540711,374.17813795107594,611.1424739097956,792.0586194418742,12557.035687025073,644.0319955093158,620.9440407923462,0.21574462417407209,9.145620562237339,5.804217250997619,0,yes
262.5430923284279,250.20807456309464,295.2481266630773,274.6377587908681,0,23.387434427648365,871.4261963490644,18634.63991091553,950.9968183180008,88.81512298312069,892.6944458448515,730.460902575081,13997.253692684231,492.00575256948645,709.3921548280642,0.25006656889603507,9.627724825309032,6.3059425836188385,0,yes
237.77137019464948,317.2863741584606,344.43194233639053,258.0305821136316,4,71.3933365146624,948.2060547167016,18624.118311468614,910.7617660595033,783.0210388560115,206.16630626292113,750.0779451385654,13578.2375163131,714.4281646655578,734.9788018183312,0.30231503982832825,9.634420092026097,6.239602103573453,0,yes
267.30662485152794,380.39966963160276,201.3936304564537,273.2028504939593,0,73.5345390498795,602.1966962709395,19603.28298798918,903.3864324201335,900.5139277778061,70.00988974180825,705.2103688864416,13443.789551385253,209.2655085269169,704.4610036940965,0.28999135737140186,10.045964198108512,5.959190454544655,0,yes
205.50885216281156,330.74552431508585,101.29518993154892,203.31999557952628,4,70.38372373723419,786.762139151126,18030.865984836855,948.1082399758031,819.0089782082025,177.42161398088592,749.0919303157955,10737.731601464167,810.8448466731597,788.0162290493836,0.2439283143659132,9.306447618564876,5.149638396424832,0,yes
272.3732869682228,147.84286876218033,378.14083270270504,214.15730424636325,1,78.88440824251921,704.8856186170492,15341.911797685123,945.7192305236701,717.7895375694297,273.4120500082605,950.7432497845792,11043.892521382395,269.3604549594285,785.1967276645528,0.22582293152959138,7.9435157525290965,5.1350671228449265,0,yes
293.8054136590984,322.7959766836464,150.66354488293817,291.70648321071013,1,88.5103926833973,721.5199862306719,15208.005385196735,927.5662473031596,273.0915774539756,670.4955735591795,843.33890411828,14176.074508404046,627.6744956213047,786.350701260731,0.2697436933274477,7.877736690192132,6.481885893393173,0,yes
282.3376687278744,227.18312743670293,229.41385985939218,273.7319528626293,0,92.81739255823445,873.108929360186,16727.022561706875,910.5271013190439,518.9208495569367,474.48966059554346,751.7883332692625,13129.798394568246,483.4417579397857,698.401927405191,0.23874243495526146,8.668749890396366,5.964264169860979,0,yes
221.1056891843066,160.36250329590447,181.20294569989818,272.17950932508586,0,88.22872879254473,667.8612321503197,18178.475581462844,905.6288723680257,677.2275120843916,320.40783610865924,878.4194081440315,14855.21292135106,429.2077654690316,710.1535034621095,0.19374121607080835,9.34818186567399,6.685526704721307,0,yes
214.85839602634877,134.02226729476266,128.78623657928918,268.73267737787955,1,66.24357694866019,997.5957377074609,15770.495681354874,962.4460791481744,376.95932056445355,586.7364561012043,747.0508688362953,13181.613573357312,180.77331583662658,734.510324706589,0.17247928808689456,8.22607458122735,5.862692835684626,0,yes
255.1051509694645,311.0547893385987,254.64593397056464,217.48173348994746,1,88.42179920173088,702.7575122642893,16169.74758911935,967.7082663113604,735.3019505759563,239.95554596622367,916.2817960715112,13867.184310934928,827.3259639899553,790.7362351438385,0.26608798971632314,8.359994117463208,6.472318417591659,0,yes
212.4455229633183,151.66685757982836,175.1816097451368,281.84975862123247,4,43.450557329141475,999.774405406381,18846.275272025134,907.5018143247179,699.1640416347699,263.6973717671102,735.6526929948102,13899.75619971364,479.5062831914474,799.8745695423586,0.20026991622915702,9.756932252169442,6.273479268175736,0,yes
221.9084016781145,216.52277689682393,316.52076891211675,283.56834748706274,4,30.939154053118017,952.7902241897663,17753.614994940886,928.2253761562895,447.25094488799846,468.40379546643464,940.1019452648532,14703.821206266888,449.8957199420196,650.5448428741074,0.2544460816097544,9.202607870572736,6.638782063215649,0,yes
217.76844192694293,213.5404886983039,169.25951023394862,234.04207071353156,4,52.36807257995088,858.9266401889154,18704.179514867184,922.873482585035,135.80189945344836,853.0456555337555,868.2600687248669,10984.318085889245,255.5912274095797,603.6230120073988,0.2160662357469998,9.655814476493052,5.048464005553466,0,yes
202.01055614564413,151.14495586590905,150.36222031706941,275.7701179264303,0,21.38119773506429,950.5911451451292,18245.489571158974,979.2919210246775,468.55672481963427,458.3724505310944,828.464891633692,13008.139800221714,456.83012286205235,706.0443303426804,0.1737908619756063,9.45507069194436,5.927471885479331,0,yes
227.2447894750928,241.05153298133953,324.752944184476,215.3226732966581,0,54.738891327418706,685.093649552744,19639.736885432478,931.8060141814453,553.5836451629879,423.16013813573556,818.5026505961313,10230.136948274414,520.3443806992619,685.3652127757173,0.23992014269608256,10.086169262942242,4.8418196834330445,0,yes
268.5791562320136,232.91729809166247,377.3091100193095,201.1644761989186,4,50.84563409623736,826.830895760191,16493.43930844066,906.7525627818729,909.1191018665442,45.709350343767596,769.38650983177,10850.804694304617,145.7394973335882,752.2778381696005,0.26508260668569444,8.541025087026014,4.926427141265327,0,yes
239.60211285590856,310.44250673246376,187.19611725766862,250.13232015160855,0,81.62608229969678,854.5546469103776,16572.216341590854,987.499189485442,283.88547847053866,674.7070695439004,963.0961209346573,10351.061437854305,203.7841613099087,747.8248807771487,0.2520686608726048,8.597746590301956,4.8271581679434945,0,yes
231.8939648113821,113.11349399491338,176.37431773591882,204.7949773518824,1,28.32243951700809,623.7588356821145,17050.534930849106,925.4531240256794,87.77556388145568,814.0430265831279,853.0702444102558,10461.760545538775,321.83481712580084,630.2531159133129,0.15823077131743649,8.777292899752615,4.8513762644153875,0,yes
229.3776547419794,156.63422858269934,176.147417605784,227.02915497203006,0,25.297739375402184,690.9375736335165,15608.097908624663,936.2416336582447,188.19948080062247,802.9562113861314,923.6658490309653,14614.715109699788,136.55645688325063,761.0939916841298,0.1753425238599762,8.072241020219245,6.496222416944482,0,yes
214.92922478183107,157.91872957152856,138.31150190980645,294.0923652772313,4,43.08509935358556,705.8514790477863,19124.792800902636,954.0997143145646,866.4833379514081,97.31960016192738,860.9460554917276,11451.173453739008,313.0988489564246,686.0149451151581,0.19811275351578725,9.836321584987406,5.262611818032495,0,yes
269.71901106401316,100.62416451075404,233.68998757670974,298.94253554603307,0,98.68668718188826,698.1243069962658,18184.341712206133,950.6521398927858,300.7943783234912,609.7474469923196,920.0422821143268,14227.303188541642,262.8203736459809,738.9314974408908,0.1931567235142521,9.363921873130822,6.376276655340337,0,yes
204.69516604488288,302.49287074079234,336.0044415721816,283.2074192586581,0,35.7372550067157,847.0506967022302,18221.227170812854,968.0470264335678,617.6637790969326,362.33290635042977,999.191805097141,10558.31452110025,230.514741679223,621.8168229470378,0.27508885476572226,9.417872110009508,4.921552056962432,0,yes
220.6415111132748,279.7297527206483,195.51367063522065,256.3367367544608,4,50.57541281258559,773.5785896914613,16907.11529337288,976.3110601832825,510.3619327686697,419.2929167230558,968.2531220189145,10791.471138554263,283.1124834012403,666.7561858812991,0.2523891336367019,8.74552711751857,5.0224319875479955,0,yes
238.73968202167367,156.6533005476534,153.97031592745205,248.469724545128,0,77.54747182926327,838.4052841468401,19685.73477990327,993.0713061716866,167.08894383619452,738.4827874816439,895.6058112920132,11235.625543083868,152.416924853852,664.6209250215878,0.18295345466782653,10.15164515766212,5.115183674964944,0,yes
287.55508298152887,278.6871628334038,349.50871665592706,256.62115141097576,1,97.24243042841803,959.9306204003392,15614.235493407821,961.708558206245,728.5713459837428,264.3498537334814,716.0287543102745,11456.647192640845,204.43091215694648,689.9035879106161,0.28515834481806485,8.13915858746605,5.167907258134569,0,yes
232.82813784694974,260.49307786630243,149.11805427415942,259.49247547113174,1,27.316422822956223,845.9574173296248,15032.643770897883,969.183345626647,394.6121533129791,592.1993513847086,773.1954750333546,10179.990986166467,589.5871595860702,617.3206720536634,0.22266244178138261,7.823491322917732,4.823809728659479,0,yes
229.439675232833,362.62614615992067,136.78667911835367,269.7405896664799,4,25.043887779880237,963.7517282562178,18396.932804197095,934.8964188744228,286.23380738675314,699.2914151943877,787.0016531591677,12309.95761780563,822.4948889780363,621.0006038242068,0.27438536255270035,9.527698284155665,5.774784122461272,0,yes
259.2182913412448,238.9507370753708,333.62208353363144,216.55524252491196,4,61.03724672612416,820.8604481029193,15221.681079250393,958.4503776314194,951.4092502018865,37.91670706617572,973.5146768280904,10981.89851783629,116.52539467338849,772.753680686448,0.26193339839001734,7.910895814061912,5.056322844318348,0,yes
288.19578712500197,357.33580289981006,126.37663337981932,275.01684786008866,0,40.77686622035426,718.9284227023101,15596.798231452995,989.5374296853224,206.04135552503513,758.9272589081436,815.7310612230015,14621.263372276331,239.2252698917825,649.7834193928122,0.2646525042039106,8.080100650655869,6.478413617332783,0,yes
265.99242045075977,118.77888911383211,383.32125660721533,227.63305416240564,0,70.63017319446331,687.6468142929311,19552.72082677922,955.6843228438348,716.0341421463419,205.09783048862596,954.6713125188274,10472.68672098585,594.3035206235947,649.1768637409339,0.21208313833551784,10.046502310932683,5.010488784410601,0,yes
298.28082241250365,399.8596571746331,294.8978117633744,207.77493042517648,0,67.88827972435699,950.9890771087555,16439.0497301984,929.2228614723157,365.0218619423077,566.0357474974562,922.9314262181849,11394.623061235647,173.6205163420517,775.0681753022325,0.3066039728347467,8.54504880816588,5.2162947572948735,0,yes
202.1738019635289,327.77227672703134,296.5265633524283,282.86466324004743,0,38.61369190530634,743.5459256387071,16542.161047430516,926.5282633741557,496.8479582587826,409.81456795762944,957.7824101716761,10512.044679383374,640.5278015432208,753.1814379553174,0.2772798616832312,8.54953869363477,5.057715598032618,0,yes
254.17773917658474,110.1536328240341,325.01483844540576,210.94942183275415,4,79.92158288844047,863.6860656314575,16157.729315559114,947.9433682438633,534.1460002947813,370.88087742509026,924.2303492457745,13216.590130272149,193.40929285551366,653.4762308834302,0.20930863805987976,8.387101811871283,5.933879672922076,0,yes
217.24948347196602,265.8103447575265,221.48080401973203,253.62865845365394,0,28.49913319377241,929.258890586844,18568.745529789925,970.2427086363114,316.42979592056787,584.0949158726487,825.6580360724257,14212.866041446097,503.1579809297505,697.2396992955393,0.2322702772947413,9.610566608626629,6.422001535222378,0,yes
251.29041469577885,230.06304168568292,202.12121426059116,292.81505859092147,1,62.05235676947065,962.4161369772758,15037.071637748402,988.3738653537656,164.11885056213248,754.7593045355198,902.4653772015361,10820.609248765124,123.77299638542816,634.1079993622621,0.23445503894771186,7.854833803132692,4.938282254950667,0,yes
278.6883239314157,168.88662085279682,113.94184942402136,222.29704814089803,4,79.07045970656812,822.9090448777811,16576.80264701346,984.2999856794869,848.577137960034,103.22799115431133,811.671697798572,12354.375754829714,154.09214795098984,697.6681004908381,0.19585152586225663,8.592486294922415,5.540463226399568,0,yes
273.43125448205905,171.43513764592728,197.9978976827433,274.0600540539419,4,36.05599917914331,742.9570903987442,16600.491145051255,988.2104803385797,505.09683276161724,448.75173730651494,988.4181394027551,10785.679141661698,597.2136069797132,741.8333574540385,0.21796191951067395,8.587070738713361,5.16705678541767,0,yes
272.29584998360343,336.36440762049233,101.49314349934492,278.24919371768726,4,44.959342871178684,899.1115606222659,17628.760696231067,921.9780315807718,881.6941707067032,104.61263175092836,849.5568071810599,11624.33384068586,221.05877200252291,756.1235713744157,0.2664457809475774,9.12707492235437,5.302893633308727,0,yes
255.65248349429328,216.63984080149876,399.9849477941295,285.7681991242262,1,51.583602967344156,814.6366469520675,19099.274794334102,968.6691152413869,906.7104340295351,65.95622026164438,970.8240925347606,12350.721611522378,729.4957693163082,762.6703345788941,0.2664848149827816,9.849708574417713,5.844314604254654,0,yes
249.71803734074376,319.66841572970793,104.91690177249605,207.24473975352714,1,84.02906629530763,876.5088179538043,18961.24952676375,917.8081586272388,928.6313470151711,21.38324382734538,864.8584964821598,14754.181899157275,453.1113057062268,671.3004714252891,0.2363065830975159,9.787626840727677,6.6375501785658,0,yes
285.09073301039433,387.19830469679385,266.1907634219357,256.10284170424967,0,29.776853972322222,705.5531401066326,15900.830991222252,939.5213957453767,790.0762072678166,204.48560915553992,730.0901517392136,11038.152255401847,355.07955816093676,771.3155992203303,0.2990016822118009,8.222270903392463,5.0774106478321235,0,yes
268.09227328540777,225.53213185753305,326.3031979729195,287.6905808220325,4,71.07776004510447,626.990174427365,15861.180658878282,911.6374168255728,204.72593587639292,749.3302110955839,700.4952585790712,13315.669655291713,282.2194643466595,617.5372013202594,0.27171434358720736,8.181430213584333,5.921558480418171,0,yes
293.39382955048285,361.07383341341074,297.74115741647904,271.18321183264703,1,58.44058642127129,996.3253368721951,17417.303903640684,925.5403747913624,45.802015286195505,941.8377465179428,787.4943946873715,11801.608908890368,289.0218241117028,623.3906571858195,0.3065328149792769,9.044113879232025,5.358857602670044,0,yes
280.28516974230234,291.6627614572336,143.99774395696647,251.62105948979564,1,22.84105803039706,979.5570879226913,18702.622669495293,901.7522632422924,155.85963332894548,834.8998719984198,706.1386907312196,14939.20065025147,158.6228031081693,663.5885436953474,0.23797219383674595,9.67965025142973,6.534888580068866,0,yes
264.1193728576387,298.44082688994376,315.0123919917014,288.6107556255868,0,30.045197388991802,868.3215612649628,19066.659674690465,965.0626788232714,691.8355769348486,251.28870822583565,826.9965345868104,13298.113801007503,798.0493858901799,691.5736810586347,0.2771432637907226,9.844971267622377,6.179674241020201,0,yes
201.01337995186452,284.06217494000197,395.7245923978973,268.6625124077796,0,91.351777112801,712.9326323714828,15702.800841535816,959.5242078919307,0.782041179066437,943.9778646307237,700.8831567036992,12645.607646717923,672.3607894465291,678.1065861746212,0.28327876512201317,8.127632012656708,5.816402571406984,0,yes
289.836575296195,151.2399274047168,231.80533574925622,285.1658286440552,1,79.01396052499608,682.9604448571387,17683.4892188785,904.9386548515992,323.2581857566582,599.6437815777863,860.4714515149176,14761.84743557521,216.99544815942974,794.231917132512,0.21434436193425832,9.10390368101543,6.556994209470622,0,yes
276.12128529414406,102.39291786603766,297.9317209775887,291.70967286696475,1,41.73814122579191,963.1006015014677,18385.236390980797,919.0469442627957,501.7793182987229,430.66912018561806,887.9588677253681,14360.963572564247,436.7928063430817,715.2173461818066,0.20291643668575254,9.519529758273444,6.486352462722693,0,yes
245.06170208054527,330.1672069443756,113.13258773655416,272.33888705649815,0,23.43454868862663,961.6742279328878,18337.141361735703,924.0974028405155,685.184105886442,256.8964996553816,716.2106804924715,13654.31319876412,122.9429405775849,682.3577020909117,0.2429624530710215,9.495845420316323,6.0064399428286865,0,yes
253.63992100538792,359.25233649379607,215.81205502231202,240.4695670345243,4,25.509202074484314,699.4652987312722,17378.365885409148,951.2166607171233,738.8864878597103,192.5002001279454,925.0474358170169,10658.79572999469,839.5742883541632,712.297955711337,0.2861038719799579,8.961306466999885,5.180901855244785,0,yes
234.30388812736084,305.1010859952307,393.8203182429769,208.88830155322145,4,59.956782102015325,715.2036453172709,16825.90066384457,925.4552960793942,574.8443199531822,354.9855288043717,754.445805925454,11873.420987349298,508.19408771235965,751.2834162847103,0.2956142288025541,8.685002627727716,5.470913334141638,0,yes
267.78997063938505,293.3609643855839,202.30953229822234,278.0312606180323,4,51.71485590424352,816.3359146728284,15131.065780737774,926.3633198081897,161.01816693026657,779.8560758290188,759.222948177951,14460.536127684434,248.5117819092486,780.153930821227,0.2696428932261626,7.8601676103339955,6.409158621995193,0,yes
203.72083416908288,135.00270159591602,101.12573837195168,235.1873004768305,0,61.71822153711969,988.4247444670963,16228.229279256095,903.1870642745882,417.2800890840492,490.38157841938164,796.7950545610864,10397.984647749377,188.82223747487706,637.8682781810137,0.15465572715383824,8.444695836051386,4.751943676152526,0,yes
299.61225694057725,112.72601179106888,266.61308901261003,202.29190472592015,1,26.95339522353004,653.3059640982275,15577.70549567324,919.3918478430257,488.82066334664495,422.383325098065,906.3127229190202,11792.824466833956,633.8652067329141,710.3535889060952,0.18402052037845731,8.046493023892959,5.541717712209348,0,yes
278.35948558742047,309.40061650996694,220.64649787509993,220.9515316780114,0,28.268749537566666,656.5489605862168,19847.576796313,948.8850429717681,778.5258900975758,130.30406646735855,770.5281530643599,12040.188425382754,138.7088033287511,614.602355108911,0.2507014274158074,10.18618218835334,5.37539265140122,0,yes
257.6989681373121,213.90827368571863,282.5634723716587,250.77956624549347,4,34.87049106411479,740.2328700102339,17361.232165517133,927.0186469936751,388.86317688808,530.3429148496868,886.7421446540553,12070.172025164913,315.84388596431415,790.3608704625328,0.24506839101726297,8.95840842349449,5.529348217561953,0,yes
230.5341819487758,370.0694414628903,330.9509837040712,212.08457181485517,1,33.677414146103246,993.5309824245323,16949.561395168876,918.3626207700264,832.4456538900013,130.12804156996697,784.5724177902008,14550.429517825505,759.7528489813553,725.4153272565721,0.2938876122117832,8.80861416386715,6.655459711793777,0,yes
277.3051698343518,262.0468723001978,146.41589734136883,277.5430215762157,1,45.128491446783805,853.8825461065502,18276.29688605122,984.4783894958025,97.86780381049213,894.2177853835627,734.5429082803109,11519.879779656934,464.10256723988186,791.0459616862706,0.234217548121826,9.449216962091818,5.317783345452978,0,yes
201.60470012216726,121.19999659530257,306.2137375525747,207.14498949472653,1,28.210023105688464,880.6639374419291,18329.617119687966,947.9656621672988,2.552615568920306,904.9570440172399,972.7263207683336,10438.97810789728,897.3740230981813,683.0077382194454,0.18406513701213267,9.476885542807768,5.128037416499696,0,yes
209.90657737403717,388.8855463547867,323.30568319090514,217.72917002593135,0,70.52130124015139,830.5840507743235,17604.75823542679,973.7187624507742,701.2824024140308,268.2763449749741,841.3881900460927,11377.29354604688,480.00861345789235,789.9988194558259,0.2990405480417911,9.106721208494355,5.306591758439987,0,yes
246.73416051881003,124.65531458942908,317.0127431689543,253.57086401839575,1,40.888110542590454,893.9959233706514,19679.32500159774,940.1996083142262,71.28973010731512,837.590691384418,844.9079580207897,11357.77855346103,284.4350539765645,743.0032940930672,0.20418505785276744,10.153693415245277,5.207372576380979,0,yes
201.05590912501557,297.2621238770706,368.1718741837514,235.69584986247725,0,98.60004148934902,783.9375438470133,16726.314996963065,997.1794060190152,792.9658097013854,133.64892783519758,718.5982911632011,10659.848696212954,249.66731354354056,686.3651239035376,0.27737188984014344,8.660323251872862,4.858705467134237,0,yes
297.36184963019457,151.40989723748726,299.3611732878135,281.82744937605105,0,81.66140498771486,904.4290010451025,16593.041416326207,973.1185030809778,395.8205951549885,590.7036587327987,996.7137511516801,11024.858956007569,627.2006321395692,701.4022143562329,0.22454248669568247,8.617454943544308,5.277203207231943,0,yes
264.0115754059896,103.17781800433727,397.03461430121746,278.4295089572579,1,56.65849946475773,743.7831398535371,18308.020656564095,945.7350934916075,313.068699484282,630.9878785614219,710.1629520569687,11771.491770672857,665.2971173949518,668.1854515416449,0.2207375815567538,9.43515601640381,5.46624183802093,0,yes
202.68346362647398,392.49473994035156,135.97465001467006,241.15793792053253,1,87.99931705907798,922.5450563043771,18560.26561988664,921.8584436147437,838.7341124398023,107.99146782679918,871.7115179002429,12208.094729079708,594.3372546896458,762.8050922952091,0.27298998570280125,9.598143804714736,5.68999823255932,0,yes
245.15971774309415,130.16422593495108,376.98445804242715,297.54737817920596,0,50.67050449440674,768.7812216507737,19821.995319874306,917.0268211698279,758.6117209293307,194.2095563483382,928.1196450788722,14081.033982519402,828.7334506611086,677.126539299123,0.22420877912459264,10.193750994882937,6.54499649346891,0,yes
239.98299237116714,371.24599691441523,236.6530064841776,201.9732023344072,1,84.83991905860849,791.6830894537356,15976.378625717967,996.1539092162009,107.09571848235475,795.536714535349,982.7947706923736,13012.91740411163,699.6949056298586,740.6454639702949,0.28110188554939,8.28693848770143,6.089521480252143,0,yes
240.17905453401744,223.67326001633245,370.69723892251847,237.84644864946134,1,67.52153777634587,688.4546269861618,16502.073928577556,949.9391186455109,522.7910833803207,394.05196473353453,757.867752178385,11511.12085718964,130.2468352051008,735.2819483986275,0.2539035207545593,8.520565485131334,5.172281217037917,0,yes
209.99384394665358,233.52654368097078,281.1906348598294,247.66547144282936,0,69.41281203315712,652.222532313874,15118.706336279249,923.9577189342098,18.87348700460011,899.7353975481792,754.5082957707435,14093.171691019128,394.0498741975105,663.0011132195058,0.23433284748984537,7.8173814055530535,6.299984175647901,0,yes
224.32419445818294,176.54204189504054,111.96822890300898,230.13531677344088,1,80.34315821797003,719.5756855158227,18306.98491892937,902.7075667069663,230.05158978713413,684.2042157425398,843.8435919836057,11836.050107341727,802.4398883881582,672.8469150516436,0.1813720597990666,9.42340066109254,5.596924049167682,0,yes
299.98377023379646,308.0905194020148,336.29359278355616,274.2068215902063,1,55.85525542369045,784.0823927252966,17582.578583155453,906.8982362487038,601.8899571949463,326.8278899303963,729.4357538420571,13455.19215631036,524.9862143261239,715.3394700260604,0.2941650642959042,9.076062536752485,6.095416895394618,0,yes
289.45458128193906,127.58466997970277,374.60062776852715,211.2645557330169,1,62.523351793354806,632.1765570206612,15818.24042084636,944.3239812113218,864.9413814630508,128.86201532913185,843.6836740628441,13421.723096232456,879.3938015613771,715.4423858104585,0.2165393600380433,8.1655674036486,6.278478080112225,0,yes
255.09984883403277,318.5240787446964,248.10128821814854,279.397270049225,4,78.8336225191943,841.729522366978,18144.647806986355,912.9035938407275,537.2395530588433,372.228270684285,952.1050334221884,12494.42314660866,168.5042634481789,717.8164313667979,0.29094349428233246,9.370813988098071,5.65527932930225,0,yes
272.1245220262922,386.213387349583,271.39809707655536,282.5763335113577,0,96.97719323822399,647.6087072134497,19001.45295804422,948.749322556507,158.72403144583348,833.700726817685,780.5077095925344,14875.926385124003,723.6456652061778,725.5187657878972,0.31175025559687025,9.761148329231878,6.773731879187862,0,yes
283.6139809407837,233.00825557663606,380.5297278805083,283.63412052348826,0,58.258082350544065,679.2785059227982,17600.821654920805,925.1175456959305,94.60069172051843,835.7711610976139,775.2029424059132,12616.302576171154,813.8042832885816,679.6884635817407,0.26909241335671963,9.064519759188569,5.889219502565918,0,yes
206.77906406153951,121.16095855794116,352.7826121356498,284.3046136355424,1,84.76138695527102,931.9817411873605,18279.928796026557,989.324317612323,224.92359785110207,729.2887721963249,868.5710746082437,11373.466261742478,493.6935364675923,798.4958124224086,0.21655701397733146,9.469420401567831,5.320429179347044,0,yes
221.94094872613707,380.6290894176081,373.97438437271626,299.43759089432825,1,29.30735404237953,942.7198357563773,17027.33960682001,989.0771887320466,9.070142453258248,971.2287262242811,786.2049514673895,10666.722576026832,661.6411317047341,658.0243596035539,0.32255221191248123,8.84554741231391,5.056951900402032,0,yes
229.57260058430504,227.70131678552397,172.10013780651218,225.74639175881336,0,52.72112967328066,759.5115847687848,17424.81683502588,955.176276401453,743.4059208440868,240.52846234508377,844.0788368977132,11999.581111746495,670.5381670717857,654.0918316697506,0.20617463972869066,8.998337821511383,5.616791165507783,0,yes
206.82654946618678,281.5396150947691,186.7791740215294,256.7167954803847,1,42.70220369140782,629.8812206121175,18331.219593528243,926.8631360692856,192.50467740666505,761.5237656957647,800.4371661839712,12557.50921496304,614.4315840439482,723.1602621327247,0.23670870858907858,9.419161615819485,5.80503305529586,0,yes
213.971667205449,283.53797190879175,183.7189318850264,208.40740049823214,1,95.72102122516804,905.7381402824462,17726.745046186752,904.7444629658168,925.3136443155435,69.94589739206538,961.2176136229313,14993.863069034887,703.802515625656,696.365540438371,0.23480178693715953,9.175218563648098,6.8817940582654815,0,yes
263.2105409825534,144.96247508058315,156.61628702707304,269.93765690679834,4,26.95981637894592,719.3775079402589,19794.238284110223,999.3702280838409,160.95544676599994,832.9649302778997,998.969243993881,13846.412451064482,641.3341891802753,662.4328986581465,0.1958353364110254,10.180284236882853,6.408276823917828,0,yes
275.26215577441076,186.74749133676693,304.2058780860158,242.3849473565155,1,35.895892388176264,850.0272806321987,15425.026373273722,942.4552961814861,499.1586544911705,457.8343899872997,768.497507387366,10003.702864959065,522.5385428579264,627.1244111754265,0.22720510901939844,8.01691768654961,4.721756734959047,0,yes
249.07858872203568,183.3808580344911,225.06545840657884,278.58842844476334,0,36.17031367609502,965.0998620264444,17208.149262967796,900.6340739298641,949.901306330856,2.422706391429074,914.3851661946162,12493.191445898103,315.3948715392178,652.6130309646942,0.20999279213630728,8.928932131926887,5.695742938523675,0,yes
270.233722307918,220.843770997124,322.3954831555925,252.35283586905845,0,75.14202099428019,854.1013945415061,16135.664900882099,944.5018984507509,844.5489426291673,80.75474524238348,726.5746384571038,10395.9466020566,176.7107786084611,787.8451222386846,0.24677194280677386,8.373435587130576,4.740435760567474,0,yes
262.58703268371204,220.09360649305097,214.45825057707856,227.72344575212588,1,59.543750878109535,937.7062123661234,18841.80029768305,949.875607644502,891.8843926563673,86.7188532479438,775.6683168498838,14429.062529020332,876.7778918241117,701.1737587166069,0.2210298600180121,9.746217392461098,6.649170622790746,0,yes
247.9767869221818,211.77558004248925,373.974182761733,232.04057217332303,0,41.633908213290745,906.1920046628759,15893.167183045187,906.3192829275556,144.96936919197628,766.0214843796351,872.464127725179,11941.31935670243,512.2314039467353,748.9286812809198,0.24237022884286497,8.258747644249963,5.544005066333841,0,yes
241.87860932804656,378.2158338399613,397.25134914738913,223.86841477308468,1,51.54715097548924,925.2426063827107,18676.3991276638,994.2649535571373,782.1114769899579,212.79233428660473,710.2694455589327,13427.18357566428,764.3435313845104,658.3641794770665,0.3164424599321791,9.666802102326399,6.173911619186952,0,yes
263.8087338727999,371.40433935759154,372.8071283436902,251.36425258255298,0,61.088253207523444,996.343967389881,16774.235187765993,937.4427233058125,354.1846965162012,570.0945250828456,780.0902863292542,13027.69382749206,529.6889916083035,766.281433734855,0.31430082562106404,8.72421529706687,5.952714032511388,0,yes
299.9395484907812,112.53565907967335,128.70983164962414,219.4311708382046,1,33.702467480254256,869.2997574929589,17432.164388448906,942.994955440669,57.23364513497847,878.6319115758662,888.4275115704876,10505.879257781708,673.808721303311,677.3466130371825,0.16068126741274882,9.024906599649198,5.034786962882948,0,yes
254.21551509685332,240.9103428634103,274.0901682534701,203.0097464823532,0,44.91293644139667,829.1430040830517,16575.867408245038,905.5956773989944,477.6306863837772,443.25682052454806,790.2284410102541,12128.43822295337,513.2160295168774,638.1238825822307,0.2294421777370586,8.582599858034202,5.573096459893716,0,yes
283.36818338868227,302.6888252279581,240.75919197648946,285.4908225592927,1,32.21817564874272,889.7160941262007,18383.42972742747,929.4861175587666,937.4332952768756,26.567270100829205,955.5233457484643,12279.895106184447,833.9711127338604,751.9624095879045,0.2700777898396081,9.503305750592592,5.849032748691224,0,yes
211.97958729484486,230.40450119978348,260.44295611157673,276.24146270622253,0,85.03262649303707,864.2802489478179,18496.12728339088,952.3716353896234,572.3719057277982,406.9732328225922,866.516339412603,12724.540749820095,363.3621395404271,698.9639425794369,0.23686433185547656,9.557044036481859,5.7981458828765975,0,yes
262.144524326466,177.32272629057417,175.96327648521054,271.51619321879184,1,26.316406809065327,888.0546643795979,15207.3858391573,994.4080442616521,773.8369382941987,213.44612670706113,913.2100078018293,13208.07217751992,340.3107481335741,792.6250709380472,0.20074880713041907,7.9238588671447685,6.014555837542685,0,yes
297.6085319046516,129.395430921295,284.80625733141676,288.22282674484643,0,56.31259659875775,847.8355911129001,19196.284396147497,968.045126159041,415.9579770173301,577.885888535817,715.1090362991625,12260.044496873865,798.9217417627972,607.5544942568797,0.21094912501617805,9.905577073539517,5.7160316500020985,0,yes
266.0960556131442,172.47374576810643,197.75875820512368,291.659153319345,0,56.56857352833665,677.7410423570906,15568.427811100088,956.6905918717346,88.38274365135018,870.142274268228,778.3730085976592,12305.144738907145,528.1037967734209,788.6065894073397,0.20749917450963642,8.052321288699556,5.670056144847005,0,yes
200.4038436045706,273.7575686112362,153.52679264203437,280.3352808587028,1,76.97557048644286,899.4203801989349,15234.501146840985,976.457707273747,553.3532569101773,439.7131999527172,992.1312667109828,11965.241384611918,214.63192726550614,678.2848792947173,0.23516718031288722,7.9375084304449475,5.48435687649962,0,yes
251.96549160910303,124.48106003263453,228.6750138115636,254.07709183113806,0,75.41693733061408,755.2994019420394,15865.76270822075,981.992661882708,803.8470680005486,122.4562509926593,953.5298637777071,13247.318779152709,670.5257962375019,647.4233308206178,0.1875510063942309,8.221578882985746,6.150851985735816,0,yes
256.13469383287037,152.54197830459046,164.44708321694566,290.42970275301667,1,48.223830932400475,908.9833743334684,18215.055721060107,964.4795809759371,152.91548343902122,796.6745228812099,997.9809885858256,11048.65920705446,261.85667818318876,705.0217445464202,0.19430908221115986,9.428305030397095,5.136471830562255,0,yes
231.0847834125637,234.2873408279275,215.40327171951884,227.15903398461944,4,69.33954765059931,982.1799400865709,15459.067383795535,925.2056636778354,861.3161590686212,135.58662389081007,962.363383179875,11040.242026810376,834.8429974430281,763.5885109978752,0.23603233415976468,8.061681548100877,5.36235645124863,0,yes
287.3440570280162,312.6755817219589,269.0615450940974,291.86973006457777,1,42.578458864934994,714.5590543970777,15443.160593144825,973.7793693377705,132.37223728047317,816.3138677570964,739.4802862298679,10736.167072381471,178.38918066444825,679.2817593413479,0.2828144970111651,8.000137523105682,4.871170883342281,0,yes
261.1489478934727,306.35384240525724,273.5338653774035,255.22625836318701,1,55.137613011694356,889.9097474804062,16675.838540326593,975.0876087348057,347.62445826334266,580.367146840634,943.6608232258111,10061.671880316018,340.43734632731264,785.2801456977222,0.2721138247473302,8.655829769409873,4.759076234835782,0,yes
260.16272556965623,193.93474471879264,307.2913737102916,232.49759781164698,4,65.36224473372219,808.4264692493069,15433.620911074908,935.5259491938383,282.2089055239655,662.472560069752,931.9602961676862,14032.656667375359,621.26112054973,661.7942203135811,0.24251251477505814,8.01093165760068,6.441058955182037,0,yes
275.05843090304256,138.1551767673664,175.58028977336258,282.77773093029157,1,64.74909001113501,743.5407702463725,19546.134271799863,977.0500663865845,503.2731397772703,397.1963725524567,795.84963770987,13645.111364918257,828.117647708977,697.521450258683,0.19372256011740566,10.058476377847102,6.312989810483953,0,yes
207.48855280140822,272.44309378030334,174.28187297700094,260.37807335315,1,83.0803462143363,816.5047324799057,19400.161056197387,970.7362908398336,348.79364365423856,633.6161832517855,895.0816915453858,14727.424028006755,864.119838240894,600.5340035587295,0.2364625550491379,10.000855259754932,6.798552277442513,0,yes
263.2329974597587,229.88556249937943,204.06952998288267,243.77752746758102,1,39.1323033343189,722.6680061719248,15191.575219612874,993.4242753927082,593.4916498534532,402.36089225229455,827.1646762069372,10797.92287707411,403.81136437357077,692.0681956185705,0.22359584199702723,7.8788530036291755,5.0293161136320155,0,yes
285.01466987986987,346.94263119211223,329.88747351055315,278.382321003406,0,20.461304768894557,786.3685110208967,19253.008852268787,930.4415719379343,495.1930683185139,468.38520327868883,979.9389767088726,10324.280877401405,774.7577238754662,656.8244615293896,0.2989143150709562,9.915006188629802,5.040248131023476,0,yes
292.1441484085151,133.4711484108434,183.06281783753263,220.94299688644833,4,41.775468976271874,964.9374714268346,17611.97121388695,991.8406654413117,555.8674137357506,436.5115896772571,781.8109389020075,11390.915172974685,573.8567054750338,729.9465485095518,0.19225493023281737,9.143343855042511,5.320913294241043,0,yes
252.9986506765963,163.35587653095814,289.66908697356257,244.58713824490303,1,34.27380138298833,954.3693224328241,15696.245394631464,923.4986405077778,476.9739090265595,502.5369896734547,986.2339046497566,13768.523404848012,414.7068304074766,728.4794470675923,0.21236060154568648,8.173638138768856,6.288088747606368,0,yes
283.6230457394567,109.04987432570876,152.2779991382213,286.9906053518771,1,72.47139919929026,961.3466066864394,16086.63715155158,926.1210933429534,806.4334847498834,99.50103902812339,938.0766861978269,11568.166000673664,742.9517261293873,765.2626973692929,0.1803180147060971,8.370795090808972,5.514760018969751,0,yes
238.3129284183273,104.90900101389482,218.2139686606729,293.1649856693483,1,34.9065265093163,951.2573352097902,17722.778535051588,977.8007666472142,540.8172391026786,385.3743462978772,809.1288625187137,13667.22840144052,131.81500130006842,708.1327015269464,0.18262941615606879,9.193661661232065,6.053541678395141,0,yes
269.22386455895094,148.46616134383592,356.6784037572484,263.63469690073316,4,69.52724645110904,631.0300070657964,16476.86879614462,952.8301981213988,28.76483503774877,910.0613924912946,700.8615463147067,13148.80804359053,715.6004650583342,711.1784948388355,0.2421000991510348,8.495801517688422,6.038515388039777,0,yes
263.59398662588455,378.15495992196855,324.057895368079,294.7179487079784,0,29.18146049375605,945.1730335687978,16237.487301548757,964.2870303783691,752.7383972722097,173.38888360582825,756.9891836793688,14859.717323345616,772.080057372661,676.6709949586702,0.31188442879921185,8.447755052532086,6.761631824174919,0,yes
290.26343845647904,232.98513455381737,207.8748410643513,228.7718039553904,1,46.295381613057025,921.3003257425208,18251.06382321603,997.5183734950699,984.5381938353146,7.542223425231327,826.0188630127413,13434.927296560327,474.04595261885987,681.707040866439,0.22691846246034264,9.453686846277124,6.109865385866705,0,yes
237.59421300453596,374.3833399211361,221.54035439400536,263.80945522481227,1,52.520045290106616,881.5362760756191,18046.75757599467,909.0797543587836,862.1597887000153,108.35881847291637,818.642390713556,12060.900279852027,706.8456403779239,719.2370264376698,0.28733630290849177,9.330326008261215,5.6523917509602155,0,yes
285.6721304968597,278.81678196062023,293.1810497076177,255.09978616852035,4,64.64580893834015,750.2979002882342,16263.228069459768,908.4211911319936,524.1035805770243,448.5263824066901,859.8236641960352,12395.536592602262,624.3827221906017,682.1988084240057,0.28130294028510766,8.409091718163841,5.765137810943446,0,yes
286.1529689410743,361.39117825879663,185.06788860508112,234.2068239976749,1,28.959603018346023,727.7404670236581,17411.08999984581,961.7622674015472,371.6409237431906,573.3616296186026,945.777355903346,13468.31190778509,806.5425988109588,671.8515118906914,0.2721069106704026,8.985350852345363,6.296325556317303,0,yes
292.2496009777508,286.59580903417475,192.80190775151186,200.2814426494738,0,27.056177519958595,643.7468914292858,17897.648336651895,954.2807234465165,104.36988759826644,865.5546701230111,721.0284921436366,10791.624976153038,405.2701634177475,754.0993046683644,0.23348376521467626,9.209164092357621,4.989548100902057,0,yes
289.17012330545646,126.88499977599169,240.66231405350317,253.7959819248372,4,65.08453092879307,879.3776721611503,18022.190954216152,941.0417509235717,695.9565791089681,208.69158055322032,768.1439934703817,12935.221280418273,804.5964469471503,616.3746553981991,0.21026404810357646,9.321929954339765,5.998467880151519,0,yes
290.2713920670207,349.9798108203654,164.9271337398605,296.93305842026507,1,71.38269891174478,715.9040778630501,18438.546659216852,914.7165929047218,515.6067357190366,466.8455193368857,736.4949753351864,13040.514829229836,807.0172067303504,650.8915338278027,0.2819137092851868,9.490011185380187,6.0440979653007165,0,yes
219.1403048991611,107.29867077870895,309.3862927473135,227.58877893947135,4,73.40415889811598,642.9626959028084,19275.787097652017,998.4431277968678,774.9396481683963,168.40457064650752,937.3786827032313,12482.075447839168,648.3459757447855,751.4490175176747,0.20312192889204198,9.904168796199727,5.845485258260994,0,yes
258.88186005213464,128.5770072622061,252.34275490695856,218.83890531250134,1,79.4438715975379,797.4059476210953,19518.863963546217,909.6014027645577,789.4486049318402,169.11116559684797,971.1886689651095,10697.742988075264,855.5841317723441,748.8810366418513,0.19225639268049113,10.047544178243964,5.229923614493182,0,yes
212.4516800700623,175.86812730461943,157.28654339608212,253.22583250871492,4,27.147435258983748,823.4737371534054,16474.360148188596,950.3241352502481,425.0712900226167,489.2131550187032,964.0319523994108,13365.696309811614,212.02141060579623,650.7278699386585,0.1985984356213664,8.536702105128466,6.0177911257501755,0,yes
288.2698018227004,370.08041460071973,153.5959124974354,295.038607002212,4,31.712212205273744,734.5229824085425,16211.748938343473,941.3023684577289,551.4943696205177,425.53685022394893,746.7831970651092,10079.981897273103,553.1580130318217,616.9266216117475,0.29406868768966304,8.384363264826904,4.757264274026988,0,yes
287.42828971142103,396.7614457041618,179.65913950317523,218.5902515872631,1,25.276617687459265,927.1933149533083,16302.728640522155,905.7348577997298,717.1295653708005,208.83377691647502,716.1743501234675,11036.917093233764,650.6394711712958,667.6947086043102,0.2817486716697546,8.468233129804336,5.166407286203407,0,yes
243.30095755825513,236.51207527674634,362.83390950004394,223.15584727863174,0,36.00236119399455,623.5505773470121,19708.56152332308,980.7671455063874,777.3140942819819,196.98521998895274,774.2920094608504,12078.288231890007,356.074288444175,796.1135294041391,0.24696094555059583,10.113874511716837,5.512050472337419,0,yes
247.21233494524068,137.40573159579796,256.7089051421366,205.6176066058432,4,46.57543228561952,725.5250053959426,16009.933349512927,950.4764049388261,42.38310621189587,915.6080074373149,901.7858642157835,11586.599247063665,599.7730433160073,652.7519418721333,0.2004090829696823,8.282729183406948,5.442616146459079,0,yes
227.6623854019596,308.3613376565155,304.3366404965644,222.00688503152725,4,74.11559563660782,682.9576338789458,19722.497356185246,981.5805479789823,684.683098798685,291.3382571465713,938.8183269770228,11128.019881743669,324.5285261235799,679.8835604942308,0.2825863455072308,10.133936724550653,5.169951372979054,0,yes
269.30662879108206,399.8209345339193,146.45936094599094,223.92520496951198,0,38.8747123325839,974.995235772292,15202.358396886471,950.8475765056277,512.8989761784337,406.3876904808849,844.1380315131763,12521.1725721602,814.4819178957811,731.09792780748,0.27281371882374644,7.93518974971322,5.8842834599932665,0,yes
271.9533857784603,120.48196320178455,303.063159837884,281.2190842554468,0,33.778404928777846,807.6711438202374,17204.893113064558,953.5098896212851,841.3712350426067,65.85702245996777,907.0086962669453,10450.499333016847,273.1464971366078,740.1312411876146,0.2035521786704821,8.89887012479403,4.864179054141533,0,yes
293.6872698439414,171.7798384601886,294.8465461426125,217.4012020205229,0,64.1420488827435,731.81438429117,18426.340885171703,960.2263104734661,657.079760366344,331.61567675788183,812.4196001073198,10960.659746760182,394.0423192054319,626.2115674301615,0.21623381575562323,9.493664269350704,5.074971034313038,0,yes
220.53918127298658,128.0950296701006,291.5165962942291,268.19409365938077,1,23.151263799280557,682.9932078251234,16416.488403584524,985.2638936035416,3.013685585924554,920.690372695276,702.1321434177707,12379.1888179798,654.1762853504194,772.8975546761981,0.1978476760520539,8.481450067630544,5.712726927106836,0,yes
236.9755916638221,249.65587949499553,388.93714629124617,284.5757250082669,1,25.094117985807316,991.8415353825571,19935.44344045626,924.1263630051234,83.04057944112851,852.9121441108248,995.0836044401606,11406.431895242147,558.7315963710348,602.4169276258617,0.2715527819098825,10.30195309340334,5.381844113604858,0,yes
249.272859353805,229.52361672401466,337.0688193527544,249.49065262030962,0,36.04444977315786,717.9380374338846,18901.98201571503,962.1611228947586,404.5628578965915,529.1273716591332,945.4414876222389,10949.69505039412,775.4780815116333,654.0652162458457,0.2450397570562998,9.72868921574595,5.272430824297638,0,yes
238.35198355607218,221.32186737137516,195.61539428634603,282.71382304631436,1,84.32298120531557,656.1621574933631,16114.245596018363,978.2681707441711,580.2816267028513,320.2769085666995,750.6749195236832,12502.579554757811,161.87718297179902,776.0461931715937,0.22880170913586007,8.323484620670158,5.581839629632041,0,yes
290.97337764882184,212.17271336592225,359.3539275345987,202.88989192175862,0,37.57811807829697,679.7892382870205,18742.44666990739,942.539221796137,183.02329469058958,773.0814566059655,747.8392936218057,11422.589284073789,378.5367023616944,604.0127997968182,0.23870725578674337,9.637833327359944,5.220309246945632,0,yes
237.38285884085508,309.41417428916475,346.2711908876944,209.60466665567037,4,30.31938701491751,623.3220557492781,16615.692900366066,997.3473068562004,766.522121574618,190.25375224538072,773.7027854513824,10427.377340111587,287.13619253472825,723.0755006030707,0.28463683755219465,8.569688839426716,4.8117354997569155,0,yes
279.3693923890819,287.4933179862509,190.13174270994756,231.46487776854661,0,47.61068252208352,991.6466541861381,19365.982107739488,948.265729741688,502.20313602632547,417.9457603569704,852.5485800346921,12056.535905960223,177.09029713434,777.7680616312566,0.24049704566998573,10.02048915276195,5.453161355084379,0,yes
276.4735269211397,218.7157323306813,139.9960163258586,255.01188074723694,1,37.10479265273626,727.9107689358615,19730.545457122236,965.7123592592174,134.48418934695758,828.1290993852634,845.0202405693659,10480.304219052688,195.59274613862118,692.0313315839003,0.20998112912485467,10.145660998777284,4.821519894892168,0,yes
209.52581094168045,240.44834849511548,346.1724946150116,212.85755448965057,1,49.096545102715005,969.8316204147309,19694.286801464783,975.2116619503922,397.5462859670239,546.4487230005302,891.4064532819494,12933.45867413532,772.6044763088503,631.0070111242518,0.24452337608031702,10.183324910252422,6.041568332833237,0,yes
286.7429428844521,329.5999288999277,198.73981786795622,248.379568142536,0,32.390862952644824,956.0257459562706,19868.988940721134,934.6575084782739,126.53145984965946,818.8372681504554,787.6209952793799,13710.733182491596,335.2007951607255,608.1337787652651,0.26146531249631094,10.261918906188633,6.133205193528279,0,yes
244.61526732237388,257.3060209229984,131.11602430392873,286.5157380417269,0,28.635343373664035,755.2221398892187,19426.298571273852,906.5144675767025,150.0560937781441,837.8622638592319,765.1986580992939,10104.606600031162,639.4277969583078,678.4712213548605,0.22084719730164643,9.991458012272245,4.818558932460621,0,yes
240.54773815002147,182.37909648121075,271.4837095048356,261.39909017525054,4,74.1421657406409,836.0245565970777,16082.046727798943,904.8918247696841,616.1771905993769,347.68781043317426,984.6633696906622,11964.506784087032,541.7043875559868,670.1011312941131,0.235132658153315,8.337138064697953,5.606789496368663,0,yes
201.47596006561596,281.6929607583415,363.55700900837786,237.96473644470646,0,24.114366840506037,804.7953491795886,19380.273286802243,942.5740729301139,518.932982150749,386.45242860747,765.7757164320425,14271.315392331846,480.0079659268218,614.9477013128167,0.2613639731904716,9.984413822226736,6.402037184141646,0,yes
298.8535509144797,171.64164347955835,320.52457418525466,299.92621707945614,4,57.44686633692765,774.762843640583,15189.215023433477,909.1651423531824,236.20174249062356,709.5628460773156,783.9810566436266,11947.456921620713,348.69752582206763,736.8198827529654,0.25363236870523936,7.877616368522021,5.448809405329215,0,yes
283.28821682597004,215.95624669431106,156.32477909673912,227.94441282575227,4,39.36718338607885,828.5785250951376,15898.356191936107,974.0477110931099,507.7056094568274,427.0754416464728,830.5917717409599,10394.486033945663,294.38895722609664,749.03027670519,0.2198769497568217,8.253115738100558,4.824654991821603,0,yes
293.273942500433,382.4394932738652,339.46034475004353,278.434945775611,0,59.03967679183128,979.4986633118184,19364.547341885693,923.7167251684614,100.89125426312006,837.7320033871733,718.2847754468629,10533.73336738968,467.59471827010765,724.3818485302374,0.3209333786194899,10.013599255462147,4.9019711487378475,0,yes
237.15678232536246,317.49372480133786,154.12415164756476,286.97671716235493,4,96.73986640762709,807.4863968000274,17489.65947599587,918.7995726964829,397.8618955747657,596.134749405323,942.6418120938183,11654.000157657545,720.411405996737,723.1129387114346,0.2732353645872748,9.0364499725185,5.548420870951443,0,yes
222.78904288941362,371.66896692824537,195.97220059363053,215.0101694204475,1,81.6458489641056,887.1141954675263,16160.927568029245,902.5949914507538,611.7651426185474,335.4202677272168,749.2566502635468,14094.661994655626,112.84998297813846,789.884017272788,0.2731685341275776,8.387789633565525,6.206725087501505,0,yes
248.30394222159737,255.61886666354698,177.01167113935173,289.1981032698917,4,84.5101066516715,698.9172571074713,15895.63775424829,944.52112236324,857.7566805772489,43.782070732242914,835.6952983522632,10887.49748114668,645.3755185220909,790.6008381990332,0.2533780893703759,8.218901259974311,5.165292273659302,0,yes
277.6974469025544,285.61674955781496,359.8013527035068,217.84621159669598,1,76.6565966241422,855.984941582789,15311.986169775153,946.3906247733139,349.5903672440321,640.0927036625542,844.9254966276792,13930.753756341688,672.2161952657619,756.2102117231996,0.27839632088301325,7.962280182415895,6.404551495943407,0,yes
296.2756477050232,393.1008497649774,306.04933864917655,255.04833123464832,4,80.55399814559641,729.2092394473216,15717.566210083343,957.6352384443785,691.1979914856082,284.29896687048745,891.1733827769613,13205.897460296721,720.940894143788,765.3515221407829,0.3329237359652892,8.138344495717348,6.151850987578156,0,yes
232.51821387176878,324.1571706538699,249.86783019226613,256.82656043219487,0,91.47506651625731,877.2482583548434,16247.710660162722,966.8684340525056,476.78951592824546,517.4860481221021,971.7957623700274,12459.188455872885,642.7129238801352,734.9374946883534,0.27177119020156887,8.437763451699604,5.852683753637575,0,yes
221.9824796448093,376.5816997664504,262.00103183163753,274.8897317619545,0,25.124089288846694,750.2037125198701,19087.889174332347,945.9890471424724,19.605096395369802,973.125018377598,711.659051070187,10756.942510362644,327.80524551678013,703.924462761956,0.2891085350460428,9.826546765914719,4.937449879695159,0,yes
284.8758136375423,295.2922834986707,304.334745276455,248.83603706625144,4,77.19996396540598,825.1026023785699,19121.45655516264,923.5273411816149,4.81318488307102,964.3445360685766,943.2559161198006,11469.028735786334,753.7680031219179,781.9758688834952,0.29034864114551284,9.85693852362983,5.49240905377232,0,yes
286.62712735590316,288.22332738823087,202.6593209230551,291.6293597631952,0,25.44877579623403,834.7722580043287,18597.312955358644,971.3369863139475,286.6329065827226,683.1168994670397,710.2166633917665,14619.23671187042,213.64211741845978,720.7338423324184,0.25346141756133667,9.603609541995716,6.435166509548052,0,yes
256.2038552805615,164.5809615068321,203.5238532962394,252.86496320933145,1,72.37545263579219,844.8305285996385,15293.386132918873,936.6057200034675,456.75978914512604,535.0750379312283,763.0727207433495,12355.10237911923,115.11410485142414,704.9283803886351,0.2024719154951192,7.9491251884442375,5.512211193076011,0,yes
291.41325408348655,361.3635709485297,159.4104544191378,267.1273844185255,1,26.420408189801215,889.5479211392499,19099.231817279142,999.2370903733397,593.5793733692943,319.8504968715623,724.0144275577098,12127.765404929418,316.6018730528007,632.4017975429886,0.27389588206893667,9.870790779845562,5.465928111790654,0,yes
254.37677848973252,248.0254948681754,350.6564344668172,201.7280791151521,4,95.39976138024285,969.9449084638208,16836.142736208443,927.2079520341553,413.1486131693905,576.9563508183534,859.2751514886962,13348.633978746173,820.1571228857588,645.3241611718638,0.2697131308725678,8.747674006962436,6.222044462566818,0,yes
291.3985939432662,119.20026111762344,312.36451865030153,217.04761187777333,0,28.571358034320138,817.3032777292549,17224.037080887418,934.5852620874654,873.3282142111135,46.73346228290359,893.7592785232251,12809.782787818833,781.8547356515932,791.7623373203015,0.19387387520958332,8.907996585030922,6.014708185099171,0,yes
230.56045781892303,219.70526986754808,123.14456257682977,255.8849519125224,1,65.28373003376532,892.3170942380962,17583.489814453587,904.7538284560117,872.6106366609773,60.41337120321998,790.1189038881818,12261.909268149177,845.7788153108959,619.0290300882592,0.20491681402272033,9.10054460667287,5.758632717033433,0,yes
243.34725712800469,209.13583093170655,104.67922563775522,204.95220960412945,4,26.74611707490028,716.7883624118602,18017.45319125701,973.1416583553398,105.02618140680573,801.50278621251,804.8456827723378,12811.99822125947,589.9026765452822,662.4088063305898,0.19558134804041546,9.287687023261396,5.884263162769002,0,yes
266.96363364855324,398.65861920723256,132.8931925167059,228.18846117830782,0,82.74006143048712,824.0111536916114,17998.76017608995,920.5262297809867,661.704084242263,268.67276138218267,793.297927146019,11916.257378991299,330.05045797488856,640.8669082772726,0.27570606342187914,9.294935057262387,5.417843956764285,0,yes
263.7689747955274,126.75771685879316,287.8217171793009,257.01371513745255,0,44.38013879118376,938.2775484733502,18432.144767559344,923.4220867150275,259.73161201989154,670.2552404797884,718.0213515982712,10924.184062343349,431.25127199724284,722.6855383202538,0.19846977137992947,9.537890730885765,5.042099679293804,0,yes
252.91003010675064,327.83148244443487,380.4891943397303,253.85640035506714,4,22.789249213059914,987.3282773583253,15107.708893391216,990.0785739482803,332.25176173852225,585.4305301326376,913.4745450535637,11537.125845355693,885.8434893820761,670.4229268919735,0.30871420187979326,7.896128088221216,5.538717889089405,0,yes
242.36182551280697,107.86665373228678,120.80128837181027,285.9947816316567,0,84.15481124568001,936.717613586095,18779.60729808434,963.0737291855614,918.0666982151815,43.826126523630705,766.9470508841648,14260.601828309336,423.4973857488059,799.5079363796746,0.16559862226802025,9.71671257761378,6.407749039140212,0,yes
220.47985398075275,170.34434125457278,283.86642656494143,255.3562477056725,0,41.55057550590197,660.0708854008143,19524.55745980667,916.4532917117757,514.3367176054306,450.5821406836495,904.1809336290028,12993.123989859192,568.8904137079433,688.6336078525588,0.20895467735279225,10.020996140296962,5.9995014460128635,0,yes
293.5121364025813,269.6913381312217,230.1719486794288,201.72972074193854,1,75.36329488482477,710.0960281579796,15611.892597947703,952.5753919381019,937.3585998986063,38.650579979032386,724.4190794937434,14028.775672789872,637.93504478727,685.6772704999144,0.2447177858256799,8.080596112351433,6.370617527442718,0,yes
226.4252828079514,184.89329751372657,300.01481223224744,265.7437123924376,4,27.552985342028194,707.2127221960909,17196.422877201978,931.7436101702436,582.4804791052097,416.98103931089975,729.0644291338406,13092.89573175384,492.73888424140245,783.7053466158867,0.23507304956405006,8.86936517909206,5.956295444119501,0,yes
239.2103843493205,335.3735002801569,294.5716304542344,203.2342158008494,0,74.33880604133302,765.7760835048362,16618.05616033696,959.1084913563237,12.532309988365213,900.9901120211658,786.4260720081732,14320.064417148757,831.428236202935,712.1392310671857,0.27317073809861037,8.596889466745763,6.584236874183431,0,yes
299.2383951991166,271.970485372606,346.59817156025974,218.84286371936693,1,71.46951559860315,748.1701940527712,18747.92951490718,966.8184217244614,879.7690568488696,100.43078896975021,795.5627061451042,13143.915409854499,139.48944932363938,642.0200175898269,0.27257360831906763,9.658985341848602,5.840600332975956,0,yes
208.02331626533615,135.67684042067157,190.42098283022682,211.60221226891446,1,60.70480267232594,929.7431303967533,17289.941021606835,962.5862517352538,501.50502863627804,434.6641064064972,932.8488856101524,14757.307752133149,385.94634936522453,616.5380404776789,0.17248295074882036,8.970218361676345,6.630057354890678,0,yes
253.05176998716388,181.92075844667764,356.0118982995728,248.89177040156926,4,68.04091149505543,995.3496629950486,16813.572463547112,939.7749994846677,610.8739366332263,378.26297628523935,859.277268315451,12083.395895093354,484.86933037026796,654.5738579732748,0.2501671967837568,8.743974017238484,5.582912943254757,0,yes
234.73128529121576,132.47373497932531,144.0760262655424,285.74338836647735,0,70.09824509881817,829.3816398396106,18229.615218064715,918.1261762265785,85.1094353318426,838.9367583391702,828.8513664846255,10992.259000055508,319.68203961282904,749.359050461464,0.17731439519176567,9.411238560919685,5.071758082374123,0,yes
237.47473271527645,196.653718964731,143.18536102695148,258.01103668739313,4,35.551784644711105,894.994090036181,18772.4173631527,910.4339691586566,364.04161984310775,581.2956117859487,886.4544274985201,13181.248473393096,276.3340553621065,636.8790613235514,0.209265966167908,9.696390786512321,5.941147680046379,0,yes
241.38106638485894,285.6158120307729,172.87208854918111,249.0358026814256,4,32.22820941389551,806.7517236502651,18256.34143376299,991.3515940401949,313.86717176894416,669.4545225590107,934.3510681553363,10760.30001884903,382.76663070015013,673.661377380038,0.24906907420667515,9.429617155520079,5.044563508624897,0,yes
269.54792369613443,347.1836378815287,376.2786881418298,250.56767067810242,4,31.490472442776607,615.2022620173817,15659.529040287585,989.7699419887766,439.8375404643657,509.8938956872803,968.4353668196784,14309.922233829122,506.5264660987285,782.2135767048447,0.318153654297988,8.088788929566947,6.537296230613454,0,yes
230.58058415568536,179.55606511461212,199.41824412028552,277.6521571116065,0,61.082463099016955,998.1968226205103,18944.163536379256,910.0574847681104,826.1122028356883,140.41016782394433,775.130231979236,10568.477108393137,410.3016811780925,612.9474079610062,0.20393969701849746,9.805859993534046,4.904887722193091,0,yes
207.8348357322735,343.3012403621115,276.57684468064,269.6885609728864,4,91.2724462151555,855.7346814622513,16127.99020559152,914.7384297855092,143.0290059465312,773.6231842971863,952.818794623784,12036.3144721178,510.1308240952657,761.2010481673293,0.300200829230329,8.365887934754225,5.615710518270563,0,yes
213.57280677020685,140.0798042837582,249.55109648955118,298.68525570278223,0,44.40437432704363,832.2181305034576,19836.042966098837,971.7020276475124,271.09932596188116,654.5054717189229,988.0184471853894,12471.909173732467,471.5030557912049,656.5608345351376,0.19813826961213354,10.222451615631337,5.7759766427092964,0,yes
251.45166577537537,185.8364510534285,155.31646587263003,260.607455229595,4,28.669660820332084,603.7806952657604,15405.414450302142,935.9361176185328,130.97015180644146,856.8207676393905,706.3936372230121,10379.737400137883,729.6210288893338,756.5777690363011,0.20878643884409373,7.951825619011314,4.951480764129652,0,yes
291.1790934005447,237.4567896034193,257.3936074088517,253.1359510131034,4,46.774905594070326,705.0696430024916,15430.398323316087,981.5522992093828,1.5900755739110328,923.0414796132412,977.9073513198771,12864.777632952468,517.7111463639178,736.0128335638842,0.25566000859155746,7.9927417705312225,5.95790784147534,0,yes
295.422468292487,339.1863501690383,301.5464801363866,224.6162129297234,0,92.15955574869326,860.2813887856377,18616.51772955381,915.7762159615265,936.6482889872523,45.28977036943411,778.9788733840759,14007.657929923274,135.43727748454498,643.4935658049324,0.28972226849094795,9.611318458651377,6.178276439684682,0,yes
215.27638059114096,389.19849677790006,307.5426568211237,292.8080517274458,0,71.94213895435202,815.2042509050124,19734.267740065254,968.3843139964108,334.0866739872936,594.4342379853144,968.1699496177091,12919.679623751788,209.61790291469697,708.9145599415413,0.31188534491893966,10.167292752906466,5.849682080481283,0,yes
235.70091994490022,243.43642174003278,166.90797213715075,263.4391539655019,1,33.51603484822589,814.7148291332335,18697.969497810816,929.05000130069,213.76793253841117,687.8466049916661,858.0617747236741,12896.050817913665,714.5313536067463,776.4982905857327,0.22132920311873905,9.643624652322936,6.003448805426933,0,yes
236.1780964267952,317.6641942279455,341.3566520708121,293.94808155531257,4,33.65086931590061,601.4523721393622,17435.38210383394,936.0129411599034,507.8831978580933,395.20069649446845,972.1069371325018,14077.619618257448,729.2047193064653,777.581995563753,0.3040890737298881,8.96631443818012,6.527908684125792,0,yes
212.871513267886,161.28059196122257,332.9444016855613,226.96717174705722,0,92.54968216061718,857.1772450527023,18174.854399164662,979.0457680876825,866.8761627824792,34.82398948980028,951.7950843730396,14758.1503194152,205.56257980796255,771.2667943982893,0.21491813937921794,9.39848613055905,6.58150823865347,0,yes
279.08138289230067,335.58625576608506,363.6598920483018,269.15321719435946,1,70.02152234387486,761.834553542741,17530.910378038156,938.3080121413469,307.60628561893526,641.7005234511134,958.2577659514501,13268.271578698736,656.776683349569,774.1418608964201,0.3087582488404911,9.049581097913167,6.175529165501003,0,yes
274.1859204553515,148.0698978470112,183.53772006684332,210.95734440482002,0,40.74534972663773,639.9749023511866,15610.08462085931,930.0399854177866,11.347602627172487,967.3035294033631,836.9577899830742,12265.296964447127,349.1491079277798,762.8356495286973,0.1777881524962461,8.06122974433999,5.605308932089697,0,yes
236.23400180931935,294.9250778078965,235.64954397561655,298.04511231333856,0,28.620907164270434,890.5910409907995,17866.084353097078,921.9605622770833,244.18441656505314,682.5819767217079,815.5774995289909,12437.828962714553,219.34029153402275,708.6958449788254,0.2580463315005998,9.24380101301673,5.599524579471227,0,yes
200.77447033336364,287.76233744449326,210.9163625156938,221.70193701000758,4,29.833620181526676,766.0660141550607,18177.65470679338,935.5783812624294,836.8922227312432,119.4974983224123,771.9354246517464,11076.714174771978,666.7055614971118,692.0039130044888,0.2466412843822048,9.373518031902716,5.218433786598082,0,yes
269.91163319492114,300.9962008582238,239.44812533597033,239.46686848718093,4,47.698574440890624,797.3001595040982,15532.929190029647,934.0194717043362,145.4984298386993,777.9314134783797,759.4715221763131,13826.745527512414,536.1872762903735,790.2926167115022,0.27217553108667275,8.057894111434482,6.269775442349309,0,yes
226.59419548547555,346.43082581030615,266.76329091707123,299.57802205075075,0,53.39328249392182,820.7133680789264,19656.506967059195,963.0858212282144,581.5170760851495,362.2125879104973,899.0545949479341,14439.55127904741,866.9960350464941,709.0452536560556,0.28707368297938884,10.128914784724115,6.695039632412144,0,yes
263.0659410162797,161.59389245327338,258.7313520087455,293.8886141709453,1,42.02615286476416,667.4594830089732,17789.041050363387,917.1645280428955,505.7699581165589,404.30430059255957,811.2078865534096,14990.459733782602,716.3931722369196,606.8517407457017,0.21757632965006454,9.154951911625096,6.8020059474734325,0,yes
245.4495031291661,123.6404012472673,314.65802629305233,242.71658089282437,4,43.54656282925898,836.1624792372922,17438.612448456508,990.3155311810203,176.27577059339964,781.3120694288232,792.1200743973599,11696.407338724082,846.2328676516886,635.9111343907217,0.2133090186850329,9.027197983865292,5.538996016499292,0,yes
214.62909531215857,324.98774070026263,243.31856738727228,258.50987022436453,0,99.49621512734333,632.0088599010303,18249.603932719227,993.8369094838672,355.2135302826859,611.3337370906747,806.2561932755091,14749.077872376725,755.5917523895951,661.255151649569,0.26987995723067826,9.388049070257779,6.734018377047674,0,yes
210.38681613301898,180.69762917571086,294.33197307205387,216.7682487176699,1,66.23952959275354,905.3996613022778,17992.18341984485,903.220921491807,619.8925141119003,361.325631625416,720.024382818091,12526.228732325795,657.475940128561,785.1742383152321,0.21330075550424873,9.3076530325112,5.789574115068903,0,yes
277.42669526394144,273.7348300098188,216.4621362559135,287.0700690670743,4,37.26356364652189,994.9017007059297,19068.30182133624,931.3193318514172,681.5163196630054,223.45926241149084,927.0181919532772,12102.9710404164,620.7634689792678,799.3750087467928,0.2658342743232019,9.87007515611077,5.679808988763673,0,yes
275.2769138422703,388.00722414447125,296.86967762934404,297.3690311174461,0,41.22808840986807,866.8487436517986,15185.333149671927,911.3267276801557,516.1566038279113,392.10195537112725,939.879198461433,13310.899945314603,162.42035689899598,712.4998468948289,0.31391060931697684,7.896600205147534,5.97367810221132,0,yes
259.4965812115078,299.806156393008,211.4670982028328,263.0293800111126,4,29.585077135318887,978.8548644953173,19096.108307529266,916.1661749284908,625.7458603503571,301.47813833361124,758.654606386935,11061.914316851195,868.7872630751207,779.0480683542678,0.2672213713103867,9.878198577798155,5.2955731466983575,0,yes
246.91692735096916,167.65371098588105,104.14229591218125,242.88358292947427,1,87.3696704540806,993.8740187781616,15742.394897215792,921.3650922839893,582.9387507511044,363.5686576521805,943.8432538732053,10782.532806622585,703.8065156515803,694.6663153893527,0.18253949706048989,8.20552089530468,5.183355947367014,0,yes
264.52752339530764,158.29378343811644,332.78182130907373,247.22005726077745,0,88.21741807713002,716.844123365244,15929.83362566109,983.341515301139,402.99925639837795,576.5433929789169,815.0822775874985,12811.614469449469,820.6295547876024,741.7070557131108,0.2237247014561007,8.245300395454555,6.0009921378305435,0,yes
218.14936690913126,270.7550353437989,397.5312378072913,289.8009216123901,4,81.72612358762086,872.3676670733714,17387.424927926466,932.5850281549682,161.83502250932077,820.8332871438497,774.5717726345704,11399.105783278123,779.1913475564851,694.3732066312199,0.29949716866959103,9.001801402759419,5.397380243451514,0,yes
248.03685560720106,179.74658201392853,153.65306020834126,263.55527580746485,0,48.01623761062294,610.9702739466195,16681.27025217178,962.0245193538293,478.69467644502026,422.6392685393498,728.4012032063898,13661.586992186447,582.4609951742661,622.3137061530123,0.19260712681521552,8.594903442746514,6.18458629816212,0,yes
273.91941393885946,237.25263277557772,389.09957212032214,228.657280438532,4,54.73617401447159,914.6954890522351,15055.392304229219,944.3454769665987,851.8245496448791,77.06250500226759,846.0044055014347,12127.276332306363,827.5449089534679,732.3447344888903,0.27583840161951495,7.847001505072623,5.734176065658055,0,yes
255.62345149792964,301.9300361731524,311.9014667749184,284.67628414647004,0,68.40780467357577,888.6157195859138,19925.02105654306,955.7184498356488,261.78788195464057,734.0495810695122,742.2532626145942,12670.500263029164,629.8354131412922,634.0335380939993,0.2808770897543983,10.277455319208368,5.827171116007209,0,yes
204.32941736453506,253.9757403322787,348.9969487041574,239.38576338509688,0,53.608907851854006,897.6834337812513,18517.927239554807,938.0064980621008,885.4480190675962,47.81330485266017,935.1765759267447,12531.510774983719,397.98879681027756,653.2876678575583,0.2517162877119119,9.573530351590977,5.749894674172743,0,yes
298.4741883034718,114.35485287784259,102.12306299119145,285.5037910606054,0,94.68403037124399,783.8802035169464,19875.05103426071,992.9736399196167,776.8900246527891,189.2091019820199,805.9375886531061,11149.825602357749,277.8225714964324,789.7450762299334,0.17278685743962657,10.234094779025195,5.120038436532177,0,yes
279.0549898929316,112.72634383979288,184.87216970467037,217.9248022830788,4,84.24652365746213,636.1228562000482,15686.14631245294,963.0727074980102,714.4997734540264,271.20590015128414,778.9476268193579,13786.960067346276,784.8858729622846,607.9494281548631,0.18739633380346218,8.102961425978846,6.345642151858898,0,yes
294.7191362051254,108.9575575564105,126.71589746164106,291.2872895481519,1,84.52474910349855,641.3063753835914,18453.183057047198,972.2556410664399,964.9889965336794,18.514614282547768,859.4506330733734,13499.245319481528,632.8800418210259,621.1630828685804,0.17894954511615765,9.48887788407845,6.203374087358323,0,yes
279.40253795021664,291.3653643770937,373.8994548241871,235.98991499099938,1,25.657736179655206,947.4465893133845,16323.183068661061,993.553263464114,62.32842435488938,864.8922290048902,860.6006422309649,10342.490824629098,164.12950865780874,788.7306356119161,0.2809495465640418,8.49517254534628,4.768012234126374,0,yes
244.5008627101378,100.97304049849993,163.75221121741308,221.6316145262221,0,67.23196983552472,690.5572355116692,15310.01857249337,926.1550089615502,793.6670735256992,194.56523345159235,935.4624697913857,13402.891340887214,876.9333927029109,741.1430648750622,0.15670131074571425,7.9217353172077205,6.3093049643957855,0,yes
287.2717547751202,232.72464998874923,366.1205131332661,277.9486995802937,1,46.06411187505735,675.1767503362466,19253.96323687774,998.7539704049152,668.033600495923,282.35698789972844,832.8691670381651,13886.414931319754,542.3592905029404,631.2084825058714,0.2678906566866409,9.900344720441797,6.3081434659648306,0,yes
273.5935982517849,131.6846241027624,309.00047371266805,271.5057648389729,0,96.56754718469118,869.4782909968085,18139.661248291355,941.0952034350274,409.7155722563648,555.3553866434008,791.7376639179987,13928.559281469683,847.5717350796664,651.1309747623424,0.21537955941416953,9.378434431593957,6.435263939247624,0,yes
270.93578008015965,344.31740743591297,337.093895674932,255.19437979962373,4,72.29928990129687,795.1460338500133,19999.79236008731,903.9101709231223,211.22713448500105,745.6633584512581,888.8686199738089,13684.066234947994,494.15617495161524,703.8893624547827,0.31540083262158247,10.286727652937648,6.240764852640976,0,yes
295.1087876207656,308.9102303700216,364.26042341362063,230.3561093291286,4,93.51171925921608,925.8517846988705,15438.069543470163,979.9890898376966,633.1667901501932,271.4568457791688,952.9182819215536,14501.212569952851,760.4209193485912,795.2661902154807,0.30743289159729026,8.045798136011706,6.704730484261646,0,yes
245.58277111649357,157.78699697759592,123.1005397368613,260.63122516105403,1,25.687327641700932,861.6172072985079,15274.08930877896,961.1152120787697,248.36824706546432,696.3004534788437,718.7319447701296,12424.115175216144,646.3974025259962,757.8694639166954,0.1780114064729333,7.94662852913051,5.735098928500679,0,yes
276.364649894339,353.51935167315753,291.24896067128634,275.5276990944379,0,62.82655628895468,739.3257915552776,17724.257789663978,984.5081306876008,158.83600327700114,825.2880794041051,851.0384877972655,12106.465528393903,275.06880919305536,689.1309570961128,0.2974756501373769,9.14763780642852,5.508772505802013,0,yes
278.20029010508483,316.1409641652724,129.46861479620435,242.45044128764073,4,43.012322578057464,688.5455141358232,18073.40719259321,946.0653969113673,433.04264054546627,472.6245239929531,877.5642318530215,14107.470256292967,283.45375629560795,612.4268381086878,0.2572945806461505,9.305719420131856,6.302302431768324,0,yes
296.54316821276115,108.5561754552334,140.51222828934232,232.2603441685937,1,31.514610334482185,788.4842503538202,18193.73760536476,909.6233003948976,334.75115931920993,610.855394776118,892.523555525288,13694.851481869347,320.41760630642466,660.0970920255172,0.1633102542307199,9.382994503757857,6.169729178776728,0,yes
238.87446463544143,273.4583577303465,355.116269498474,276.47674561456097,0,84.43854475315929,780.0865646162582,15136.842004042768,988.0575665032695,3.361922848295585,988.2120346952993,868.9295965412853,10576.133666645976,403.83216167910837,766.2730847528253,0.2763896244361303,7.863464098529337,4.96655340056735,0,yes
261.2619843715397,131.70334582503114,202.84350129573352,213.19346092866772,1,20.80778996746215,992.1539637119336,17699.467060187926,938.080870390354,499.26835513266053,470.4952422052296,796.920844349275,11051.396548129293,817.447883532447,689.8701621440289,0.17540862584642797,9.185949745545654,5.280161017772751,0,yes
276.03875322121786,319.98805015136725,384.5484374287174,248.03355147185124,4,96.06971779296688,621.4662937270339,19518.265532789974,901.0773486739854,466.33601974442473,497.8172396825216,746.3878481394486,14221.606087367203,866.5476545702838,746.8640916866428,0.31736303252489034,10.007329368277889,6.554437079881277,0,yes
226.71611330304341,360.30329855373316,234.69573584177027,238.33477646436995,4,59.244872246114795,681.6867010548734,18250.925437733622,983.3730811576187,601.8880706247558,397.634729602211,902.5100639756864,13642.43855529786,247.1220563614982,757.8316296331031,0.29071147343710946,9.398120122472127,6.143802851308127,0,yes
281.41153101703037,228.5661331195232,234.87425303969246,294.24776454649657,0,25.905893339765058,740.9550298763954,16368.991508908684,983.1316308169489,841.4129463965542,127.80184849004127,804.157109129606,11270.241287395735,651.8151996837412,640.5902126095834,0.23596199685475155,8.470174415379022,5.297793170672229,0,yes
237.64074195078288,370.6797687544174,245.08250887725526,256.53674660250493,0,82.3931313469085,913.7537456897896,19704.09373902105,925.170310655184,404.46704242835347,578.8908581870212,858.1138946340981,13558.591305581049,585.4261458457786,727.5305621470659,0.2888703200593937,10.168507783990536,6.221562391907779,0,yes
260.8864875438633,377.89450494073617,379.1008896214286,224.6933623490201,1,91.38629447979478,852.4895674703625,19201.949667600347,959.1514783956726,645.3354697650085,274.1336067552452,946.6574089241246,14875.335523434534,668.1552813608506,669.633920054469,0.32026131774293093,9.908230786419361,6.800340268909227,0,yes
296.70455775954855,334.902864681112,172.15751111340995,247.49486368974505,1,58.79962473136712,849.9512137902241,18281.305730014632,944.4892296222235,376.8283400209659,574.803026051447,762.6711755074973,10040.537843918277,823.5367395504122,635.5155514093555,0.2666747955328762,9.445319671176469,4.854918374407321,0,yes
250.71911517557513,165.18727345542868,384.9452423235443,286.7875467327799,1,35.58061620746968,807.9402177797117,19100.86644465354,936.8767234556511,240.5695497023297,744.3527555560044,752.125122248614,13063.663118202245,404.9754922087801,727.122423396065,0.24046445627696073,9.844631043354127,5.909177931175506,0,yes
299.39098574340017,398.21757923377237,223.14869700571742,288.03223570343755,1,23.612330909591506,697.0194596317655,16673.659598205424,906.0117252742701,281.32046843005327,694.3439546889438,902.1557976559382,12229.822356081446,757.0289269379188,768.6306616297079,0.3062244047103171,8.602222572669204,5.780709227953956,0,yes
233.47653639881943,383.28675300633324,378.37909979152596,219.9066233990383,1,56.132661236851,717.6583928874759,15196.601272643456,985.0288383822901,178.22678818177724,783.9592771434667,816.5133488039924,13380.336182267405,526.4868541686167,795.4856864482922,0.31341867174655935,7.8790973911191005,6.116166964117957,0,yes
296.5740131813482,208.71152644020225,384.4669298794418,298.00339503521263,0,34.76774822964301,832.2414590495804,15916.04652883331,996.5054438120253,86.14584723436417,858.3026276495278,970.4857588876898,11610.310184523418,513.3670574503756,713.6124086028524,0.2617247007673618,8.265893533083396,5.45116640294473,0,yes
260.7009736973255,332.984573092975,388.5722730027529,210.97708490450384,0,38.25095175653249,864.0352908971713,16576.35949668363,906.3050472037463,493.96494970340376,462.21779881546496,903.1548824591152,12894.489925817254,798.6584693279618,772.3264529232605,0.29074478766231104,8.590792916967077,6.061432260327249,0,yes
223.30310710806285,382.8905792763826,290.6737186018238,235.78712184010308,4,42.46273281850314,980.0995240612434,15792.184629538895,944.1691372406682,730.5977019339065,193.78574462077347,895.8421639174346,14086.379164947586,164.24634849254244,710.3277416611918,0.30789196091906446,8.230361203338806,6.268902287419423,0,yes
266.89784440146354,271.02139403155604,115.49839937187372,246.11860378448745,0,29.297628456800908,796.9664993138994,19159.239977453148,986.8910320844982,504.4882379319661,428.55913334344297,719.0781781503194,11733.331101214842,618.1940106017199,666.8359005779972,0.21803190492882804,9.878262910638437,5.434014078817951,0,yes
228.69155002226276,110.43197748135006,218.04004986581242,212.27308143539872,4,54.807675259058534,864.2235865438855,16315.183556274736,945.6549224776633,858.3420865712533,57.74284787288616,892.311023464954,10488.391695744125,130.090609791222,775.6415655786188,0.18191121046975237,8.465635631792683,4.822169333817903,0,yes
272.5885653593464,140.85748053647177,141.9113277193922,289.3203319835527,4,93.66946997872974,897.3146085294295,15871.562431290371,904.568217851818,505.74605758486575,488.8829908228571,896.8516751554448,13934.709298304551,886.5127246735346,753.5229979210543,0.20470204731846145,8.24568955281965,6.512951435838235,0,yes
258.95047329346545,181.18362398738685,393.5447465538762,224.3262858460101,0,65.34023061471962,876.9407915743814,16092.817465422475,912.120586117666,287.48564815975425,635.2873464002137,808.0793780420016,10824.873909073718,308.7817601663888,644.9572097977633,0.23687235759285907,8.352731321427619,4.978189926301627,0,yes
238.5392528235514,148.5690506622622,236.850939518145,285.3280888723603,4,97.91855935573486,691.1225121572538,15190.334552697614,955.4600177546833,571.8203242967038,373.61571726445356,890.8039806176902,12720.205436636648,218.6876398927203,716.1131205726504,0.2222040843183553,7.866041475914531,5.745846386573428,0,yes
267.8285552268859,220.51540713439874,312.10080222185104,226.42804053592425,0,95.33027672239415,806.1840963176063,19034.60047783096,925.1447492491383,210.4822095905385,698.1707577282964,848.5553184197777,12277.264240642126,731.2834200572205,773.9182408786581,0.2416310499557293,9.809497597530846,5.759448215938593,0,yes
226.62145601468302,161.63261284026464,146.81849926303684,203.24936360758508,1,55.326676325376205,694.2977220663257,17845.735251551523,923.0663146244268,142.52382774376048,809.5321262853338,775.4617263228392,12713.209447096298,491.0475874992765,628.2199027349029,0.17414617916514263,9.189992514781514,5.795212105098717,0,yes
242.57397996620105,203.08542440675265,160.44809581878866,246.45688096520422,4,86.39237391753491,630.4849672685682,18378.397557841814,962.6158816656583,607.3378214293153,327.2116915007049,746.5796477184718,12021.358911135598,677.73666384395,743.3944998957534,0.22001610962495785,9.447795251909113,5.594358013599482,0,yes
272.00712966903416,160.24820210668219,222.68125065174831,225.75176856874418,1,88.11798794632287,826.0781296627177,19638.799818645697,941.2150898760003,874.7920181289978,61.97686121777201,829.2386928434047,11730.622144758468,735.033636862193,674.4882041786482,0.20312681605096367,10.118253737670798,5.52524659450803,0,yes
290.9962089097686,262.81020444647714,166.9156516755391,298.08066350024967,0,77.56894538671209,816.9846516455942,15116.995664539725,907.9193164878507,548.3427600374403,407.4778591267759,829.1882991295441,11662.614966608548,351.0215385808536,685.6846988442308,0.24454275070560863,7.850756436738778,5.348510789467553,0,yes
253.62093483053098,260.20385589997386,239.45711582064288,295.2663577620098,0,76.25029378574398,671.1186413783269,19674.018711801175,999.8519193445321,830.38227711963,120.20479223779682,913.9484997885709,11344.876753680672,690.0914162017649,616.3828052753164,0.2525485271859958,10.109635873076916,5.381143332232973,0,yes
238.99959248384246,105.66929409843155,245.2735549126606,256.41272238136816,4,58.30616473856604,952.2794324971665,18870.600615852076,900.9317108211902,334.2525656175441,630.5473839231504,788.4976441757278,10952.47489086647,571.2611592920967,646.025711552514,0.1960229026178727,9.757254173611107,5.132303620543815,0,yes
230.51024812762068,194.9024306996178,263.8259915093098,292.00526215739654,1,68.98891553804124,712.5334667444303,18654.7735958534,948.0524044254928,608.9396353021688,374.7098610591039,930.0302730404278,14500.935254617114,461.7230990507025,686.9710708934529,0.2308154980258459,9.601951267594899,6.572468599660771,0,yes
221.0320254173042,188.52346073410035,129.43214654778583,213.41663719175648,4,90.1715886950435,771.1394437601996,18378.549377282863,909.0047429099986,733.4684082994238,239.15359459948456,769.2080672727633,12410.031783578308,488.0365615679925,776.2575314061671,0.1991339019438246,9.471456199803335,5.692613624551534,0,yes
231.05472644658127,223.31522235902096,321.11666271440777,295.81582007376664,4,49.53300151710978,643.6640146629356,17353.034834287533,974.8060330301657,653.2094990067284,312.72614537563834,753.7577164352041,11436.598888209426,721.1734346888593,676.0930219826128,0.26402388510461133,8.939670676053945,5.376125017186393,0,yes
207.65102499352457,211.9450906947373,111.4594062155536,207.07636872538316,4,39.291516522016295,984.4984208934741,17506.492199531807,942.2677095192548,319.50410760283035,590.8110154975946,920.4569535502922,12853.096518874136,771.7212749016921,696.2546245831742,0.19555423624229132,9.088268703309092,6.024644166870782,0,yes
203.6388030486326,261.974861338005,358.801533381935,229.93936842939112,0,45.7677611589376,644.4231327322289,17904.176351616257,952.8986586675252,588.7178214206198,365.34781649509637,803.4189339641939,13770.54848597576,418.3811984758986,721.2655892784829,0.253914843330772,9.21238544775809,6.212775655404378,0,yes
208.08220068962032,241.69944587626608,299.71435075891463,269.24306277669916,1,87.69666384305611,707.6177037411815,15879.543743687618,953.7000610849236,48.35690899204936,925.5783114687134,942.3834609704678,10127.313107178426,806.9999767729391,771.5579432612901,0.25168002944565143,8.214030808991774,4.975936243988288,0,yes
224.75908366785544,247.28523021784176,379.3967293200299,267.0024827441184,1,89.9962113421662,771.4137754848148,15119.281517757552,966.5396779047989,909.0880716094595,0.37094623434518326,948.8875355769228,12978.877096209611,116.64472171189102,636.2011252127234,0.2717972992732721,7.849779276822273,5.816293831532405,0,yes
239.58738623097855,132.2627456113837,202.4082935569128,293.81172994334827,4,38.09619823732476,716.8043885558412,18942.159790505215,937.2676222317139,469.78817983062197,504.6802762734185,980.0840231885157,13438.336725531037,673.2409440817491,716.9955402970002,0.20310106554655938,9.745104088059719,6.254750319289475,0,yes
203.36994839064252,286.36126548711184,287.4377098616879,284.81785385182604,1,41.724789499497525,600.9908982727213,19779.005755804505,923.8697796220104,733.299925820612,250.60250238052822,970.3214441007967,14279.67519909757,748.1560832257792,626.7913207477566,0.2638302627834769,10.136362095867668,6.606795160877331,0,yes
240.37427063091633,375.54122893446515,219.7318599320907,260.0192983836738,0,21.68551139721533,742.191802705034,18986.466123313443,979.6447388315808,228.92013911526155,754.1330596015084,878.0475126221586,11791.602334919095,702.4556116793533,750.6787386098682,0.2791557186756677,9.778702719263766,5.57258139749834,0,yes
262.47002753414466,261.91721830510437,108.83588741679901,260.6677126240117,1,30.321791502214673,941.7648751314734,18429.64223113057,985.8147193691264,396.9296210295551,525.8399638349531,734.5857628386191,10591.54449839072,291.62557892870143,788.3000888621965,0.2195359843685855,9.546028011771751,4.86755925118626,0,yes
260.6583626542208,242.1304967567492,108.19194825763452,231.63617911494413,4,64.63991142136342,685.0275842486622,17390.519152905796,963.2926085436483,763.9089245031605,220.36087856703716,842.8208646560578,11026.361540251424,522.8104092552234,651.6622255823552,0.2217705401368583,8.965875091724454,5.167636968608746,0,yes
278.87715702526106,102.4345816033083,133.10035476093418,274.6071418995141,0,72.9434125036848,611.0468463021627,19754.481456495658,978.9258098831582,294.5898155292814,688.4896702217295,976.2070818791335,11306.953166604471,294.5464235088257,620.3025285420492,0.16681795553578965,10.133859908448658,5.237655273997894,0,yes
277.3580821225703,233.93741855150904,214.76940485409443,298.72955180617487,0,45.88154499922282,971.8479876955315,16123.851699342134,914.5000501257839,565.0720675904736,371.31280632099003,770.7905891020241,14945.712211861628,793.2127411651646,765.2653980708977,0.23698312489863013,8.390228177362694,6.8231346123046865,0,yes
270.14267119152356,213.33734976031883,311.31780934102085,230.1413095155765,0,62.57468692432938,736.9554866156267,15806.09273373122,930.1748434677116,792.2390248608438,133.9024192405991,933.227539495946,14373.882186230516,403.72117074822347,655.7212943549475,0.23552001052382984,8.18054635405881,6.487700098543229,0,yes
200.3280667766193,189.67187408058248,396.66410795650444,235.75374637824476,1,66.76612173936866,611.9117051075384,18993.21862874956,954.7462578432502,526.0409350248199,466.6551822198014,706.914593385179,14743.10085089705,643.6584921847532,663.8792533547098,0.2399508858884391,9.750079455236847,6.651080066509809,0,yes
244.13808612805545,157.99142828411374,381.97492221030535,225.95004460592133,0,79.32259404696313,670.6470743922762,19166.34610004142,923.8444747248569,169.29279234027476,762.013654371432,884.3814416651878,12076.76244861552,362.62387915186906,624.750731970897,0.22549119654227695,9.845216164180767,5.529528741796442,0,yes
263.4912773693036,314.3410868362656,239.9158262082236,279.4221660438525,4,35.84308590543736,915.453941619011,18505.237521904004,911.1757714549647,66.51396537250601,923.6397815358114,997.7630446402916,10051.123347413013,270.69450005973516,621.0559268948795,0.28329552567746025,9.567553408444,4.735483497600107,0,yes
270.29083359780446,397.05274932991466,395.97795829257393,278.2021421227054,0,60.74498272916241,966.4592222183521,15772.385030706353,953.1246880866886,29.378148515476056,935.4209899661952,872.1853019865293,12912.191396093252,718.490024519516,694.4693629055068,0.33533910640765935,8.218551491830784,6.014922560382323,0,yes
258.61150752348993,123.04614368383099,282.7100343451633,268.2216342246862,4,38.76257271591092,721.8326144682723,16129.738695706023,989.2356326612033,932.5683199862092,19.444126426012076,940.4736146762649,14124.174711400616,633.4169408361412,630.1526923694854,0.2128458545743154,8.347169545820595,6.482797344362623,0,yes
250.13848445688774,259.58258272670975,322.16667373001724,250.0547810686618,0,60.99947219299621,738.1100048731621,18769.288268669086,997.2298816075111,520.0940593696005,473.51356114213286,869.5783976906826,14675.365051234876,141.5046219251626,781.1605234904106,0.2574418753406798,9.671648355111113,6.503842423790304,0,yes
219.4609363699714,163.72693057254935,304.34615853179605,264.9948127784441,4,89.79875172982018,937.8223037664748,17067.816769911977,924.2712365836439,8.903653907042452,925.7402502863644,758.7297060115303,14822.106714108195,440.58707658843764,790.6953930720632,0.23426846074386504,8.855738827165297,6.630973387087877,0,yes
287.2083193069112,149.57981150588884,347.1303467380859,268.5024452247722,4,69.7630862501881,605.2819305128934,16933.591948463625,950.8339219502924,313.5430875502081,684.8629967480167,948.2828024302446,10217.713456582956,480.1099562850636,667.7815740512976,0.24391650111075958,8.718287095822898,4.8733580261914655,0,yes
246.49793980689776,307.25729855648115,242.9118302779588,285.9540862534095,0,53.49156473322711,636.7236899642998,18344.913133210342,908.769058556587,776.5306979088843,163.47941546723382,766.1650873048155,12483.117238328658,878.7882823386855,742.5768129923331,0.26643659701764144,9.425025915736388,5.867956917619313,0,yes
280.6285553078371,267.83888425876046,372.9072971962533,259.7098364732727,1,21.948991506025983,829.9969506867761,18875.26972302029,924.8980502914089,376.42724439310376,564.7149888144154,970.8977865805707,13782.631940639145,664.2463211194239,754.6719547345558,0.27577369089442477,9.735130335422154,6.385601736920764,0,yes
222.59862718259782,114.56799187758648,300.94650515349366,224.85518836512614,4,32.21629679719487,892.1005514772985,17856.28925169338,930.8320513963126,787.0132103549098,118.65928987403868,993.4205673981262,13544.195168476332,834.6521035497865,775.9189445783895,0.19905434984904785,9.240460612874868,6.365374402403205,0,yes
205.18183668825927,104.18123756545975,271.20544235634634,276.00905011067493,4,23.56554368714331,735.041654500834,19925.2134957241,932.6514124123931,862.9016201039076,106.80879934887389,810.8578831721622,12626.257079652216,592.9520075582277,709.6115343471383,0.19589646191874266,10.240023145578729,5.828478990692546,0,yes
252.55091491000348,321.7012857054169,346.33703282322597,222.97614005870105,0,42.579451613397254,957.2048671161378,15503.102813354531,966.8969843486287,751.4552396214749,165.99133387532163,916.6941217583185,13336.501586380844,764.4657662300355,680.4778364128372,0.27969740580643837,8.083681992050709,6.212494887327912,0,yes
283.0753060320338,222.23036331838597,120.6841789815085,291.2953345074938,0,99.47484429356004,964.8759999740823,16176.071358291061,916.8876131522492,56.119597648903714,943.0854878693891,809.783010068306,11995.65402297851,425.1088544672832,606.0317074496587,0.21945886284535424,8.415060152995396,5.499165719283523,0,yes
269.1433365911537,265.0021189117525,223.546329671044,269.22646721496756,4,43.89092859564224,600.8392798238841,15032.653447971506,923.706739594592,77.19484241407598,915.5234508924661,789.9982371119333,14396.664016968676,299.47480712871334,662.1813165892277,0.25997363438213933,7.763130712321792,6.4078454916361425,0,yes
297.59529989023395,209.70950525361468,185.0744971700463,214.25526345872768,0,87.5803145924573,894.9587218522223,18911.038680071182,916.5490330308462,814.1762631514001,150.259634605923,979.1399191462224,13956.370426542268,570.2358252868936,799.8897928888698,0.21226446968214846,9.766528793525262,6.430030862905428,0,yes
226.43335478087903,212.64190843416094,213.55584296498205,250.09775053169574,0,46.48303676040838,694.792293570798,18320.51482460426,930.7010200683304,899.3285417772928,81.02341297258226,745.1026865466911,11672.346535243616,567.826164943298,722.9346701310606,0.2121316764004779,9.428536561213578,5.413795334159061,0,yes
267.6176120402928,277.15118126751065,360.04446322360405,250.9497737085664,1,77.55519808389894,907.5312791000155,15217.348193479806,993.2446657525184,209.03800840468546,754.5342043403429,818.9587124195848,10394.086679113241,156.11943968950015,744.5102249492837,0.28051640592235166,7.933100335112796,4.76789359148284,0,yes
276.0503717143248,162.94426748468982,353.24534186873836,219.87366470570822,0,51.87432942401706,614.6854335300931,19103.245042788134,983.5905208741135,616.9726044981035,329.28802735911586,811.228642483366,10385.770134903958,678.0706773889398,786.2437597190767,0.22109754794906883,9.809678349010131,4.973431614734808,0,yes
293.03790558526674,213.95005630600912,373.45065061332934,252.26394805699618,4,63.87660224634846,720.5219390104326,15500.783875201001,913.3816331348156,465.43731023452165,464.25304542785966,941.1985202543182,10669.167177361443,801.1244692254949,661.1184611920178,0.2716796039128692,8.02196552888397,5.169158025256677,0,yes
225.62617101487908,393.75090959107615,146.8401254771673,252.17857312958114,4,96.87596453354902,841.6450017087157,18446.460496745945,915.2767129016372,204.29513159397374,791.3750327178277,938.3595124608377,10420.209941814304,425.06317250914884,734.2143789802758,0.2938822578959486,9.52202555900241,4.93675561568722,0,yes
201.89563515960438,351.1570039496894,179.63684379627716,246.69466982645758,4,73.38559467807237,632.1802288836323,19610.63918433185,942.391884668497,948.5302388716318,28.039897835051534,710.4714395481071,11347.518722496758,371.335896078544,730.8840334677126,0.2763576756755024,10.061502152226083,5.191945381172859,0,yes
226.51611551600917,354.2514173862438,113.31149249568664,265.03508924220336,1,67.41319639669098,849.1382158512478,17556.370060002657,931.6802367579896,28.90443572861538,880.2234372695218,991.8104545458757,14573.171863540105,233.75218999675002,790.3927413140118,0.2583555434357518,9.080910892308681,6.538366110154583,0,yes
210.30980663461915,394.413519722959,112.98676937498233,268.7784108754983,0,73.18444350473223,753.9004869164221,15620.808430223746,999.2958781293376,517.0384341831417,467.3384080274951,962.6886533750189,13935.374358274772,639.2343248989082,663.7927544935775,0.2697835264269757,8.101191038778689,6.427364954336966,0,yes
288.7779616843478,165.1476254973137,238.64462171817232,294.39737429015054,0,52.355138864120015,705.2559732310601,18269.93873441484,933.5510898839186,509.7098375374117,469.6839032821295,903.6667518510069,14621.604492788203,482.595448910644,627.4382234445554,0.2156359803147619,9.405940238844769,6.610141204491507,0,yes
207.89366995811056,102.467786875377,161.2967250249646,243.71404498781243,4,63.14822123449885,650.7715015055883,16982.148067063667,949.045846646595,359.0314223172071,548.6038219368112,913.5122713054816,11293.905334719924,248.40525703472255,769.4819807748199,0.1720876480326989,8.752227413851926,5.198205705580061,0,yes
241.31238111745822,259.28171897529876,257.0627519787562,207.30651490223875,4,50.98906981108727,809.7584570633962,18315.755540333583,987.285865730705,885.2066800625796,39.06512426797451,977.5557508137308,14271.288057524853,714.2599147700737,788.3882310206193,0.24937700001891774,9.45943272122293,6.605915789960463,0,yes
296.7492721884943,348.67904390481624,387.8992750462721,253.66900810624213,1,24.243299471299018,878.4433726904181,15545.062326896319,950.3569858296086,825.6177648825359,101.8576045766722,851.3945084701483,13945.95878362588,349.32587416330387,741.4605521531687,0.3122308594256465,8.084434563418833,6.273533278282872,0,yes
264.3722831440021,363.23281303761024,336.29629010378926,203.57889769755232,0,43.83914931270647,708.181109777339,15906.83915646028,914.7164787892277,375.56927681775784,571.9903717514017,938.292229856705,11870.315461820304,854.1196319750013,617.6630296044971,0.2920761032977868,8.22245620572569,5.666418303405623,0,yes
249.70012181733475,214.33292740451463,258.8384345607142,208.11234699571492,0,46.428456644260365,948.8419614818148,18839.63290774572,990.9475108261171,516.2010542656551,451.99838330476905,868.8985655033936,14948.499845606784,731.3835624243452,747.6904570456109,0.21640087878881348,9.75335580694714,6.840801356120473,0,yes
224.5632968267371,199.22139186896152,362.1787957327364,293.348581031095,0,93.87604071821363,701.5801867951293,18550.33274406985,918.8452888106019,281.07367957840665,626.2236844262037,957.0847079695857,12708.53938424569,730.1913710841039,618.0679912590165,0.25086063134990216,9.543314808957621,5.9541917772482895,0,yes
249.5042477476159,376.03869125125874,129.26573344769722,220.65205469928128,0,55.96868229723996,890.8087729588822,15527.410773836249,943.5451748152332,628.9884060028862,338.29087307224745,878.7222561607182,14127.765983220455,446.9873796294478,712.7005969201853,0.2588509906346978,8.077472929057897,6.397915042728141,0,yes
285.97361656875626,296.4518882609217,394.4999146248433,206.53393283195572,0,93.01449014219146,605.968891145667,16436.54421233794,942.4309801574917,175.82693774691367,765.3572887585291,906.5381608652704,14988.266876001486,418.50429534372677,602.8726242474604,0.2865129026862835,8.468757308955796,6.7238464261919315,0,yes
254.8750396871088,109.30107710166027,127.87759528451049,267.0723950515586,1,44.7019997338112,768.4716390412639,16610.474733361116,947.9920566684531,690.8077103176138,253.38595443252802,915.360042564621,10952.673726464904,627.0072618399299,758.6589597454154,0.164425384776796,8.592167216220881,5.217457318421327,0,yes
283.6253057472717,207.09851664170782,201.95563106415278,243.2287433412414,0,44.64750200675788,881.8143555643719,15831.842553843808,907.4547015411242,6.881926265590483,920.2467773400017,859.5626796310962,14848.357874682752,284.0040672176548,640.7964760986082,0.21322325190968172,8.22270966246963,6.59831728573257,0,yes
235.7264206925774,242.0497261508372,173.4361748929211,246.4743476293736,0,96.41411384340498,978.3504062953073,15651.508040972463,929.3131057850961,374.654619407652,622.3333626497922,844.9126352437876,12781.571136672803,122.91299783883618,602.0346942403493,0.22259798293008892,8.157581233567246,5.7058773588797775,0,yes
260.4712282379575,329.8099838249498,156.363736820754,224.95402105482503,1,71.66719060363579,643.706176724282,15768.10864014431,902.1081031594815,295.8392595912087,696.0333086117628,832.0242547593152,10839.637162500727,567.5142357115963,785.7028786118982,0.2540000660363808,8.13723827387105,5.125299593407663,0,yes
240.281885569719,267.79343997054207,351.35162098840055,220.42736316192554,4,34.88530295803969,804.7872734425207,18016.212738404673,974.8439051575114,213.85432180359518,690.2505819638046,708.4997136375481,14578.623101826914,503.1276800931054,718.8607152153264,0.2721093604679575,9.306828243998991,6.524772978302206,0,yes
248.64925334454927,137.19387784850414,258.3762006409353,229.44181935228042,1,86.18302895211075,877.7724676796802,15323.538045271405,971.4805563157374,107.88884018905388,810.8832200087576,728.5095445903047,13663.907730165036,698.3407091757053,640.6469324387623,0.198583778358705,7.976432530142007,6.236687446216373,0,yes
202.8189185594199,313.01467972904777,121.981707658217,233.1246318972145,1,59.882901025915736,897.5877527929504,15459.926512133787,941.4601949341866,868.273100092392,109.8831351836044,710.4808750434473,12412.508775916856,844.9848455455925,626.005565971914,0.23327465968808758,8.044982409611517,5.793825936931394,0,yes
267.506753552105,359.5578908476807,214.96851445171433,239.6053694080115,0,81.76099557087852,963.5598714927388,18357.495339914414,979.1811974490687,429.9662091465153,520.766031732505,948.2787698812698,11255.73450474577,892.412118020318,649.6191156741004,0.27870983666288995,9.514035576536392,5.4445130597787665,0,yes
277.8101670354664,289.2889600613293,143.83487746634194,226.7390440698727,4,73.62432085138998,668.0616094582363,15654.820135626496,949.7117112014183,341.99425264187647,638.7841227910237,754.0555494360802,13267.654999986991,774.0648142782807,763.6760005025144,0.2500834903072579,8.092436239435864,6.143463777055658,0,yes
200.31547030357686,398.77971977409237,321.9013272775561,278.68817167833714,4,39.08747926055693,676.031678173549,18304.866775924093,956.0120134260284,21.803967166632244,898.5999765215233,848.6799057462144,14279.397784623932,893.3720356741071,727.0086175935866,0.32574757934724086,9.420072614505909,6.620557345683401,0,yes
213.32023425748605,102.29240283142315,251.7916653367558,273.08171991624056,0,80.16713911567084,704.3463224884072,15888.30079046683,997.1451775357323,29.0877655094372,903.1629181688622,989.2792390020181,11925.437324843006,875.6166609199184,660.8382893723598,0.18281468340319004,8.223695488813492,5.721009389387408,0,yes
270.2376715395376,290.8940636753023,252.12580790267276,272.9585667219854,1,58.97814964098114,931.9633575654032,15167.746750118302,903.8373024768722,467.5156743436791,445.5528835268363,851.7280305155692,12141.861769122348,700.8614994270271,716.4812008533861,0.2668276527117573,7.901572704712387,5.687361958601137,0,yes
294.8673964331815,185.63473691794772,316.33455017996346,205.2866728235118,4,96.90515304234037,867.1038224725171,17762.091102141298,941.7180399862327,177.4187431770536,802.7551568041156,987.0990222434253,14918.447453002864,360.2731981618648,675.7692459610892,0.24391984937765931,9.189198664109814,6.719765726998106,0,yes
211.62085188527797,363.74106286594576,181.78889106977707,280.176841776262,1,91.75092438676403,860.3054029368491,17987.904211953944,978.683605585894,896.379720322438,51.95426935032174,836.2796637965154,10630.917680132276,546.3008478103928,605.1441247975497,0.28005483700570055,9.305666192466571,5.005200451417492,0,yes
226.42706625076926,119.72704842134203,106.81177976884841,229.25434030494765,1,29.885408965312124,658.9189643360554,19534.725003121035,952.3494499356387,81.03992625718557,829.9540422895109,751.4110848366843,12390.420431071208,679.5893039058922,607.6295756564276,0.151361419139541,10.030751085952263,5.723576921401818,0,yes
231.79179952704544,325.7675142666392,352.8298176872487,221.17121675873062,4,85.97891094354706,717.6348726972673,19622.5405384035,924.216486925792,738.4127441274766,209.8997078473118,745.1616871359888,10560.918068507162,844.9311991819416,651.7543639889474,0.30109368083119836,10.08368885948246,5.066294312495284,0,yes
285.74084407333703,257.347167049599,277.3148383569649,281.28176165527833,1,54.05522131697897,658.6294463631782,19113.411594059442,920.1593962318407,861.7621047036231,46.9556110198306,905.8473770176529,14722.961695183323,678.9772678062981,793.6231103362625,0.26145563538601424,9.81561472121198,6.742363005703762,0,yes
245.21269328581226,122.82429220535703,366.74093401346164,223.38351952987585,0,67.32389830987245,755.8074200535008,16230.428592834003,996.0152040589063,551.684898251132,368.1275455839193,823.346842463179,10287.815710654359,152.73690828467537,787.9833247577243,0.20649147689763026,8.405968269969872,4.725569790389478,0,yes
222.90790348357393,399.8868295933557,352.3122215474241,213.63459555985375,0,53.89761505830833,617.5427254488958,18251.31646062191,997.8065728854132,193.3130931941608,786.7450128622022,857.1348313627943,11711.200048228031,765.7918212048378,739.6921340324546,0.3079750293396047,9.386306797334933,5.5555161949185665,0,yes
264.0258480653487,333.9341099359201,108.57281772478805,261.60345831672635,0,65.43730984544128,639.6390411461832,16417.37703138066,943.5216471587249,212.38031866746255,690.7285400556955,792.8524280606321,10837.588367101453,893.6151254504533,794.5514795914135,0.24908791926138663,8.46665248720003,5.22822992288474,0,yes
282.8821320324429,148.48760093080622,300.3680166532014,236.27560454240142,0,97.49815719077064,731.3728305874158,15452.997673061913,974.3800054716003,825.7637794878511,152.5045215368599,766.2199056077495,11262.140494522922,655.2051527893346,636.8370021042599,0.21462147582263763,8.008848649512577,5.281493976675504,0,yes
286.6749653824799,105.49093271962732,288.7771318868007,209.7662727996849,4,85.80479838453516,791.7831676784382,17799.990530778327,911.775528390261,424.41604953821326,503.1262451329447,836.6857088518972,11514.415350809817,314.06361521101167,640.3731621276347,0.20481257081909063,9.187150136825677,5.267614544656196,0,yes
207.02426715337273,361.8835208367063,293.4166464433849,249.1579994126451,1,81.2597368646152,728.488483286301,19525.640824385235,946.3604190552983,440.7009325316363,511.85771621180737,758.6728594035678,11510.514405153699,419.06992040595,648.3980252897361,0.2935341368199304,10.040671118288662,5.281337084704018,0,yes
277.0509106155492,194.86603890515403,250.41664975853456,232.42948010770928,4,42.99933732361178,993.0052437931794,17644.392449073555,987.6910139720933,558.3338728205482,385.5054845538774,727.324563193791,10926.853071438092,126.85299862542551,671.9032739001467,0.23082285360846386,9.16545079205402,4.9203320342239,0,yes
226.833368341581,124.61688619957022,394.6186531449181,272.1798087014117,0,75.08370859879179,806.5554456002477,19764.56662950916,910.6120890336289,162.6875903138539,816.5329675709106,801.3577877479229,11509.099286868157,527.6824769144906,768.8999561900341,0.22119656555708586,10.172576743054044,5.3608899226095,0,yes
260.06766209325116,341.62839563804266,288.25936295751035,290.3113196986978,1,77.49564632257079,977.2516664727016,19500.30561187666,955.6824367882535,750.2603083844472,196.0479475187352,753.9435470450037,14605.80744163397,128.07556441061462,616.8701035713501,0.2988597893179301,10.085348815718593,6.396182474342783,0,yes
204.8364575743382,293.8105190948328,198.1519522561598,292.41908924780194,0,93.82544523200662,685.191164253159,16414.763604888776,917.4718387985048,114.51878896784365,809.5854485933498,864.4206817012739,10612.664899996425,594.2372337395778,607.4011748545325,0.2532083835726851,8.471741760583738,5.025300283572637,0,yes
215.8193274541339,398.5755250641591,218.2316698024423,263.3109879476702,0,23.21333422170695,647.8373295475299,18693.749529944987,997.5283164944327,704.3599495812387,205.5663305388888,734.4990283305419,10214.501446251068,584.5066230280449,663.0974256664352,0.28581815845836883,9.61408706016757,4.815521419155491,0,yes
274.15589569626394,232.25651842346653,288.9297189466326,248.06895005456244,1,31.69516133670177,620.25768257217,15009.993956628676,949.8225094828355,521.5524742295368,411.74268277820397,782.3795557609384,14870.128799319547,751.6572392421373,713.0430082323669,0.24282229223065058,7.759604654764396,6.773561229226099,0,yes
205.37726959348137,366.7869162153504,285.56819004628744,200.8824458190197,1,56.30759705877976,675.7073038210265,15500.37751976544,923.8474615426725,192.20357126621266,732.0624664395242,709.8967364237403,12282.742247647662,161.69067518142066,607.8143885030937,0.28092579512382454,8.013340946121296,5.45857903355256,0,yes
261.05919003799164,262.23107907129463,300.4871472076711,238.88473284550278,1,74.50378263774189,858.9093387538826,19295.715767214977,900.8485936270661,440.35577761369154,491.0879068072734,855.4115222638982,10648.259332823072,537.7101572155259,766.2891580552484,0.2590103567910029,9.948570794289614,5.035259589317173,0,yes
272.06429353801616,294.0524029455578,230.6398195322071,238.43554031980528,0,33.39265798861132,828.5546268684908,19025.807594387377,931.0727207013127,514.6007539494396,409.14059147621083,854.266750750655,14636.872401412355,478.41453893359824,694.739744354194,0.24990453728437992,9.810921529678271,6.595991347298609,0,yes
250.83546740371432,319.0865745292879,353.47825994273256,220.21625901145515,1,92.20174990602713,881.2544879925581,19511.948168478484,987.1420629451702,835.2325275705707,85.88217763157593,858.5504516534337,10666.33972936172,739.8504617850901,673.0509154114192,0.289549511886143,10.073592297836129,5.110851407026295,0,yes
271.09183688773714,315.05369067269714,191.1866563706892,296.2706556991336,0,49.06436276096105,923.5893453328871,16432.326421178237,966.8606591337763,718.8293216050357,182.76635534809407,894.8674619041657,10232.112427728282,199.65835658832614,701.9023243569329,0.2638280453353076,8.540596165703251,4.736745140426493,0,yes
238.71749903912715,218.86570967310553,257.77367269819825,251.43598420620785,1,51.75147961392093,633.2457750506985,15762.06331606336,919.1670395322436,658.8114643104041,297.81070410323196,769.3523923507644,10767.18017890106,718.3310108868229,720.3558804469538,0.22994656295979868,8.13426340691234,5.118013287792867,0,yes
238.49809247197913,341.3246261772073,154.97018654666098,247.34104947846245,0,47.657715168090455,807.3900320683342,16702.9105084096,902.7142826783344,237.03517247433572,669.0281415254459,801.8850872856532,10007.36335644072,313.76988859534026,653.5085010670985,0.2530081552927849,8.640857658366793,4.649540707080108,0,yes
267.3958094173485,383.0330929813113,245.29395153187318,250.6233027039317,1,42.00395945302138,672.7607186552348,15562.520642148698,996.2980255749804,31.90261915131558,906.8904628470265,930.0624679858637,13324.284016080635,394.78409157884624,634.9789175334136,0.2953565807752789,8.053752996534673,6.062037739422365,0,yes
261.8330786582389,172.91669608851004,203.10929296895034,273.13214269648984,1,61.9665260120324,975.6680909038382,19047.9164509144,980.5227872547077,192.04148445760254,741.1428480557663,704.1448889227489,11581.729461738962,671.342858002676,690.9943467474797,0.20918021909056317,9.86221837463142,5.391856686777352,0,yes
224.93121276037454,289.99724614750755,306.3540891836069,223.69893571328637,1,96.8611174819664,654.790792955029,16323.283418529994,988.8409209902229,161.532700684764,828.6498471596199,804.4254191053305,13832.4071070619,410.1523637507956,771.3393258788994,0.26649802038700054,8.429167779610447,6.2462715107186,0,yes
206.47228481268994,105.6029618331811,317.8470451155447,284.22665200778107,1,81.61191231248038,726.9666054401025,16637.522854372128,943.3114028260334,599.9077425151473,398.5819465505597,982.6511441765631,11153.15516150854,211.61072846361293,628.1152019549446,0.20289635052175475,8.59585713788531,5.148696879422772,0,yes
221.13335181127587,295.265950776178,140.51689879629265,203.04932138419588,4,94.73024697502015,628.9218182057881,16728.23228718368,932.4472414825158,492.83351597879965,463.0028573649702,986.7374761601475,12460.382301075904,237.87876832333774,602.7767500882966,0.24256052143320683,8.618224111687194,5.674524548609796,0,yes
286.62027061962124,115.28622540696345,173.04123185993456,216.1674242815234,4,23.481752305409927,658.0191772056171,19381.07035959418,906.8644133947199,353.9229645391478,569.1505604157112,949.2169962794385,12471.452124054475,731.3638361110166,630.1140434671548,0.17902250512008033,9.947494436227565,5.8604080939337,0,yes
226.8736545740436,372.9980781303015,128.60127774562275,246.54695297071348,1,24.484775827972285,639.467776880615,18623.378191694712,954.8470145584904,295.3843324464143,648.8137954040903,896.4566660058572,14196.73616971762,379.75441259099466,675.2020747943575,0.2598639453491449,9.571173348193643,6.39758164411004,0,yes
213.59688658201497,250.78257801845137,345.1416691483058,235.9909067547389,1,98.76012702820232,636.4804320646716,15784.124603124097,911.7817065944129,22.50375772746374,939.0739101192821,955.7328381164557,11666.624875349247,874.4782009395367,663.5938262570403,0.25983583064137245,8.144989919866253,5.608003928694097,0,yes
217.72937057078212,270.3551486822356,395.3583044189834,260.7688627250179,0,22.1951798293318,924.1592861342328,15671.107765924988,965.9935692648841,34.099156630028425,865.9859919013988,877.2136625147239,14822.995355225608,739.7112928387482,738.7130088738537,0.2695600979626502,8.159997197909643,6.786723126962901,0,yes
261.24425286003924,254.8706095552624,113.64515162055764,260.3407597295178,4,93.98731507426643,992.1597258396843,19008.54087488924,957.7629911282985,726.4322789385456,249.18265638920843,913.9742858323216,12692.153139220478,221.69341496148922,719.6030122004172,0.23746248455501215,9.843194320156016,5.749717393575889,0,yes
210.8765827488057,349.6939498313337,219.43351180295332,231.5939403934865,0,45.634476259185746,669.8103706212621,18995.290610459007,911.7873722399286,14.67347655684461,951.6036555327166,979.1579834081765,14331.352739243837,409.64249872616915,793.1925084093591,0.26235642981570567,9.75785673827436,6.515151128295536,0,yes
290.19773072120705,382.1772719627578,184.6787867006243,283.3322464859595,0,77.89616497635119,883.5047435335648,15020.491802280796,957.935603990363,895.1710681083875,44.907059969657894,772.1690713557355,12962.776369952444,346.1779875189361,683.7857417718836,0.2928324847886136,7.8243382149539915,5.841415581260815,0,yes
215.97680492506248,179.4903034984502,391.43315179464634,231.56451534904772,0,20.890978093725074,803.6269037644336,15923.44072510918,980.7686128923973,279.4289493692633,694.2466790639917,705.4411229199784,14206.721202760356,646.3899012586919,652.0785574472156,0.22620310233369573,8.261002457539126,6.432849688303921,0,yes
268.82191389144924,154.83003692485215,101.15753657696415,210.30003868974526,4,60.143513615531,880.1234081721291,18844.921011190476,953.2499608410069,792.1319075875085,202.60200360463193,943.4686630046912,12402.42961667146,228.18569776349503,641.9303807570323,0.18164398631205605,9.735142135523493,5.640649265145855,0,yes
202.76160400474072,288.94038948053606,305.80617150117536,225.69473275772216,4,48.931485195994156,692.1333826796902,16759.49501764592,957.0328784158979,893.1363925514673,71.31481940957883,992.6530690533732,13817.12578255204,522.78438345934,641.4410445048803,0.269540025858405,8.651060363250835,6.339786981688928,0,yes
280.4161431264045,164.60399787166943,306.5903115321586,295.76099685773517,4,30.612482597628315,741.7622729181379,17035.719867926215,902.2742967230317,965.3023386927373,31.268665211390157,975.9748613002879,10625.807842752782,129.38061974460223,718.1552863592352,0.24148843167869752,8.792609547175799,4.913766111567928,0,yes
233.61988724588025,326.8006961740551,398.5759173457961,243.17501572362977,1,99.23288711452967,903.6139078675831,18177.48381648792,914.4628179162424,165.33293063294852,780.9730100759751,918.2571662611106,13728.086485670307,292.94463083194694,638.2601922783391,0.30495484647098664,9.401431748224297,6.179562067523184,0,yes
264.19755834278453,133.3787990424423,142.06241987733188,229.61824686102753,4,68.00083335967506,653.510611962369,15625.794316668258,930.1441926712421,710.6570909954268,221.10553188882443,873.8161259925173,11689.664400002303,634.2884343067448,725.6943491863966,0.18551068348458485,8.07205411894673,5.492466331538058,0,yes
232.92736133354157,207.81910631018508,246.1814537737086,239.41778435690833,0,93.61930523452047,937.8090995153202,16241.516011080284,958.5239883838606,18.017601686746936,895.5202904028572,711.9323417619146,14818.080569276135,505.6661016319481,780.7507165039522,0.22133830566564094,8.447289395040464,6.63245756422426,0,yes
228.03873871904867,240.65652255384757,107.69803834238887,201.15026419663715,0,84.99817600383201,918.5839507551096,16782.30580968683,997.8864763104481,747.9617901542179,251.9596604378579,950.9306794668166,12273.947707982705,658.1428092096679,684.4934851854982,0.1974213133266834,8.718739743749833,5.770532280360418,0,yes
267.2358117015999,137.54809648237193,253.88473536886028,241.23259597523082,0,52.69578980230804,630.6387296569708,16190.862734008928,994.6771435985138,723.7538500372538,270.29281997539863,744.1154954721557,10833.024118586281,536.087942021843,744.5243931041218,0.19432622286160328,8.358496518204824,5.069736362470955,0,yes
210.92830745467376,311.80486258353073,113.8429346059342,200.5011149625678,0,25.9305588299475,932.1520881614595,16888.88187877176,936.312518344465,3.4934213682602677,909.8044093130732,995.5314293008557,14317.664476745813,732.8686321243605,729.1054538658695,0.21739425480201044,8.766625289363825,6.62970968053713,0,yes
260.9056403579096,250.51010063124716,155.0092047905164,251.60517827403555,0,49.37582896695205,696.8870825260516,15932.72829883692,924.3114466043072,309.10027113196014,610.9932163285343,971.0648281651586,14414.802549989075,584.562446300456,795.0187607022372,0.2205921559318824,8.23422851812666,6.60916147348119,0,yes
283.8974365117599,315.2831439569734,214.5917780384639,204.99558309797254,0,60.93217358402821,866.860075754299,15662.278192067091,968.9553693008208,300.0749605099634,664.7037934371207,793.6937857754021,11357.901783896099,194.80765993525785,641.9170572993348,0.253459129954807,8.142987764816503,5.145430479471555,0,yes
278.471815203094,200.8443835584706,379.5287809873133,211.98186484460092,4,95.6522592510128,933.6995107087886,17771.614676795663,913.2048568972266,825.8836890319212,133.6119144607884,911.687110400317,13825.684183454025,666.2405008505993,600.8687373079497,0.26174686931385927,9.205181913996437,6.362225402694789,0,yes
245.87581244747403,269.6401465862788,327.5495562728205,287.1405741430592,0,99.00747969806578,604.6171019710303,19294.83651717884,953.7592461245812,169.63450798312942,830.1331631174635,744.0977041912355,10969.2922863624,150.5200818875828,612.7262470805521,0.27419901022538173,9.899167563160733,4.953462407846184,0,yes
251.5576290858419,180.89212822275587,371.0720650418493,257.57949092501497,4,57.751365451042204,739.4499090909098,16310.056629480403,990.1113710018353,389.0077471532478,580.0035538198011,851.0419884808778,14765.268857256153,261.04936947486533,720.34675406045,0.25302284966603844,8.441341136093737,6.568719203586206,0,yes
249.79558322601912,193.143883498109,342.12577970976395,231.15810811175163,0,48.15292976191483,753.9990758733807,17298.929041086434,901.8154481206947,539.4939342864893,363.6967567188161,805.6460022521675,10428.566256322065,546.4320655305401,746.4074089715444,0.22942070419352417,8.926861309875454,4.924457549467981,0,yes
249.71823658311797,118.70392643554197,297.7063579448318,262.5339737185688,0,26.47661979752156,705.5225163544906,15934.484822669057,982.4083482499773,455.779155744598,526.0711690680007,926.9174097132067,10249.899828330477,591.8659051490298,645.2230121991315,0.19430192004137298,8.24500318193875,4.917134403679608,0,yes
283.0852878260643,125.45300861499163,220.17271415355282,217.8572139103891,4,26.37027542518699,602.8082352148965,16210.414186254657,945.1013555370837,795.8669004142442,169.12322551173384,738.8603070394901,12756.449770914583,365.30384080169966,601.4458552828879,0.1927686819849178,8.355372766300333,5.7458590369485805,0,yes
242.9473479875025,309.2875517910942,352.3171225657951,216.6423684205083,4,28.324991369614352,665.5314988585912,18158.335679481475,902.7939920801764,261.862404964848,675.0443400672979,975.857129711513,10239.503885217917,107.18188427967377,723.3031037100961,0.2876555211402715,9.33721532094381,4.742764781893443,0,yes
204.46560065564148,198.83601608421213,144.49467998408923,233.99475833095715,0,30.911664793901146,754.2522297612404,16496.63780491209,959.3073490012991,121.30370001390176,794.9443006619749,707.646762416776,13155.154828693492,359.5534614309547,627.0398426049383,0.18484619273418273,8.533651141187478,5.887201651176363,0,yes
246.07049141186653,248.8612864044574,261.10163013347005,281.77319082275045,0,67.79969490877198,647.5676576390109,17225.893351412247,972.4715613608487,799.9417115249192,101.95076267934814,745.9570765893119,14369.058608227548,159.09621514610404,605.9168472440706,0.24762460396366448,8.876629477375761,6.303188380417714,0,yes
245.44839131000103,211.82756617913077,340.03931441257845,287.5937292453815,0,73.94795852298687,786.0431187669582,16958.60789861461,921.8982008008622,202.54429349255537,740.5882254610417,928.5671087070621,12174.200710034998,216.3053463545859,751.3896340465283,0.2504571141367062,8.766563358350862,5.545957504763145,0,yes
285.9688151690427,392.65628665148125,262.01875825001184,202.8371199692652,0,21.571589106834033,801.066927668497,17604.302997774706,995.4452223580131,687.1670426360895,224.67377401887325,918.4102800437138,14770.262801858695,694.1992326236302,747.1146541282698,0.28877739367474564,9.10289598940711,6.766623080384901,0,yes
260.11857591136476,368.2804707660067,399.49616027389084,223.9969273561391,4,22.769298026507087,674.6569101571628,15608.376563084965,951.4308574364262,161.2737879410178,836.342778728339,947.0725757314736,10283.566229130303,447.37238569299495,733.1669053893755,0.32363254981978024,8.07089559338776,4.894638392688337,0,yes
281.132110255896,189.09700817801246,108.9405439523689,200.71190409397394,4,88.3625191435935,948.4028480932835,19480.643200680683,959.4595831200143,216.9252809331454,694.7800103458737,806.0134063240973,14171.241068537427,615.1569417125208,766.1122544968729,0.20009635667402825,10.069407430715424,6.45294766172213,0,yes
201.9562448617614,145.30734470216885,277.28759790123985,263.2071474642431,1,21.46572225928635,721.346591517324,17857.434021538316,991.7973568144675,116.63566302435594,794.9056904185535,848.6530730954931,11896.209666812225,178.08087329689855,654.1827008312773,0.19833206856857505,9.211265217035026,5.370346921484539,0,yes
217.70760676973404,133.45826350494863,220.64271588180713,201.85850336801195,1,52.907554364971325,633.089334698777,19117.127324033892,916.3346732974342,837.197122329044,74.32743541369211,898.5471685387539,10730.502692015683,250.35769960076183,670.4708355789971,0.17593340449864728,9.811374081079002,4.955068280133287,0,yes
212.2714478818827,118.14065795395109,202.86988883015263,241.18128107075873,0,42.37994931543235,615.0468837839804,17374.59589475672,978.2623077605866,836.046492540349,118.50260327063665,776.2824106356504,10879.676175665518,144.11019629218157,666.6758457856151,0.16810686308528583,8.944694970178157,4.928733446036137,0,yes
268.7341532734164,353.80165282273447,202.7760051155384,251.1318463608982,0,39.442354275475225,647.9708348334943,19175.325272030233,930.0111673404184,527.4539904139918,437.27362341638195,889.2271818891411,11252.294641801873,873.463339042086,769.3116603344911,0.2711095503354641,9.845591243647405,5.429680846970226,0,yes
249.20157034238318,141.62187113683115,145.4958882176037,235.8263559968703,0,96.34766650097576,986.0550562107434,15440.784283851974,974.4050070905362,645.0356870935833,330.43866523388635,996.0613183349928,10553.113078522223,249.91654186364195,620.4715686848873,0.17640403066453356,8.060202027810297,4.92517887738339,0,yes
237.7564000740261,270.5042103947418,343.5658380279092,207.36453527597348,1,41.623681570220235,781.729710416852,15542.477696889971,992.5182646869779,58.592955747955756,848.3769103408322,964.2967310803397,12325.66900731345,509.16802238287914,796.5004492196235,0.25755168064376294,8.06726616296869,5.739048558594109,0,yes
292.98460245567514,274.83418866798417,309.6115496093651,239.70304550764334,1,73.37979577373409,892.5717363832541,19206.34641081754,940.8780193237136,303.95131946751195,693.6751622365773,808.0751987601268,10258.008590257143,260.0545260600927,646.5291724102029,0.26994126349392444,9.916974207373348,4.742474788611002,0,yes
221.3613878599455,253.06151090354237,281.007719749688,263.8910722900274,0,47.01183836854257,823.6468590955421,16212.566359936196,977.4793803217156,198.77068157786567,720.6671657340344,920.2306958731433,12649.390072628285,566.1967858830619,765.314939975891,0.2439744964365187,8.409589557470923,5.871260640702259,0,yes
244.60387428983267,350.313277950307,172.70101063675247,294.59963644433844,0,76.09070290628884,972.0150865918544,18804.783912068902,980.175382820002,254.86831050988593,743.0085074561562,798.2239866377996,13204.776112058642,797.5019190093374,773.3785929004325,0.27394757788400437,9.73976261822578,6.149017994497856,0,yes
203.3183007674152,384.2735367824356,296.0620170271133,244.45170736271172,0,99.8889644960836,702.5916064829199,17738.96594130676,918.9912748092606,704.612641899653,215.62097920635188,898.4091028432306,12979.290055933443,617.4173694636537,725.0629284741882,0.29995323414801234,9.1378738512089,6.009743091925189,0,yes
281.75014159758973,169.43034343156086,264.2272801915361,281.3332206629972,0,27.767144436131,659.2240281777001,15186.431634515242,900.9395898970051,533.1315159728144,464.87152061937866,931.8288842222653,12259.03663132364,434.06356712673943,768.3833279241414,0.21587217176071777,7.849630581256181,5.6781403196281754,0,yes
293.75296638658403,129.75770151144027,175.5979546070151,272.1328531138712,1,41.999884514301414,859.9227925438661,17006.941578608385,911.5219556581363,301.55723304844315,673.194248547753,835.1879651422765,12460.903653103836,526.9266579188695,704.6247478184623,0.18774664797113438,8.805868329047296,5.7456973389605945,0,yes
201.95954967137277,117.68310994262777,340.6002852077074,220.76951510741299,0,93.22954174326324,614.7982051615653,19450.32850243507,933.4697804044534,437.09102878085747,503.67424230962087,739.1077233349201,12642.137336179043,628.7933686335342,682.4508709939225,0.1964792204397685,9.976338535248152,5.812900214179425,0,yes
258.97809214654563,364.85880111735656,315.2885101311255,202.97680289387228,1,71.53269280037807,673.9501235022634,17547.051322418756,954.6296114190491,4.586077171423647,954.4098720309223,703.0570664720558,14348.9442125816,168.19747838452273,658.3809244558115,0.2952033061423305,9.040518365941535,6.296309069666874,0,yes
203.58858914447242,347.6393394203574,352.0084009264456,293.80566452472846,1,88.47370386311826,679.9384373536304,16141.434294806097,992.3539797980485,928.0388414316741,48.203983346294194,726.5102688479848,13505.480517692467,855.0054014382962,679.1433908786792,0.3089579859471196,8.344235773936115,6.248136391934919,0,yes
255.99678264138174,371.99348001708177,379.9231678022812,267.1434489598681,4,43.13656513574601,777.3667535749478,16805.79523647609,925.1665467334562,694.0692396672014,228.76057989303274,840.5600719015831,12626.676694808699,845.0025672002351,785.6166533486163,0.3318707894969597,8.688673020551127,5.945002199940361,0,yes
269.2402042194061,366.4974525298822,325.0021739320058,208.974169446548,1,78.84146994937103,657.7681270706372,19093.21069804323,983.1962609860117,877.6796656661135,115.5281829490541,976.6084144559384,14352.206801846605,803.1011098546718,684.8702483732748,0.30121842888563266,9.8140002712534,6.669207866583655,0,yes
291.4234000765532,229.4147643618956,367.96293627982953,275.22462320056565,1,37.38622946685741,603.8152313544498,18254.27813046154,961.6991755696588,765.403924424529,186.88190425952462,981.8063924956273,12848.180818792862,775.1695300369732,696.6905985808718,0.2658257348352846,9.379808059049774,6.054407309434574,0,yes
201.6039516751927,134.79421398612985,122.29950200256138,283.6199484492464,4,62.400344737051086,913.1909748469828,17656.57908392256,971.560225765392,170.92527210070133,742.2197621782603,707.2276718008201,14060.393234199044,587.1863444852472,601.2799906434223,0.1843122685881388,9.15100170445881,6.3363978798862615,0,yes
252.8888779459844,327.23518482817974,155.02191549995229,273.81168458282235,0,78.55325202952741,815.3643749812377,16145.870653756485,943.1818162396543,474.2826464686982,509.29408006654614,750.0489039308935,12379.52051354073,224.69385876358928,708.8152301357077,0.2583800757448078,8.369659356961355,5.559969714948409,0,yes
281.96893836412596,204.76153235030876,345.2301718165002,205.1519175404865,0,28.697426715375247,830.0928965055089,18618.56194111918,914.4458473553814,213.80116739826548,776.7189023047613,790.9532989693855,10617.78270184771,704.6357965438456,729.4568993204094,0.23111358847362,9.605368458847087,5.067306190767673,0,yes
260.0780713537933,347.5066477227387,333.29442472246046,261.40180216486675,0,67.17491154695013,666.1366556801624,15902.206804752848,970.7127147382265,638.4550549551075,283.8216716399428,916.8579541749202,12669.131640524247,411.23210191268964,620.099712575469,0.2991399029221029,8.218602759102412,5.797066305411058,0,yes
214.2405753586312,345.399941867414,364.1546627378217,285.92946340315666,4,91.80936740639025,697.4616677216601,15621.139267974599,927.5933613450761,331.35384805401856,638.8857671140327,849.6636671931869,14773.312156414037,551.3423172114914,631.4355701470638,0.32268009925841723,8.079009690494237,6.675978917622157,0,yes
232.56947792039256,242.7724576356732,121.9312951980861,272.5448488984818,4,50.1576183623055,801.7738573625219,17747.806558918022,908.4642255938473,835.09753636658,110.31632589274125,776.4978186049691,11464.543235880523,215.57359967131893,726.2235208462173,0.2275853848026518,9.16283531172364,5.197948402768165,0,yes
222.8583594569423,386.40338687313584,222.04710852569247,244.1135619752583,4,66.52205135734144,842.4760361380172,16672.558486677914,970.0561706471287,397.6188428589881,570.8761064961243,813.5826895949444,10523.63734926592,190.0276035099756,622.4741742736027,0.3002051697088434,8.642786273338707,4.815738851748164,0,yes
254.6641326333718,206.37690081693637,166.60456421199336,231.98128959333462,1,49.970852232650884,898.9371530155219,16468.335442926666,940.7105181592298,728.1366145065571,198.2823101553064,824.8518019431428,14998.359814139825,667.8960311720576,698.426020870151,0.20461846321380606,8.549390303734342,6.805465647137361,0,yes
298.34844270529203,128.12611155692986,311.69746728368193,258.34487389347566,0,84.86176633675376,689.0995202595794,17392.769226159024,946.219984655686,601.1345896415739,369.80225441204755,875.0231077401118,13206.769587175484,719.0148519868486,616.1778776858923,0.21352723160372697,8.965543324317744,6.1246780683518836,0,yes
282.409087807065,179.8780184563733,217.49815268934523,207.85938653025923,1,20.688241347858913,842.6926944028041,18435.843429437387,979.9511144133741,117.50431570766958,863.4252781675257,757.266972873271,13897.587565995706,312.35841150316196,604.1958377671807,0.19920449566948067,9.525845261082328,6.191059385922723,0,yes
281.22441831438937,369.1157511668647,145.36483619068022,238.0106883460893,4,69.28016300894944,711.8740350446927,16907.588993097474,980.3520545474794,906.6595229701629,23.447088054595838,791.311662585608,11835.936824490145,176.21129624947605,742.6637327538665,0.28446072215343815,8.732669101602266,5.336765727517626,0,yes
226.01104063186187,213.76771346918173,207.8452692968827,287.05894433913363,4,60.011953144710915,726.7126867818523,16136.54945483372,901.6059659246329,349.22069550194476,568.0809369800202,895.269444968057,12448.05278572427,125.64088637951451,791.8044288735072,0.23647935609136103,8.33960740716961,5.607762930359096,0,yes
285.9247664109747,263.378422566519,136.5281052103142,219.39962802695504,4,53.82738698327734,602.8750413967401,19517.867664986683,911.5883266449545,825.766740535804,79.7151412188548,811.3689878713319,13767.983636166755,549.0392810212213,614.6066539993465,0.23532902524325447,10.004523035705564,6.246522978967634,0,yes
203.88512993909663,339.5215124861463,298.67278387570485,264.1857708041195,0,95.08678791383122,715.6427123844776,18096.83382946097,909.39585240041,201.08000097009716,761.0058279392224,950.5131417751325,13643.64440945844,787.3272632338741,669.2110891954881,0.28598888674412626,9.318370497512559,6.362671303261567,0,yes
268.909524108184,212.368794728259,124.54871027913765,286.6316296210018,4,50.15860347066202,701.680746845854,19051.133473837872,965.26599903193,711.5662888842544,221.74209776521752,788.2025663794099,11929.178627833433,204.14303536786173,769.8870784731932,0.22336001211757284,9.800113168082374,5.388052025668854,0,yes
216.3837149653399,183.59594610452828,373.3603473655543,278.49751421624507,4,79.15555680175042,907.9984860505791,15863.996919584793,905.0569614837514,340.4946600050661,607.6420415454556,942.616494113508,10053.898674225191,651.0680021480508,719.2747013663821,0.256992524749226,8.244401133474874,4.873790293907839,0,yes
264.1408299542568,353.49650027534045,330.5812356080544,265.77143119502574,1,27.96889147419644,603.3623372376455,15584.012627149852,912.6103244471019,722.7264620765559,185.88803947775625,815.2287674405368,11175.235926456287,401.53901443953043,742.1249321311162,0.3014532140375461,8.03784090754569,5.16917252831261,0,yes
232.33858510726998,175.06932229903686,366.5016868975687,299.16722512700085,4,70.58673405482367,992.4820631345231,18083.71230446252,998.495541174287,719.8098370959851,255.79930132797824,752.3308570991302,14452.482372262246,759.1697974386104,649.9672658682573,0.25728164504696144,9.386488727222435,6.595012535350222,0,yes
253.48102513736697,383.31568866656477,358.1368367141733,259.81709119406196,4,39.73637672793595,662.090841589155,17189.401623259433,901.2064100996457,900.001680423255,85.7061912875605,844.7780945562534,11718.107517024422,158.43556352431287,693.9844513415438,0.32983160961000874,8.851778992737362,5.305130838593269,0,yes
243.88618464066545,143.81574009111907,239.83317538304613,288.46219412082587,4,41.23213513669192,829.301510163858,16438.408469657723,987.535663638422,150.65273786111214,782.4190052392275,720.0590758268766,14961.670574314392,751.9475854953182,706.1762250793646,0.21507479786572054,8.525170681603226,6.784428000030167,0,yes
200.3392638200305,396.5260518967461,164.85718299636036,256.21425912426105,4,49.30986943364942,814.2884869805041,15809.01391288453,906.0270662326727,566.5163027425002,379.40303958389757,859.3496588206782,10457.189418003363,269.8798944849369,678.0345803030501,0.29023033493030215,8.195903927957758,4.8435793960822,0,yes
247.53046772585174,195.77645418686245,199.59488520012061,234.38995016656614,4,83.69303909128719,704.8268180272106,16905.029324247716,927.5135556675726,88.40179931294837,865.4816908128056,765.960420533947,13323.689487250838,106.11402533173032,628.9196803792611,0.22279559944262162,8.722563674852129,5.88197316552725,0,yes
266.7370905497861,281.19969764043384,265.5673032074215,214.960671985455,1,98.04642764738213,617.5340859739487,15459.814720863149,985.9923663417036,347.6220355505868,565.2540441270611,747.8040064474229,12513.055345902647,866.9928790325529,777.5796192971704,0.2585081002402144,7.988915393940623,5.868813090867873,0,yes
208.86842739064974,285.17250301949736,337.6390026091657,217.42924276693049,0,32.992794751852884,766.4795148130146,16683.779419544448,974.9637017209506,750.8010257518908,174.6852272513495,969.4855801963677,10544.297731653245,866.9856265173406,703.9493851852881,0.25551371226706343,8.632095558900371,5.161931342942461,0,yes
265.3172512277067,257.2800685025296,192.92567826977023,286.01806528517756,4,41.96214685035162,652.8276669515126,18543.01264218545,929.8327083890504,291.45938084201777,699.8116407604507,997.9359689541768,12117.781168560454,505.1767346407714,621.3254882945796,0.2533923767642459,9.530471366871152,5.656198818073268,0,yes
289.77298618046393,125.4609821390316,105.3331827289056,283.38782223382384,1,60.7839896468289,746.292081562293,15353.62586749465,992.0508119655535,706.078399079914,240.1159472743708,799.186931440772,12620.836360188123,882.9710020714626,717.4351506530201,0.17608273747852987,7.96490871171795,5.93544435537269,0,yes
237.1773948647598,167.20660133770812,145.72564738027546,286.0911232157971,1,35.33767424425696,652.9378499651287,17633.042584382918,924.4710102156635,472.7970874622574,459.16607214825444,814.2364896383683,11259.842100592063,380.46014350955727,632.8824083908471,0.1915467113952582,9.074776083711011,5.182989942597032,0,yes
295.90270969124094,148.67747633360705,239.92825362722095,268.4473822670428,0,93.85939082471711,928.0098876060504,16618.68218706587,968.3546399176922,100.261427178341,855.7397579777161,959.8614088592462,13801.615497683446,711.9522205418801,792.1988305392738,0.2102359701770245,8.634989057304379,6.414911951378171,0,yes
270.2021920075024,345.44260116043563,386.06843169350174,265.8106013226393,0,46.9618884503572,788.9506116547205,15048.157609292379,951.9715266574676,552.7386851942605,369.96497271509133,993.4874323069066,13625.939477778822,622.3566665885555,616.0507558381884,0.30849108066426634,7.816112476791736,6.2944209945345255,0,yes
267.1572709458019,298.31695435901713,374.4667054231033,208.82893872281213,0,73.06911809320769,858.9584004609225,15893.839659758967,944.8140126590548,586.658061546028,348.9058140977859,837.0189899726233,13154.053597413116,806.416457345716,637.9531964039968,0.2788206850800556,8.253660468833937,6.121327128854834,0,yes
287.9338526054627,132.74499298104953,284.1669219964326,262.25779650792754,4,44.24804223251791,627.91268118177,15812.640282070777,916.2005950673456,536.7584129391862,387.86734733092135,951.8841619120366,14492.2649799151,534.808252049733,657.6435615266643,0.22022551967293907,8.15798436218645,6.594995320079427,0,yes
269.3061442425463,149.39653070568485,137.09376827950197,295.59424002021314,1,71.95159545886895,797.7541719847826,19960.46935185692,910.1443669235842,322.89432923108336,634.9264819244191,977.4022428519497,10873.587105700486,335.79134199138866,620.9660292240058,0.1932624455445628,10.268498706212878,5.0778830647733555,0,yes
205.55438212451014,242.70505348465576,339.69598183848336,260.6222007417523,0,79.6527657181427,812.3937617557972,15280.285671449368,941.2804850010383,139.27924250605636,767.322541331098,787.746541113115,14640.30335610109,799.260743565546,719.05336554896,0.25302390102540595,7.935941036173879,6.699963108571312,0,yes
264.0956050460853,301.9390448176836,154.12108709223526,297.1597349041207,4,51.4375302832817,865.9685835212331,17460.100783872393,912.391360376151,804.9490233907002,177.2400194487775,857.8826336082037,10535.17403867915,564.4173934557672,763.9341926958119,0.26675976882882674,9.03393071518297,5.008372897959892,0,yes
209.84450908207154,330.0825637978635,167.61754634106595,219.3922441648364,1,92.3617838774109,821.2006009359638,19958.675642310336,991.0235756394142,508.1290872786508,473.26311601797556,952.657551589592,13462.05441818557,693.931991042628,773.9000499651361,0.2514528729623733,10.28397178610458,6.270058922626786,0,yes
272.03800287114154,117.28069279588019,276.8495967242345,210.18823220488275,1,59.7941968239902,903.8855835051345,19609.156580800067,972.7123197742942,785.0987127532504,202.7800415760886,873.4560398599551,12398.2241631603,576.6144782317224,635.3938907616249,0.1901034642291028,10.125332887745435,5.748527462502871,0,yes
296.8985841206807,307.43873507903993,287.7963344332369,235.35873810239673,4,69.32748492178834,657.4833925631685,17620.908687182884,989.4025121422486,366.6282947936472,549.741525559046,910.4535683122474,13348.280265156165,434.13530490279106,614.8837264106295,0.2897377856960096,9.078646857979994,6.07383670921401,0,yes
266.06767739232544,297.8124145822128,305.04667201002803,261.5431672403566,4,72.4124631925126,756.162543155962,15014.608794660706,970.5956235394851,287.71992081364766,623.1481203353633,957.6476894638694,10529.041997551438,403.6841995067645,734.5286963254254,0.2910572599343722,7.794617438650671,4.967820410915717,0,yes
270.80274749675243,207.69361331163066,266.53689795753905,251.43774578696477,1,89.15851800773912,644.8535154459107,16587.979779496018,935.0962858345631,16.77447776188433,887.5895589119534,937.3888404332525,13015.244042420509,161.7658196162285,654.4321632158724,0.23599171096812593,8.551935085290507,5.84598218407437,0,yes
219.13389316710084,205.09776817663862,216.20259381325818,213.02426513623976,1,89.01045697349795,677.7688899515713,19930.48959789794,959.9280718455426,116.59168006842461,824.8869348599591,866.9388991095011,14879.475537898576,828.9590170437782,634.5034523711967,0.21065354193711625,10.233804343825373,6.8328414153824495,0,yes
200.31259000475268,112.985403672493,206.1063601465343,248.65694831386622,1,25.636314185645823,780.2607364609139,15121.731164778284,930.277504021752,501.4397407014967,471.14587236350576,931.1008627468054,12663.337541129089,384.8852354597451,706.0167943736358,0.16857375091960441,7.847984946218527,5.808103977679051,0,yes
232.84452290658703,284.9634077734371,226.54712816997971,247.39262733323935,4,79.10151081412208,736.606005738455,16968.531228785723,982.1438313181163,109.46877047856947,799.1938044666196,972.3835267546922,12563.702884773465,596.9319244453068,763.1529812002477,0.26402795744963764,8.768845779943561,5.868380835801068,0,yes
227.26224625598687,112.12772728917287,304.93993124575815,240.30353676512541,0,57.03952065677569,733.4556152449031,15192.325964107884,930.7045304709877,915.925156394885,65.003975428986,705.7752901314584,13751.933171903247,594.8306848467237,652.8386441329069,0.18967559019492178,7.872962009283194,6.231547229832375,0,yes
256.6025629478486,290.91580309480753,189.67563134429327,204.66092275870005,4,50.164084957005954,794.4067612610673,19298.364456285937,963.3647462583034,637.7508553266538,317.5334055448669,879.74112358979,10800.552731456044,614.4223063972363,675.9021031187125,0.2498536207259025,9.94400189406952,5.127906160883935,0,yes
295.33218369753826,145.59509086248937,165.00607650406977,237.49827093187915,0,54.580288493829286,685.1800275851982,15936.861417617822,918.8822748123143,352.98291200312946,549.7664329756581,870.3377527979935,11649.636862715752,487.0047711432913,725.5021952804185,0.18281773707067003,8.232981069379756,5.41215876836904,0,yes
228.7322692650701,206.63734999352135,137.37244486139133,257.5381857555229,1,70.78119136028093,834.9765499612394,16514.66657339748,938.438660818673,200.93608503222933,713.8456880417101,911.7820931493554,12247.235840027155,613.6548931341708,613.5737922804076,0.20332607961459187,8.557802491129856,5.7053702626150455,0,yes
261.5055456770275,311.51388955877655,131.91553418660217,283.46924840063764,1,20.20362563538057,821.148988242202,15996.500713943013,999.1202606892797,535.701178213178,429.9022885272609,991.4566324942051,11153.092567974616,463.2337827649874,715.5285550197515,0.24715729686357266,8.303996507717223,5.2597806041160435,0,yes
271.08998450449116,378.4614701539276,230.83570956274292,217.5516306447136,1,35.90987195032773,903.9418205114731,17131.90425772949,992.2271550379565,518.3118467583164,404.1149510323843,753.9377615973376,12088.13309555778,633.8149040046746,669.9140969186612,0.28372358931569314,8.889421127034161,5.595076715244428,0,yes
235.80674092072155,359.3882173683631,219.25827469236646,273.4354548181198,0,78.79748888745895,746.2069144447698,15762.239003594848,911.806030840828,207.73722848395943,780.7819042194108,878.5481804912359,10385.592736578637,787.4023162269864,608.1194564005145,0.2818847159671173,8.158153335812926,5.0263540386654935,0,yes
249.29026943757822,236.34301568362332,129.46168331207673,203.43323488221478,1,54.299568577728394,647.3937935332624,18024.04248461634,909.2347141269462,260.247347509068,673.6302694784815,800.0867586899648,11215.128937712787,743.8801402276789,726.2488165417816,0.20333128140349138,9.266982343070607,5.317360488897407,0,yes
209.33797389547146,160.7500025475761,185.50682113027653,281.3006216642716,4,71.07924744106796,633.693774413436,19856.704077104216,915.5833264383494,562.1799968870134,366.2241850902926,863.9410585424037,10102.514781436117,821.5548214009162,776.9755596663869,0.20893923312182275,10.181191511144522,4.934919953544429,0,yes
282.8134378868789,109.11135222208486,301.7484418770511,211.55476930913403,0,59.68470789761139,648.0658094490444,16325.877650248074,949.6011727967868,176.99882258350635,760.458138728883,764.1427890728601,12034.42781218984,345.9372653454835,649.5111378911523,0.18943946135998832,8.423577647437165,5.461907867016538,0,yes
240.45735481728374,250.5788482170358,291.3663559506962,202.17331628186733,4,67.83709388935789,603.8204980038494,19397.770764228168,962.7016380664526,118.94397582673083,870.3074253063419,737.2290446511837,11832.48018032982,302.2581987244429,678.9593103992905,0.25373979719562995,9.951693743012646,5.36390166209219,0,yes
299.639195403626,155.2125987496884,359.62274515817523,279.6349487795327,4,51.47957221081224,989.6164198541466,19394.691797428393,947.6589591403356,203.0968176313479,776.0293475932407,765.2427046041546,10852.24665311174,883.8133851562872,762.5041248478803,0.2501716439818022,10.03429135670892,5.225290053318977,0,yes
224.19720190407256,188.6764276344362,221.98465217099277,260.71758459118365,4,95.0205816354001,968.7967517533607,18463.332806346643,956.3774432078769,811.6591089487752,149.98891562881954,984.7920422402058,14477.64838011682,770.4527672107174,674.277530586025,0.2281753374107249,9.565010983106163,6.703840177083769,0,yes
277.8731626143855,368.9363852916729,280.2350283412135,214.3428129341751,0,25.222244032827234,744.8640706372538,17686.727869634677,999.0599331259499,127.210939986235,829.0178782088315,715.4464480839911,13335.527990320685,568.1007370206653,678.8257372854031,0.2846672529716518,9.132116501989604,6.058164389174051,0,yes
204.96298208949872,262.5255991653632,379.10818817658674,270.6833993732194,0,61.89483065464731,947.0018292428167,18515.42635446554,908.5075198071335,61.36083976490015,904.1727421836065,933.875603530336,10944.73581768027,430.58167838796146,757.8685803040383,0.26853953560903826,9.57949042780454,5.145951201433432,0,yes
264.0245081334698,277.55278785410997,201.283737068631,284.57581192196307,0,62.90203252150051,808.6568142679562,18956.779774292212,990.0498808423508,872.1273028204192,102.82934670773034,939.8609912853502,14688.246970767505,793.1892120333631,750.046844855832,0.24935315359966623,9.780081656129642,6.791053995783591,0,yes
258.1408557225429,392.4623871273529,192.0461523525741,219.93899273426,4,56.408229947114144,815.6020864582937,15832.797337244565,995.2439310550399,373.77842642761794,540.0121355977965,720.39338486399,11997.600818612447,707.7619175244077,671.3415955518263,0.2949814320027999,8.22036454091273,5.574031645213217,0,yes
216.57158295431807,333.92816628210994,161.0717363878543,232.71470715295376,1,27.975267609665117,601.3525636112395,15915.150947370565,949.5907038221642,284.58031097141577,652.9838844099595,887.6094806906791,12534.713940646532,629.1267399687937,665.0343505065757,0.24710138174436147,8.208042322928684,5.8267358049751135,0,yes
259.58384366036546,332.32198073042764,123.40135514658773,201.20660308942942,1,42.80196439984867,807.1768638727533,18706.970341767723,949.3592523934254,101.96774334915669,877.5961851580754,743.9964987951798,14911.651523410872,861.523249782218,771.860985348432,0.23992213617716107,9.649227152890548,6.832944886793317,0,yes
242.22112354374977,121.33969782767625,221.4227648483215,210.70010503619633,4,38.00031147035049,633.7913760700734,19066.741258697937,970.7586493952185,806.3837331977858,148.99834063438595,968.8169788750997,12611.030322564504,192.628424006657,722.8783494350375,0.18623323268117775,9.793811387336655,5.725221211696299,0,yes
264.2811536967956,347.39627152722755,268.5122513203927,245.95469252499004,4,95.27716816754092,908.3273118238806,18528.66264068254,902.5702025532886,975.9354319495079,13.32006743505201,826.6252656314026,14440.106492467507,167.06266603108003,788.2687346380832,0.303115427579413,9.576469679672483,6.403127184132066,0,yes
270.73100543477324,170.64506863178437,136.19349918311838,242.8339035218249,4,29.97737869070681,619.1507450612255,15708.560150443158,906.1077426327092,503.05783442650386,444.24599111314285,865.8220446327614,11444.954473608042,464.9800842932576,609.689922505247,0.19793402305640578,8.102658760712849,5.310554728232751,0,yes
283.12963005049767,143.25932722409777,345.99210744436994,289.3240673269901,4,91.79802174757351,854.0498772766222,17430.133023682592,951.2450598453147,934.1208167218152,42.631808747566424,855.3285121109603,12632.465811264974,837.6730570325504,673.4088871458774,0.2475790917019057,9.02158523073501,5.942841209516292,0,yes
297.3250649332585,150.6493221930376,245.16085474533165,297.4281342630985,0,54.88397009376819,618.2827562405546,15210.914332577471,994.160497393369,460.1813579455965,525.8122850016543,788.1386308945434,14802.099554002529,782.5960068508772,706.4564685523491,0.2131471468021649,7.865760579178626,6.767421274900745,0,yes
208.3665701288108,347.71208761682453,262.005924865322,247.78041845770707,0,54.48701168843321,646.8823934024696,17481.51590238044,980.9404921066439,9.994167019843761,977.8233982237252,897.853160946781,10844.243536508831,498.1440258766458,684.2367250806813,0.27411139210118407,9.005462210089872,5.111706783354415,0,yes
215.00504909739504,215.81889996672714,275.6746231324367,245.9400076948964,4,64.16946395818613,979.3410980541488,15092.875802073317,906.1805857216546,610.1873288857063,331.1566267573851,824.8753129458873,10482.86124485568,406.1458278866645,615.3711122896202,0.24177484763619822,7.875330899984134,4.885727139219917,0,yes
202.63242488325335,377.36837269205824,327.6876715876246,206.36019988228395,4,87.66773283935935,884.5195926917115,16319.379502775168,958.8121040409903,705.2027181683602,271.59928824616145,944.0442518308556,12595.70199765648,841.7749921855227,600.5029073128532,0.3102743558798256,8.47413265451963,5.9557306058744395,0,yes
262.4978636802742,349.93588579804396,349.9152596577894,227.03917826793426,4,39.10205153222141,662.8535207385307,15658.929144984988,998.898717854723,611.6001572358557,299.6514639441523,830.6240762853342,10932.10386121445,209.30289155948037,766.1637822899092,0.3093406327692681,8.100149347713106,5.004740339604059,0,yes
225.55857550016626,158.57883668192497,315.38896871283566,267.5543641419746,4,58.396468066980546,996.0760060343081,15042.588615979488,928.4890444629855,327.97926897463145,614.6003263407281,905.8867661079453,11299.810500648437,557.9001457672528,665.9290464477893,0.23175140564278726,7.857102381954785,5.3124007846794425,0,yes
209.33104691545245,399.4118196386786,364.6170353496843,296.37014197456983,1,76.0409177584991,685.5472395784157,18182.061813266657,931.4789661564078,898.8913120228912,78.06031348047566,877.055597073779,12270.617621422873,550.4816318711111,765.4378421425433,0.33186286772735357,9.357386439925506,5.7041208635653575,0,yes
227.1615641187746,270.6814372780309,212.8944452437582,253.62515307861912,0,79.12466892421759,773.4853500324023,17763.022551243583,933.2380123378435,113.74720916628802,856.3111520183822,711.7457415580869,12977.608792680256,794.094445986111,667.1081404658269,0.2401161662266541,9.16752942449002,6.004280830598037,0,yes
213.04312770857925,298.386094145651,218.63682006544434,248.90611498740853,0,43.81863557787102,883.8600211273728,16235.486755981725,918.3335243075352,728.5622372141785,187.33429821615596,707.3962727995862,10126.610070165389,889.9695545520574,610.8888438676106,0.24518162065063318,8.426480915025131,4.885693633279605,0,yes
253.7123601634653,105.14672428407039,208.42417064664028,226.09906927575992,1,43.72770043461796,741.9872165624915,18202.84912301556,911.3905020963531,442.335978854646,511.605604132155,897.857548543743,12204.02857327838,490.8446042978791,782.1084413257577,0.17040879279461826,9.377467768663275,5.6610001920916355,0,yes
248.74504671065012,142.0247350800354,161.11907464189505,210.82389893655485,4,36.67760346439448,687.2972182829183,18836.470609616335,963.9654729471363,29.677237628761667,946.2981201231071,742.6369863787346,14146.38724357171,862.5842317381823,749.2972878351636,0.1831297450875403,9.689441765591784,6.523219726257891,0,yes
281.2492999595522,115.44811091559252,135.13903016295853,216.87532485804664,4,76.76910535615464,651.4502108525558,19422.19585991663,939.8064667486881,849.6542776684402,85.3662941787253,867.4075613461937,12627.939337239717,308.28672373585687,617.0772020744325,0.17766616756509077,9.971129999866632,5.720982414220034,0,yes
218.92832420472112,185.5646195882151,362.87881444363626,208.33974247370895,0,27.794402449721396,630.451636960707,17670.256592022724,957.5507204229023,51.81989240693774,917.8022667930973,917.4729609106288,11069.401460953599,496.81370247475843,615.3694060301905,0.21951720291886093,9.093019392417315,5.197543242582365,0,yes
248.07604536992062,116.63637609921537,174.91773649368105,234.0522993485488,4,71.63153733538974,699.2496194902226,17745.233982245973,967.8323950192663,212.43124015203682,687.8047528165075,996.6574708431995,11523.328287214625,845.5219862036953,795.3091966519761,0.18468898735729747,9.14698293968267,5.564520457862862,0,yes
240.0949326608181,187.8573243219901,313.8232369814712,259.1709512578087,0,30.615535918799395,849.4757726191982,16090.073973014545,967.171793797151,470.69586174710435,477.1869252142342,960.3233253669321,11794.811731317184,855.7061040930525,684.0153924130877,0.2238177159205429,8.352720458050579,5.6544052476431865,0,yes
200.9065368294795,185.3222528647075,210.07810409536387,277.90762657707506,4,28.253837005826554,807.0347450463522,17235.68161437661,952.3518396099346,87.40739567030201,855.9204539040788,870.9036295636269,10974.994078701657,450.57977704049665,639.4957082578067,0.21655686104940267,8.913962744059841,5.1221901866820545,0,yes
214.02417407569843,309.7368486337997,363.4405453596519,281.21735601750174,4,85.08871711444445,959.4927590066379,15913.30212317703,989.6406862008213,444.22904272058975,472.16583905097616,786.2648276941138,12285.107945014308,558.1710193397316,615.2895088187996,0.3064571052245084,8.292453006415533,5.648562940721278,0,yes
203.47086589791277,215.3934185388997,111.09558377510889,246.7030723091284,1,62.3632205765557,625.5812506722402,17540.71737507237,925.7910063224908,339.1268382456182,593.519231129409,967.3094376010479,13122.958998679871,778.8244906998013,757.7943547895886,0.1951586803475125,9.022827155534227,6.165378097403903,0,yes
244.34020439025701,389.76101634065617,399.93381393424204,254.9969675071455,1,76.97083439708678,720.2311414790025,15441.082816263563,947.8274267671119,104.18503005301011,807.4046992298614,847.1211009024343,13404.454235642203,463.84558424853424,668.9530157760464,0.3313300347014448,7.996771639470689,6.089283090619773,0,yes
219.21743352596556,322.1265627163435,137.43762599536544,295.23448875620187,0,89.71436207477423,723.8322235517383,15054.378710361378,981.6269707348548,850.4791899748304,125.33318422834157,910.3988206948717,13667.020734268272,463.9718424892196,657.8938885963843,0.25425318391186535,7.808876751334262,6.227043322397115,0,yes
212.7881054930917,293.4781258693593,261.0478354879135,261.20842349017664,1,44.513277242937605,943.1672115261458,19734.03845905704,984.5990152886384,878.1808063405687,22.933572948226356,943.1669276718128,14983.796480562509,225.2448084094379,613.8772654686569,0.2582162153288331,10.19837876850328,6.655358825493138,0,yes
294.47480958792323,183.12935799990777,240.08140800396924,291.2555981444586,0,26.9190830644928,838.5662644703398,17329.40299371795,969.3372740091808,334.117012907639,606.2621529366938,705.2925981314899,13813.50924365762,249.00171363318105,609.6537724863647,0.22001270353881075,8.970230536469032,6.106417390449433,0,yes
299.1622857541358,125.20131985409361,231.08305589886024,212.3715963360159,4,90.88405629231434,744.7339763952784,15488.782468127205,986.2743222974825,368.80521575380993,603.5557785579545,815.6572859463918,12487.728243937381,389.48761352852836,795.8207974768676,0.20390031443287326,8.031341340369462,5.705430882333855,0,yes
280.11374773374365,363.8046682532356,198.5220207982049,213.7804051582033,1,69.74829260607386,669.3280503818041,19377.011474451436,983.3125860709742,960.6483456134437,13.252328283874135,816.3112344132293,13818.443585189221,157.6631510146176,798.4002707048817,0.2760398624689778,9.958446208745674,6.145806922476084,0,yes
284.7142543207793,359.5492899746855,110.73833289751562,233.6555363916914,4,31.789087102343217,897.5146562094417,17864.69048152615,971.2454360477799,863.3513465412653,70.99375102251395,825.5556325989949,13447.893641033701,185.3924600873464,703.5469854514878,0.26856732674325784,9.251450054308444,5.994321266197087,0,yes
214.08140219727036,289.27781879995104,372.4093306534767,278.1541268117559,1,70.46921973250753,810.2919567242393,17319.38211773015,948.5222439722097,432.3405350772906,510.80195234103974,869.8716064802645,14984.51394898241,845.33525734314,679.1653168744627,0.2856235878302014,8.956014348250026,6.888667311047196,0,yes
297.83869509010077,205.74360178354232,282.6231927957626,293.6068322673831,4,56.696369858058716,956.3549251438385,19515.397187924165,947.8218319211992,248.67726361722083,719.8652360908495,790.3174420524404,11652.614157553342,647.6962286852093,760.0371002858949,0.2582060008005209,10.087006385642532,5.459228971275063,0,yes
290.9241642927238,166.03522551117118,236.46525529122323,273.29697538423017,4,98.55344368817003,655.3615684551435,18468.887142986852,902.2814788949826,701.9918850780431,223.27323736307767,728.2087552894794,14076.847035061903,200.3048841192342,787.7404018330318,0.2334158314690296,9.490196798857415,6.222867942999061,0,yes
256.46689398409495,307.4053082888533,306.13605458145577,284.95492259039963,1,80.30062893936653,699.3690012650753,18727.975638340096,971.2085770522408,939.9028942097967,54.55441481635478,702.6350461753942,14954.928107850075,406.47866094207575,634.8892811827882,0.2875718366092911,9.638846209544154,6.635672634456976,0,yes
288.0986350201688,213.78318197907913,157.31474437416676,289.4141172317529,4,55.9438042046167,603.3207208253006,18518.27498568866,979.3360638106949,200.55699891203307,784.7543931512039,890.4160835231689,12639.441332524071,417.9402450079017,722.1048496652946,0.23419260006980575,9.51413493601495,5.799381030762967,0,yes
267.5319160359412,257.560600417014,325.32070613973053,269.57770709688015,1,93.16965481155117,679.1444482304865,18987.507683293854,985.8679184763089,247.92064194332818,663.3145982492338,838.6650314256092,13853.508955748734,504.4822047041653,641.8712939306257,0.27141374977416505,9.766199238245036,6.278177116350616,0,yes
289.12014428021223,257.78467029656633,105.19080296908105,275.73742354718934,0,84.55437871143012,994.9051814166381,19685.694368299166,970.4988543577447,150.95309961912858,755.7113116773413,924.7244034703091,14815.70352964471,179.0724178701601,692.0089143851509,0.2263595828982498,10.18416268067267,6.573276418979102,0,yes
275.07748168506214,279.79053272764054,322.19891500951843,265.981395828565,1,51.96587535862059,643.1287317377695,16172.206570147291,971.1157324085168,761.6340415540888,234.95341102806265,911.4524734587496,12093.86795408262,509.5716597909977,683.1934056294313,0.27473664413778115,8.34862981333583,5.622646456430542,0,yes
264.2763443107854,178.87295335692988,218.30182872106462,238.2009664181208,0,21.181566770933912,953.2347685346272,19633.22900932819,947.9096644613849,409.74969100747796,542.9823920818325,810.9913096461141,12016.138500511972,531.8408172322665,601.0292227090921,0.19879799649716745,10.145218376764628,5.54345836642756,0,yes
265.3881842271912,125.08084179543812,287.91999776510363,212.3590492064066,4,55.64796442020891,826.6898717665631,15190.144155543914,919.196331836999,401.3694999286495,570.0026557304415,975.316119325159,11890.623170902443,295.29644126047936,700.0896959612018,0.20650894027973776,7.89104566125194,5.479918803867701,0,yes
206.81414771480576,320.03869722655173,203.9172933247051,293.170698689329,0,46.27212236862705,888.5473588662521,15740.929191922534,916.2445991068447,678.4557258909006,233.89738411247697,897.6325270148319,13920.928275381286,463.3037687388196,635.4327444917243,0.25927387779328387,8.17997848551534,6.311570573865837,0,yes
225.1898628437886,272.0778468986666,275.39424713006304,272.0804136866467,4,64.31920726652905,632.2246292550145,16118.413684608162,918.3661990685317,244.75993749489623,670.3101158323095,723.6343463318019,12436.418825462728,125.66909798511202,733.7366653238579,0.27075525865850036,8.312106535035692,5.526428724683033,0,yes
240.54646253546042,310.22186070553823,301.7562448541935,297.9323724072842,4,44.60023758811276,909.6551287722168,17657.24561524793,931.702442505979,627.6796904631229,310.80742747435454,768.400115909948,14269.619644243608,858.254555552852,781.4940895552361,0.2959170994629456,9.14504569709907,6.580211254337305,0,yes
220.3870327055553,336.2581478411556,292.2168974212213,288.7926735106205,1,31.480315589095405,686.4148702214633,19040.139566382608,996.1137212592992,53.97059821500936,848.8289179425951,994.7336271808376,11113.888382860274,444.5803785998646,639.5252200523689,0.28640022514837316,9.79553101386145,5.219337483916423,0,yes
232.45234302431132,354.60503945080654,178.20975410023925,228.61884188531985,0,31.12645516122334,831.551709753684,18494.499139191925,936.122149180711,216.59844865605064,766.6793063855481,945.2711330087359,12144.331557599236,157.31295945904264,645.5578175356623,0.2563821859360678,9.546632111363786,5.508668872753584,0,yes
244.60443688433082,242.6138023536317,352.76256074527794,261.2381067461036,0,25.310792468991856,731.8530295757773,17235.22947683994,965.323827302467,402.7211206305432,507.3083104472136,973.3470305068482,12162.733911951897,178.54339696324405,615.4841718730196,0.25382491641500887,8.89882004692678,5.5217510252500945,0,yes
201.96972033556156,355.7449297815514,143.41532833617833,251.5372925752777,0,33.210422509889085,942.4852770305879,17429.122359336176,943.801773648752,188.41655421476736,720.3187927412514,925.9149738515505,14554.286682762064,557.2566595058414,714.3256395932772,0.2508763710289295,9.040137006348616,6.623688059999609,0,yes
223.96646610339317,229.50261360889178,255.4501549683189,229.57402506384474,1,61.69737485949864,963.2361385890133,19662.090131781515,951.555817190129,203.74989617566027,761.1598602117714,963.6171452372877,13920.029307827572,890.2955312999209,631.5479773153205,0.22875096647861504,10.162447065551058,6.515107473277177,0,yes
239.8414331089117,351.99822073933444,144.4802023563827,243.6142114692182,0,86.22110328714305,613.6098132151744,18464.14534116456,995.7590757192735,613.69616595473,385.33643243113875,984.749841623496,12117.855735802092,435.97096167265505,600.5086372843932,0.2594522158886755,9.49158166639856,5.621634431995725,0,yes
276.01773720727465,114.91712624106054,135.9625364165421,226.30423938888742,4,38.14598523664312,747.0050879581845,18983.90430249927,986.4452033081595,546.1410169036204,442.4774162788226,881.0168279945751,12271.01280429558,241.78322187180436,632.8561813627273,0.17398661105335414,9.779428696672188,5.566505354153413,0,yes
228.78735826219736,379.40984200963294,209.52755566133123,228.98045405822998,1,89.91609181900466,690.4002597363443,15755.09129079904,959.7409217146972,127.90544530173486,869.2491104619556,721.0652079705974,14328.581057745254,442.2237563515528,604.7718412084474,0.2835676133467723,8.148850960479646,6.4032464105782525,0,yes
242.349559902331,374.7416868519196,351.02832158399326,211.1943768935692,0,84.71701617323677,903.4053704808204,18086.062965766494,996.9174904070491,397.24978746737133,562.1723440888011,946.8380935301218,11405.11455059941,577.4137156287686,686.2886145187822,0.3035031093887854,9.367029472642095,5.383703084844483,0,yes
247.53661191369713,294.7397774459722,371.22561110431747,220.32386651724514,4,48.461048959694,970.257535221247,15864.54276679964,976.0825578534125,416.9269859714546,499.8327546631545,956.4906952405049,11518.473706401328,190.1278039833956,677.5771895906918,0.28946529783852604,8.268671323685401,5.270991679180869,0,yes
206.880328077052,324.86327879405553,286.025231059917,270.08593977706175,0,69.5872449088777,912.3545272537425,18478.614787025985,942.4190438865436,980.3008103106275,10.273498268499793,752.7549349094702,14138.110773412951,486.39117312064553,774.2124144152071,0.275947546308098,9.557815091965962,6.3788178161875235,0,yes
264.6881622165658,361.5402073279037,123.70323853833003,238.6389794566521,4,67.1252497630162,698.5850759102318,17272.42809434202,919.6180475902697,6.843407286421444,904.2483507268195,734.815932949816,10912.960476477945,402.00909987440446,781.8948124140837,0.2748595569552373,8.903809518350183,5.037918865270622,0,yes
219.04642379590229,187.18568690570186,219.52953792530337,276.5265877500677,0,83.12482401889204,630.4310505047405,18228.91695182947,994.6696559936067,734.5269136486463,256.3876376591884,874.1468388540013,12225.081265448858,442.05521787534855,682.8689701846405,0.21210336715309153,9.377477339357494,5.632373107098511,0,yes
295.7729066663522,322.8288919616293,128.89098804600152,201.22860083601054,4,46.567160951977364,964.8025872615126,18894.543549819697,976.5624315795085,309.650802067307,664.4400575816567,986.0706252904204,11608.713966137222,595.011042325206,758.1600680022373,0.2542829548358382,9.782483170907012,5.499412682514239,0,yes
286.86772291503837,135.82863853027965,120.20706913656187,207.46972518411252,1,23.279718558718034,887.2584222802845,19831.410259109845,987.1987394435118,574.0667591049656,337.2867815744412,711.7029457247262,14128.715840484627,152.86482141291825,693.3370451930568,0.1629390578121971,10.234690918259382,6.203604826335898,0,yes
208.13172969633035,382.581069147646,153.86026495763025,205.04441150595255,0,73.11934107189228,938.7429515345334,17087.580198230542,926.5836634362246,329.371086158466,599.3954875386163,842.3958463803555,11914.296976074394,857.7056938075323,608.511272125795,0.2601953689827296,8.866147739386632,5.643313737966657,0,yes
271.0608116357529,356.18207337828727,304.25766390559954,206.45938073986986,4,86.46786006433102,984.5499335204406,16977.994492026493,947.1406917003827,205.56036496441482,771.8825117578449,798.2006481175804,13688.057295937699,622.7677293222849,721.3205473709562,0.30562986502235323,8.82470136838201,6.2626793624445165,0,yes
241.05498170766498,373.9546826338406,318.11041585540914,282.74299670605086,1,80.97173610361654,886.7661879496158,15172.834723438405,971.2891232887235,703.3849363007533,226.38043713501156,707.2526944664818,13300.599000825096,371.908530163569,664.086785422598,0.314279862638596,7.9030905261556015,5.956865980509498,0,yes
279.4405907878133,236.82294629847888,155.61045878030555,215.5336005177282,1,70.87846857471504,916.2726192721461,16222.449094233581,976.8630517945194,270.27137513337647,689.0420256408165,885.8202940077898,12039.596619543792,561.6907035102794,794.9184257890295,0.21707234349511767,8.435371414287149,5.621203550507742,0,yes
282.3067190579003,102.12547537091567,361.8122462420599,214.2733113069749,4,53.4208088282019,776.5337741931748,15898.848017996102,982.4764316317903,711.6462613955295,211.88359281049145,826.2347402506789,13274.470104700235,319.95172510551276,691.9144334585567,0.2143500057739194,8.242903609521123,5.9760311217421735,0,yes
200.68984954789818,258.82951779998507,161.26086665336473,281.97085412118867,4,65.47038100817399,784.0882865016615,15276.21601019039,986.2965446148467,855.5742575788499,114.06326368584757,950.2816964063003,11042.19757810798,117.47845261460235,774.5927815939697,0.24165946264272664,7.933797900388287,5.069051792866747,0,yes
258.69160216968805,230.27786321184772,197.50940331013032,217.45856313767155,0,81.50971239391501,960.7184159605931,17903.564802373447,904.0657384921167,553.0928624276795,369.77043272118624,745.2762672542192,13333.867893426164,496.9886258603965,775.406423154881,0.21792969629697817,9.276100712733387,6.049200760018554,0,yes
244.55802517605994,325.08656267638025,348.9280617025111,213.01671235307165,0,29.485325636709945,774.824863434415,19240.919412374038,914.554805619754,506.1954080441669,484.8192241880587,715.4912701664977,10131.22603958607,363.5195037290209,707.1941830975787,0.27692160127128124,9.904218408408195,4.703175696162207,0,yes
269.9530741073711,172.08983294317818,396.73359698057556,274.5379716635603,1,66.19981653155808,838.2665209581719,17613.668110876984,901.5685703757491,148.22308215215523,776.5232528945343,913.931238804849,12929.809710917845,158.92554257670275,656.098602573582,0.249415229688623,9.102999219593304,5.8042928119868105,0,yes
239.4657598466166,206.3096178955988,150.551426058492,289.70363121787506,1,92.57816809389762,987.4444840719916,15417.638077032743,912.3194132607064,961.1034430527249,6.080758157980995,911.0206509041539,13199.53348629518,688.2503582832207,798.3621770806913,0.21636090939398323,8.040420050869036,6.147428815829821,0,yes
200.29882155381168,226.00407255612083,189.0232042447327,271.907016842024,0,58.04583493558151,781.9449222670333,18870.03537524003,968.0952108570415,395.3068465049471,529.1854941652695,813.9197003397093,14880.693517746851,246.2727853080592,700.1397813222352,0.21508630341633211,9.727713254420218,6.585339306872004,0,yes
279.24949716059024,347.4003016840371,143.7996963533751,200.67997980134888,4,69.48571431777167,635.5433651304891,16668.23039330939,957.0978057064848,80.41021191802584,822.9573143527203,915.9102121273897,13758.22399082693,594.4889512932693,731.6420328637754,0.26777110581671876,8.593053621839665,6.3177139937030535,0,yes
223.1614693582734,155.05911358593278,192.8331998871587,213.72736749458767,4,78.9057369790819,712.2217826992163,18102.654195207346,917.9734378893962,85.86456527829412,888.6501318656543,969.9831391095058,10600.39246970986,561.2840251536484,630.2157965221903,0.19734271141334772,9.321698735139979,5.059346700224637,0,yes
248.44753704952234,112.20904059137484,207.42712400465814,216.84911806760024,0,40.91552564257217,792.2194486142583,15577.127955868495,950.7632568253205,60.892989223085095,903.6655011015262,877.4147141345453,10242.378708604405,195.24459321158486,672.9195513352465,0.1661651380665563,8.081160056266421,4.7369209601246896,0,yes
251.89615755299639,360.54567156484086,261.0372200551118,270.7118807202883,4,92.24991077538537,739.0800652471829,16961.471077057093,953.1351353818367,213.9259074169391,740.5712506313624,794.1024785646564,12997.305651062523,689.6997991085029,647.1374088518971,0.30988424915535373,8.7618585964488,5.998579060061777,0,yes
292.3007270841048,376.7471040287919,308.96318143119515,290.4218444774708,4,99.14879408262418,692.8108881127314,15465.120923410424,978.7008082617004,559.5923216403185,357.7452916341881,958.5280947073701,13198.256751327426,424.07066393355376,605.148972872917,0.33587447204161147,8.007013147150548,6.02789419209318,0,yes
219.154697137275,145.40886615423557,389.14009898875304,255.06893171701762,1,23.579697592555632,730.0954931225897,18503.343697823297,902.8322328514935,870.4318708938539,80.0691908340342,964.2393585116686,10014.41201028443,506.66879217723766,666.2951070645738,0.22155190829453786,9.523918629042047,4.802226884838592,0,yes
231.62027613788337,196.38403235053488,224.50945281025668,283.94376718852857,0,35.7340049117235,704.5761806015945,16490.406820967695,975.3615100101966,636.3742821922617,310.1467509119053,839.5132891765084,12837.97899654599,260.49041812007124,702.9954656724651,0.21389265544066172,8.52178107333998,5.787576659700935,0,yes
266.625407541487,349.4073817430866,243.5405936403707,265.09672531143633,4,89.47243944740701,941.4309102567868,15253.623452780339,917.60253357558,157.35590883736583,769.9290262613115,817.7629533091155,11764.608095259327,825.8089239443729,608.1507321740537,0.3023205340228404,7.94855556493596,5.560576361512586,0,yes
281.5634207315469,395.7900579609856,227.08348597578538,291.5911158111794,1,41.9356318701385,927.7366534287418,18980.918149529953,925.7643498365329,59.93828098738634,855.0096900471664,709.5000947850206,12371.51230401845,133.76110158298067,702.1085415618178,0.3067959100837439,9.810189286781762,5.493848748004135,0,yes
281.92373771681076,207.34879162959714,313.25165137946135,282.1450694064897,0,92.20543309972055,750.5598949657501,17018.864704789383,999.0700261860347,308.52220830258034,644.3222785665079,735.0835379612952,12755.903562822534,543.203104416332,775.9894511434463,0.24912948926596393,8.79944757580298,5.836616072956134,0,yes
209.41931979349545,369.9324774482234,132.51588714114828,210.5494584925717,1,30.814454501612197,800.092611696801,17307.493705242687,951.2818317625605,687.1886573321339,252.36742136807902,860.072125460687,11606.566288837368,532.2054514922904,713.7211626970059,0.2508128831722439,8.948170849365308,5.412381178295212,0,yes
273.8445609384779,386.2771689370547,328.99075626610306,209.89141274503424,4,31.089880408535482,717.6210582468506,17523.407900421807,954.0389809182252,756.0938764094807,162.3675298592534,979.8687902781132,14408.603530397048,441.8148928797409,778.316472281532,0.3166917683830969,9.038213261062936,6.5506487536139355,0,yes
214.64709340407094,177.90998364218405,308.2087733105249,207.77879338872637,0,21.815507400818532,865.2588894764347,19729.103077171607,958.6820322389542,874.5661598207183,97.48322543205802,746.5605577736367,11792.199295099754,383.67204258458605,747.1902573268032,0.20411727594679496,10.174621773403416,5.390726544684111,0,yes
270.19756580977935,114.80177768152188,391.8675344743422,233.41501267989904,4,76.78523664577898,876.330910425931,19310.543563852454,936.537729903722,34.62054317245582,899.881344816486,700.951591962905,11777.80798045346,388.9324553319497,796.9033634688916,0.2306640248663155,9.96479881565077,5.3702920389942435,0,yes
202.32147799201078,221.09771805587104,171.862358656774,203.83555860651606,1,57.07054623914688,990.2346665842487,16216.010413866012,979.6857098073693,912.9779130610592,51.35376254120331,832.0042924991217,13462.596009030362,875.3586011492073,722.884391100253,0.20020989623652627,8.449510821843969,6.285448723008507,0,yes
240.80176616545754,238.44346857251344,335.3509563665862,205.1777635832354,1,77.18723725391061,774.3610860781638,15956.563282067093,902.3039795834068,527.5445402312442,432.64324083931444,863.7760616362787,12740.468828581077,350.2475196407933,693.5370569706126,0.24750256764054204,8.26026521129165,5.79481405943757,0,yes
252.81318376457324,129.53386901809031,193.58109322490077,214.65052103873526,0,24.91947449627525,746.7321249206966,17100.2890573948,962.4368042327446,549.1232670254604,419.0160050801737,907.7155885030718,11138.509650712203,154.12440554062056,606.2778818182651,0.16842782027737577,8.834242244878636,5.082817514966336,0,yes
233.3388113786674,201.7777895919213,380.68001937398753,219.95002790987095,0,90.59777860996891,780.1761919409308,15810.188339359664,918.3155012281728,604.3275958854979,306.55074118814093,851.3188780679209,14992.264457507717,543.261513328183,792.6055037173659,0.24159990912238158,8.190557299268383,6.774145212587913,0,yes
202.51081455496276,220.1271998300628,156.8192037864728,216.51124369044868,4,44.805401363557856,820.7382716666026,19432.646054028737,981.6410430251244,447.8062648276403,490.9776689396571,926.9839106171015,12424.879317534876,624.528732514095,729.9795759530615,0.20983040395984173,10.019553509643256,5.805446302131169,0,yes
274.15678369088363,304.5625180487902,182.1645599099495,259.44856961389854,0,99.6479601745093,650.6710471314259,16376.959089929538,950.7250555852808,186.31664411905282,775.7359749917824,788.1214321229073,11705.382584518917,780.8829631387478,637.38876599801,0.2572108577779056,8.449841963371538,5.515655345866761,0,yes
252.835071687496,126.08797556982246,259.1182442854181,225.39342952706008,0,35.1704128866973,895.3838248020926,16985.725095459296,909.1669398922116,283.0435655162843,617.2421965291801,904.280911758814,11208.895861109808,820.1073242826571,659.5910406205364,0.1835965295475147,8.802960121135715,5.37365706409585,0,yes
245.2105334291261,123.41363016407635,366.619272678214,229.34784417137516,4,91.29531058445346,872.893583791089,15195.049971163508,944.4191075944731,380.0250450585471,599.0226212347377,897.1849490361155,14572.097137767425,344.288672316434,673.2485521761395,0.22690969332078084,7.907357053595895,6.538378916026234,0,yes
259.63789071861004,181.94187454831615,154.0889206675962,275.2055175689432,4,70.58565565998083,926.470866132272,16862.79461061308,912.8234386813202,653.2602781174177,277.50777796744546,927.30898302459,14097.327700000375,686.7308730141671,673.1927932698674,0.216206758449579,8.749068826934927,6.490842630143596,0,yes
239.43325620850538,157.71480262320856,313.14803788824554,276.14466105543846,1,67.71067903145652,975.4730629545829,16145.160229617322,928.1360663604717,833.8252207840413,73.24046236106528,857.3391863367187,12546.702731607129,374.3531344898165,696.2233392749527,0.22359946526315302,8.403582918462059,5.71744465391243,0,yes
216.14844330044636,203.40401433974932,276.7833197759022,242.03411119418638,0,70.37389104948406,785.2295205229962,16470.904914466173,951.1825880944682,505.77338952653037,446.175548936093,929.6479394739958,14164.870637574273,447.6914103459852,766.9652015038653,0.2211738175170854,8.526548565259203,6.438497405770545,0,yes
224.1217158054599,104.41661085505046,192.6309473964954,292.9279210980261,0,20.732516322048724,880.9972546192968,19464.744419760573,972.7930765983504,211.0269275776058,689.766002224214,990.5380312236623,11444.00919093984,877.1044875812241,641.4124575023085,0.16969437911406676,10.047946734910749,5.522690707958871,0,yes
209.68372065769313,106.16318933994886,150.50564835238805,228.89983582185175,4,93.80563263514604,971.1009978338047,19859.60790544898,993.4314147366453,104.05528303740034,832.0955627998204,722.8069077639036,10543.479267022494,274.18399183380694,606.528160214827,0.1725255632802405,10.268800912828244,4.814496243089969,0,yes
223.71203997395446,338.42892145896826,261.4740201907574,201.18277611691695,1,67.27600576514321,758.6114667202722,18259.5384189303,900.5913344355727,699.7667830576382,265.6093637114551,937.9789199945626,13196.057175882,135.81681540998903,768.9824265830077,0.26851720153449277,9.408021824244305,5.931673533038147,0,yes
278.3628570133028,294.43998967664356,395.3744380285112,219.1615703415848,0,88.01620532840808,693.620162859157,19685.32232562696,950.9574427417738,767.0707190355745,193.21670363204214,728.2242314074241,10937.059920138237,232.33338938850318,692.7441319002933,0.2868160124413659,10.113464275822025,4.97197332536626,0,yes
261.4589802080026,105.1583182323075,341.82536568711794,226.6035086590445,4,96.65306586036093,614.604974690437,19343.617847428097,950.6244989078659,704.1148419648923,207.0973262264855,754.3333691250906,11311.987319847909,686.3989501432131,706.9851986789037,0.2168286155083127,9.92529733739571,5.309160747820385,0,yes
270.8572564767444,174.1536568790961,336.9686110173625,263.84369313398554,0,47.36596217308626,736.2101700929275,16404.651298065004,947.3959347104555,400.0167675584444,525.7432662015021,758.7931595587474,12580.260985300676,558.3199849386157,754.4496889150719,0.22989586103240764,8.48202465964801,5.775302172006896,0,yes
235.59744652434713,332.95529476015383,122.9935843628308,295.04132216384767,4,77.69770775639283,825.0369489343663,19650.568252285313,943.0289629518917,869.0969185089074,89.1410433114562,940.477130272511,12009.88904563763,299.33301611724517,671.1965044009099,0.2722150507575338,10.124153670710387,5.509687597613517,0,yes
246.7689253201748,168.9592358756056,140.92345535699556,235.65967325691352,4,53.9612383667766,788.8922203593781,15296.104405694336,948.185805683146,141.0423585262528,764.0829459234315,839.1271535423789,13800.419994006526,845.7598906311962,639.1583411829034,0.19675411041095106,7.939552102670991,6.392448495358751,0,yes
288.44894114344874,103.75937259743199,147.1379086058376,293.8647389833537,0,80.41258007881382,770.7583845252896,18701.45796933541,918.1697118576843,74.64239850463703,830.7589082268236,865.8611515689024,14385.520042912609,466.778485133249,762.0156168701117,0.17615848060419917,9.634077857767474,6.501840932448749,0,yes
253.98038139969952,175.93625676552998,174.34011277393637,284.4211441038027,4,70.4987857293321,616.3276486529476,16740.639720771655,974.636327354295,122.01365095678104,781.8549256777475,953.0050451046545,13125.695846276616,434.98139737567163,744.2015995623718,0.21897136176801762,8.627494044431755,6.017472210843011,0,yes
206.46279699220696,326.02452929100593,274.3014675035765,218.41079452342228,1,59.131757947493064,733.3169684357335,17689.345948634575,940.9112770153502,678.5639507990007,239.14906958899894,715.4334534755022,13869.571766936988,216.24098455549444,658.0172099052653,0.2663651607304746,9.122841559091228,6.123014167093835,0,yes
252.38008397502398,310.943653883569,392.93963523709596,299.0846740183629,1,67.45655706851626,805.3599375875514,18310.884344262413,947.7525475076847,973.5253942004181,8.516842374909857,853.9361864334386,11269.020806157303,324.8896405183566,716.787875370558,0.30704207681728213,9.450557167899566,5.198244451763543,0,yes
274.3292635915004,359.50716674419664,185.7310268470576,247.42008787631977,0,76.16607992632777,671.3857137700971,15154.564008098501,963.780820546299,2.1697609191013205,943.8265199383271,912.8487795278353,10174.2334133537,810.6253398799552,711.2117141472002,0.2745650652234711,7.844973967845411,4.972479619910045,0,yes
260.48536909372297,243.33610592140272,266.7364615406339,256.96954728385606,4,27.3139399724095,705.4786757083024,19121.294076283604,949.6371891978655,147.57917089779087,783.4515793258329,845.7338170931862,13529.739318631615,617.6374790518199,677.9926598199187,0.25431492232271813,9.833876103307958,6.204207034933412,0,yes
259.2871301797793,141.61727823640916,124.50528829216151,242.89586078156367,4,73.9965818869893,668.2729551242452,18108.622699683212,962.4461839332292,897.9225909001765,66.176987188005,915.007724825763,13312.436369758589,440.65369808212375,638.0183154447205,0.1880827408837712,9.321137578003928,6.073504335730182,0,yes
261.7331940508444,207.02472833870954,127.87890157953524,224.89363645023454,4,27.27423755777968,754.3223982858842,18886.894543074774,947.0589225021835,126.22540406248143,819.9389322004304,786.0625744710777,11068.775303208273,478.50815552893533,697.96741640378,0.20575655380813368,9.727109167230376,5.145009502149892,0,yes
217.19413809001045,357.41694655979876,295.9523864060386,249.85753956676976,1,94.93202548413879,888.0031719274989,19641.236210950447,992.8341413995045,476.84152246746135,460.3699447692534,759.2047995407714,14865.096290634436,662.878916876487,644.2404493408537,0.2953976692680623,10.140554004238398,6.718252576353276,0,yes
234.66437663142338,252.27684952961627,108.96980360796867,273.0127786900151,4,82.27694446921424,717.2590712987611,15331.5043793918,995.7493727601752,630.1651874432848,339.79419302319866,795.6998911280227,12053.405106141783,706.3085118808242,784.9629842134348,0.2331911201405395,7.947947418928581,5.648663155261791,0,yes
235.88584150764402,145.2719490972347,238.60737099247737,294.3731136313764,0,31.97184179928272,983.5075653516417,18957.659262513735,950.9717952865404,642.1760988620164,311.4446362413331,894.4537499976472,12009.592300500253,466.7038177017177,659.9107277927508,0.19841938211669627,9.814820070095308,5.555989936703448,0,yes
224.89780969141736,169.17977817596778,309.1767449856279,247.93766992817214,0,55.6150548773096,899.7450226156689,16674.51849304196,956.3368964473614,165.4995276783085,783.6799365426775,718.2108257774456,14051.427358408459,678.6254795881434,771.5445199081274,0.21439291242049185,8.654814195808347,6.401148290763099,0,yes
253.9694717778411,173.03933785275177,237.70584293037678,272.2748767662318,4,70.47149541633786,885.3320847369314,17804.30035011158,960.6618248422816,173.4695569951481,812.9933755008302,786.3745208674271,10107.426496684548,182.27774731837025,761.2483492764865,0.22805167597427925,9.217032030384418,4.656049018555541,0,yes
256.2592160052699,191.26779526605523,132.40105284847306,279.96581707036165,0,44.12278977235304,912.9621836951067,17544.569795221927,995.1500662724467,365.8521250155623,598.6706131655815,812.4526630347086,10427.107619254297,139.30415769877447,650.5896163253343,0.1967977149545378,9.09821131824405,4.7595156591908125,0,yes
292.2367937649775,257.98900499886884,100.79612720659445,241.17833447225178,1,87.97350552522403,901.829623565872,19661.728864178687,976.631852883449,971.8996496219617,1.0005974897051146,845.4466281539937,10832.423451901062,413.2840761095838,611.6999753847499,0.22347547377058757,10.151693612748007,5.040503778992543,0,yes
280.2661455484693,182.01219510209316,238.72172207888744,214.90410514447,4,61.44692790374694,693.9415400510685,15065.597445134681,943.2903874507115,104.5016932260692,834.9005275943198,887.8078122822421,14922.41043649704,770.3020098697658,611.8359691248738,0.22256322948785118,7.802618375015685,6.831654518504815,0,yes
295.14092740537546,139.20238683210707,395.6017983552203,248.2539553482806,1,49.64546067602506,744.1152619513844,19597.87565382156,970.3214121262175,525.69838620976,448.58894495729294,800.1324472119807,11441.051470117636,585.1570951928584,605.1298142265492,0.2318863996639785,10.08354433069192,5.333913663066982,0,yes
282.842961434616,191.14481293426513,188.61467364003283,211.88529236291873,1,78.35613327576435,855.0231180599152,17462.90447661963,984.2699149355147,274.18161002448545,640.6559969457319,872.6195456335142,12855.482326432264,417.6697778546398,678.7813867356258,0.20604336685955177,9.042748841224217,5.863159169615682,0,yes
257.87278429009643,398.8453073781576,209.2595311207342,246.88889350252535,1,37.14938541883609,919.2873970107592,16226.506654783674,964.2686139916758,510.37662008393556,475.4110133720087,914.0515521699106,13648.47961166318,418.5200389832979,782.6682027936839,0.2919126789401159,8.43634771820548,6.220800881318262,0,yes
206.35442308853067,190.54254937235578,311.5170793267747,297.85415872006274,4,44.1468893601965,657.693282595126,18717.512625361487,909.6253721986952,819.9109567116747,123.76689924817447,895.7931203120288,10209.328099211336,799.3957389515989,658.1329165323331,0.2456069345922806,9.616021120012899,4.9678961541746,0,yes
245.76682033888483,215.0188221786883,257.6172958898554,297.9590252257634,0,64.57694407847461,953.893813515244,18460.3508014041,936.8889602708634,917.8576279478016,70.04423913729966,775.5966251916356,12656.16592327613,789.816260819915,659.9827845713158,0.23618437118994556,9.557416711802611,5.901065814821476,0,yes
267.9094775573543,338.60756325060504,255.80250890751682,298.648252050114,0,45.32337553843747,617.8890746009251,17359.227185909094,999.0062736803698,684.4050141431479,290.8499242769334,723.5781433373096,12708.156414207097,737.2522683904612,628.5467239858958,0.2857752868834728,8.940504121777508,5.874161739708729,0,yes
208.52148337847115,370.3637127282831,170.83071879001835,238.6831723244061,1,35.87138381485255,950.0568499553312,18453.88669776528,917.6585648300115,623.7983700261692,353.4973270513343,981.7488330343401,13042.98871626581,380.57257240574927,726.7534763284976,0.2647973156043122,9.550670821706477,5.9818920881036695,0,yes
250.69099182556073,391.55366685052394,149.24065314739545,217.7746100870371,1,38.554547051795815,753.303706222714,17806.53649113803,966.7676052111707,533.2403677326326,422.30066876327123,840.1202838732972,13697.23672596918,830.4162296577664,616.3933369226216,0.27043771825470414,9.189419073794314,6.349369191112296,0,yes
236.88047780602204,279.5560108774113,355.49728642914044,225.9085186796088,4,31.420210441464125,676.641109593965,15134.123624061423,954.5644579448633,881.8530590760183,115.44294549586948,903.2029121334956,11537.483842934489,136.7603670393268,684.9747702200636,0.27787442553560987,7.834635292649925,5.24800136723615,0,yes
235.6610920158164,251.00729954350325,230.35563782237352,269.77289046062685,1,73.87585892261762,909.894822389907,19741.578620902892,985.9676602412828,718.7605274423032,233.65437903622535,946.3889207713771,10079.990253556043,700.7212961265961,718.0585511878784,0.24338207883658622,10.194744342993356,4.906024852906264,0,yes
257.1520985070407,286.14285158944153,387.2038009560489,266.50936966666484,4,77.50780372756584,623.8944273567369,15357.36527140841,988.2889245424233,654.1337644418551,318.4286398162732,877.4934170408471,11047.53635815099,290.84671206741143,747.3856055773373,0.3033267883406575,7.93939297480001,5.108201211903919,0,yes
265.8230940634936,274.51650445164705,150.97871149679455,281.38976149613836,0,27.79942879936595,834.4545668530598,17352.470404147374,952.9899760326242,310.7518046922928,594.3376689188634,750.3592320762123,13049.32803737778,555.4070854138422,617.0661813213884,0.23325595134259086,8.978587189971508,5.937471370642626,0,yes
249.53521205925165,340.9380912738878,225.2203094797319,261.52744404629055,0,70.82209904998773,812.7653912834617,18044.48028533216,966.8241849332521,626.8569892302366,321.9096619583927,746.2857590672801,12489.883130543258,300.0859254469734,789.4500942318753,0.274047938178583,9.321637972335848,5.638678960926423,0,yes
253.44609472345184,363.12736230206036,139.1417443584518,285.95261241061564,1,69.790967136306,776.9570161694636,19866.456087744653,918.1696320109244,796.0386734227886,173.70928006207362,933.5595755667094,12191.01774504214,126.68897341274868,722.9185547335273,0.2749578648374189,10.217955004883121,5.518723729694741,0,yes
221.77817753451282,329.7964474280378,364.0206852391773,293.05393022868145,1,70.84513265624801,996.3168000767013,15605.300646590586,900.6858867659789,881.2147844436507,22.388470807417093,718.9805983770735,13302.197930696235,265.78640027028814,608.0165511857645,0.30415228646441156,8.134715141655816,5.908836526234849,0,yes
202.18918375058007,357.1632914108443,395.27505930503435,220.15167543573895,0,67.4331266393402,735.8518895537471,16334.103319116935,955.3133893387565,697.0836980052966,275.17814058351314,874.7749947143984,11751.289061143414,556.1696786553618,768.9836874625046,0.2998678967858791,8.447760858602726,5.497576692982138,0,yes
201.9761444816227,109.24986553657911,391.18855551634954,255.14814727091388,4,51.358860088199634,795.0975328860335,18700.236594317183,966.3870131107967,654.5483035665621,263.9588523567977,874.6196299983496,14541.963342417755,750.9198932897971,755.3445330750923,0.22083698085563033,9.645508986028712,6.6824802783314645,0,yes
207.2231217233193,219.69757006454006,206.79103047798904,258.52775593158316,4,79.22324037493061,911.7890126140392,17171.91611644633,982.5242431157899,237.09211010305944,675.315629837088,967.7430144772184,12002.131023824975,561.5712292290856,785.9365235140253,0.23297760312746574,8.90986728005504,5.631302476420624,0,yes
297.0058752805891,322.12433246425553,389.3065168829105,208.86403610036416,1,96.78154063582141,738.265195358997,18375.496578800146,922.9794743758086,413.5261830477694,583.0301635761143,845.9283514575667,14107.706948684168,215.06695012754076,699.4266405688987,0.3020810710516478,9.464552494713951,6.286305464266725,0,yes
290.7287094524717,321.14354778870245,260.68675827766145,214.29739588351745,4,98.44761633592124,833.8438547683896,18255.90996763041,910.7395023224287,832.9326246901359,150.26985740827513,825.5352715291078,12191.40012764751,657.3089678661411,716.7100448356423,0.2884654659180809,9.424378044896468,5.688953879490961,0,yes
237.12519877096366,373.4463974866974,186.47287602231404,263.2922365209367,1,30.282603571610505,647.2510307421846,19686.95594158426,949.6399942963437,91.26664274358527,830.7975666414171,911.103544223313,13049.954746608362,420.42470505334285,710.1624572524247,0.2769903960003981,10.103944221726191,5.962569170629616,0,yes
214.12339941024408,397.3744012379583,390.7559957296874,264.90428933939234,1,81.78341708495658,623.9744190978456,16161.11797745664,980.1440891022668,49.31789479654777,889.0450000716227,778.8570661824117,10544.621223114613,877.6588494639475,626.1466858094245,0.33130948679289596,8.340158785635523,5.08162670715286,0,yes
230.0987655314602,257.78085346508186,377.3959081520363,237.69732430478598,0,32.47776270297044,836.7103019493297,19760.37515259087,927.8643401926773,86.80398419598642,831.7698063334551,846.5606039842769,11287.129080072045,254.38656614927925,671.8195010908798,0.2591779399678017,10.179596245555663,5.159676266465318,0,yes
203.15063993819007,215.7652982428686,101.51819527123116,240.31417330846136,4,34.205524742920936,761.3165200772974,17590.522555201132,910.9997879998601,642.3514200213839,276.11536241113765,963.9982139544459,11252.636407543248,653.1633410431666,639.7979619757931,0.20053453151824713,9.075533872179506,5.348150574411885,0,yes
218.21985125908003,370.08055909484693,259.0433450090639,229.89278311710765,0,20.10339714912635,622.7140699963027,15083.601991607584,929.8723159487724,350.59143543671,555.960717237148,743.0045554462929,14676.894658014284,521.8414600891845,799.7285177362425,0.2758111071034865,7.794204311008754,6.596466592954864,0,yes
281.22006671444257,190.10206951407392,234.44772700557206,244.44653178341122,4,77.24493640350423,852.9902263815383,16448.74743732768,949.0256895268748,617.9707165215456,317.01364827665634,816.4165628467368,11923.793576211896,898.1007465747874,702.8083132285908,0.23295985907692524,8.530348453097321,5.6660990987073045,0,yes
287.51790733376976,385.79161534665724,310.7962888297724,287.9708859022598,4,76.47943205333598,788.9544568660145,19099.768887581697,948.27392726223,786.6703534563205,160.57335123703785,905.9761121236965,10735.151356500985,758.6281733648664,672.36083894111,0.3359117687361412,9.84141033065649,5.1683500678254415,0,yes
236.9178279697499,128.69797941264318,126.34034789951099,267.919935840054,0,85.3308137815993,737.1328759805789,18829.53711247335,971.8692369300063,212.34005051687151,714.6374674235818,937.0665374955727,10092.060255499702,527.4634483599983,752.7298710231082,0.1708838756980154,9.698044348898039,4.838926637276099,0,yes
234.41230229407935,108.68804094455118,349.62489111724074,276.4244791128409,4,87.04283989624857,816.2693386242029,19110.279685975973,966.0623565662546,180.64038723565417,742.1898161342932,779.630275037133,13724.572666041688,552.060362828141,671.7093808199638,0.22513642914464602,9.855216637147649,6.2275188609674474,0,yes
272.8101143855084,313.9427835470933,259.9055954176905,238.02048237511005,1,72.960763709156,678.3869325698628,16227.511676525057,935.041566015885,533.3802266405636,450.99920944682333,875.0302462210417,13187.289765641544,540.5942931220425,677.6663329970468,0.27269897252473513,8.379029212473151,6.055435269179366,0,yes
200.3973375893572,192.71751244172447,160.11396465855486,282.8726243400129,0,81.92657537323296,748.5209378129745,16333.116699914866,962.6852219201014,177.45046591763239,726.8441120296098,931.3435109211291,10463.95756387211,293.9884032015385,723.9594942209806,0.20119778965222357,8.45108642173862,4.885089241381892,0,yes
279.22340355877816,265.4112910295796,227.4736189910895,218.3962289686168,4,86.73942879549942,781.0434262018921,17060.600390105945,993.2882153451047,486.74888605580367,510.31643803694664,802.0926954616151,12652.281504047603,268.51701190011363,683.2596083619276,0.2574197087568264,8.826281568046774,5.70592116864904,0,yes
214.13056536595298,124.92936531316063,371.50234830312655,222.3644723496368,4,88.36602770157856,724.1642319256614,17821.69451263541,925.339561007672,171.080842991477,731.6005392191519,783.09214155036,14818.509321737149,209.8058160516157,695.7298072997357,0.22280147084393181,9.184859710861344,6.529986479482731,0,yes
266.3459021545603,383.6916731568856,201.3618098152303,227.80905381357778,1,57.757676925423034,739.5590372019021,16351.817917647131,974.8558898699374,283.0955436669754,712.530202286536,942.6224799047793,10556.157714538396,599.0678287962952,764.4409386761315,0.28411802851683265,8.46013395533103,5.066452548756805,0,yes
254.1991891832992,305.4914615650277,126.89285381500771,233.4656529899931,4,26.74332694666319,821.3859287960187,15580.28762453504,943.1787488196495,325.33551359128205,657.0426510709743,751.3326705228724,12043.446292194392,609.147516391481,750.142371016624,0.2456407229506199,8.08821575147438,5.585145058761564,0,yes
299.6833154218116,273.83188408137596,268.5557194197072,207.06940238209847,4,81.17595034613174,879.5164759067934,15268.196219909823,979.5135889832285,557.2878927490456,353.60883489182686,833.9589657466413,10664.15955933169,573.8497934801181,729.2242055596712,0.2686318422508215,7.950266727091304,5.039758998854332,0,yes
206.6690896094963,164.14818927852195,120.6186684434561,281.1421791454746,1,25.482975606889127,655.8500745283511,17650.76563587041,923.7537742664994,633.1002642485973,361.63514839084587,739.0950035236383,10413.140130934975,108.36366319350805,795.0110934535502,0.17922115763958357,9.08417589194131,4.735510937286055,0,yes
228.60706355313133,325.8565718702491,382.05412887697315,220.4843930423526,0,23.362591208465435,767.1029005768713,19966.14081952359,967.7310665857453,481.47045259724064,507.5364016051118,748.6632465324699,10037.34603754727,414.81101319818566,772.4640482338318,0.28256332069876516,10.27241563809427,4.707792664103246,0,yes
234.02843655778264,354.5773819353801,153.31339106607788,272.1454316916509,4,20.160658278086263,639.7630282494183,17793.771089525842,919.6792501844809,220.56015587238625,765.3567407933685,701.9105022815444,13768.143413067612,367.8712530704224,634.7014377750975,0.27491819978816034,9.151608382053743,6.144017245025757,0,yes
283.84698767198694,184.04003706531145,211.90626293262045,269.88072793715264,4,89.72333479665109,833.1669122087715,18661.327498326176,927.0554595291709,556.2974552598782,430.43739452132763,877.9599869595867,12032.394391573496,495.0877897437028,770.7072168235834,0.23301547855219878,9.629166005655978,5.589092270074734,0,yes
246.8538439739697,229.81799676375138,116.55281689912749,281.07963403911725,0,90.75791112576832,934.591268772715,19007.349822321525,942.4620596389858,283.0188717479773,626.2069152108605,838.6262525766118,12632.017702268886,211.65252147791654,798.9493053200858,0.2139446630529753,9.827260881697093,5.69294941617421,0,yes
204.0546262884144,339.22691224030063,100.66140605371379,218.99391224553858,4,76.67727678865494,813.3571568434193,16844.77265793461,941.7428406243097,292.4429902884718,634.6136755687435,887.4552456640303,13563.131297142792,283.86991985088935,678.9799326433532,0.25093668787056567,8.71846355142689,6.1003307720246625,0,yes
241.25515040032172,271.034942104598,312.51838501371293,213.03922568921678,4,34.96852628384705,666.7998899334531,19142.284885021345,996.0660848933211,771.137218306149,196.9655224061645,947.9878047362618,10765.072536517431,341.89006006311035,672.8973751917323,0.2642951525326048,9.842297537351552,5.033372090617319,0,yes
226.01002708356634,201.62535102478955,359.09406195439544,280.0133983955868,1,41.68258107426742,879.6835241569099,16310.012634806877,983.2851012059073,352.4495190011278,563.6924426483755,944.7937481781637,11226.696768733596,561.0522649635598,754.7081270178033,0.2461590013993921,8.471734746176574,5.308088260373922,0,yes
269.86056385693786,270.7277525745709,349.2559912974864,225.74387265154547,0,99.9833455757769,801.5173894175608,19939.716269159617,914.2394726891564,706.1784888482454,282.6324870589219,852.097398772855,14487.066744377891,678.460950202257,613.9476578094242,0.26985264504405926,10.259521535272745,6.613587294385878,0,yes
208.3317968187279,240.2753331792535,346.0053577119028,244.11527612692305,1,49.768503994274276,679.417996274721,19557.706290897368,908.0980834918412,104.18140317607624,820.0217244437159,982.0839998820327,13101.433987995084,738.455035831459,674.7236459966553,0.2506060555895806,10.040666296687554,6.134386899455752,0,yes
236.7455992123208,216.23030308950098,369.767739610138,222.2395288903854,1,69.20823678367424,954.0094141572372,15711.183590656112,907.897802953585,385.1860751015665,536.5360181834349,832.7607193745594,13869.86145047877,165.03053396516796,765.468690044701,0.2473972174942461,8.178892560919131,6.164327643918053,0,yes
213.89036869735568,336.04913876874355,261.84498254747655,264.7462591539572,0,93.93966333003654,702.0282349098303,16279.474052557489,982.1305105651497,412.8004483559136,553.2459009884824,963.5400486089864,14265.197068323927,204.75424309760405,600.4250960270944,0.2784649221478896,8.416690519829196,6.375022789397862,0,yes
291.5776793721841,189.8326832350994,253.0266164706851,270.9559253039774,1,37.67507515628394,625.9083604003117,15234.458701930937,923.94487613337,152.71334250850398,837.5619752450834,835.1128738747153,11897.43108597085,587.3629112537049,688.0828557139242,0.2262077521220139,7.869516311587026,5.544420432994289,0,yes
227.88330941200195,379.3180285875586,393.0177134046587,252.27495278642738,0,56.57656642563956,790.9488873538169,15208.369312346438,921.2034698658141,733.259097235718,235.15732048853283,898.1199870824896,11247.599418677768,578.1389011542462,777.6716702023377,0.31658180065383207,7.892442196800563,5.314854278627799,0,yes
287.0182976390922,118.64419389518375,371.88278238752866,257.44182122425525,0,29.322923221710376,647.9252721118095,16029.739815189309,905.2980146913773,590.9586812331614,399.43991355834737,985.6754673136238,11424.036300727917,775.0542072177801,719.945960974688,0.21317338176799555,8.269409888471088,5.49458768034879,0,yes
211.8265504865502,353.44952720524384,111.59453930271943,277.4885869577322,0,27.8914925063702,909.3882496401561,15063.733095131422,931.3768024940524,995.1852674319911,3.862477452233975,831.0705555222787,13049.667265017422,714.939593953285,744.4146458126429,0.24935974758095944,7.848184082009291,6.063396044518461,0,yes
233.9709893903377,104.29489808398456,209.50092158057498,267.1208494345935,1,94.71651572522703,671.1647604359605,19487.961124407753,982.0227854774987,590.1109384934776,399.0534562398825,927.4744099534912,14352.74241948111,655.0263542951734,657.0728678457309,0.1824029833475933,10.014144720737104,6.586324780941011,0,yes
254.16231032409462,285.8996062808633,226.1973799325048,289.0676394727774,4,75.97830226877403,961.8080339698499,19083.284492586892,955.8018766980401,565.899668296039,363.76797954421113,934.4285694566042,11640.752432097965,253.4530859992765,614.1861184637496,0.27496940340117443,9.873300528637118,5.3298715125248455,0,yes
263.80519133026985,261.7478818223202,349.6265850282996,219.87092316539767,0,60.92407883699388,630.4188239484463,18187.769074719097,929.8181361712338,381.2368841724824,520.6201407382597,931.8432726592653,10944.884525267416,592.2461276771783,787.3937165931497,0.2594823814797983,9.347958285171094,5.2050690784562335,0,yes
259.0686444501226,217.73646387944757,329.9563217532187,217.16735073990543,1,99.2416597606138,889.1673442718503,17341.28717163141,991.8339218893775,522.5102628471344,413.0547805190772,859.9710550460327,11731.022760844628,819.945970186909,714.8280750521291,0.2456220383194816,8.99070459727477,5.5768182063043445,0,yes
256.7845105609524,269.25790790012877,105.38452210185682,253.18142500278998,0,79.13845995117697,621.6920375055876,16896.249893987275,965.6982956097041,530.6776809212075,370.92690916451227,885.4090790198046,13566.36684268326,389.6516750935142,677.3956962488177,0.22170190976570245,8.705231884791772,6.1394332759459935,0,yes
242.17131561676788,348.7629589856421,272.959036458985,279.1167115785062,0,87.09565468214046,627.6936923544001,15768.936691094907,999.3586544826748,200.650499265766,721.7685838738241,809.3473817792778,11042.175692198749,283.5641474955281,673.0624374298222,0.29135882543453556,8.147541958754585,5.059170018024786,0,yes
250.60702693426174,381.8876332348147,208.32040519225498,237.6496921108322,1,43.078260049972144,726.6869220933495,15578.703611857376,996.5715290161776,82.29996153656437,855.7841638721903,726.716410968497,14421.555469296149,293.2766109552862,662.636111361245,0.28292021470426304,8.073740903891906,6.382531621017157,0,yes
224.32175620586165,360.16188971477027,184.05941123578108,280.8760834829059,4,73.04803598054937,924.1234168826427,18640.718110059042,955.0567352619154,38.943439957543305,931.3550097726959,811.5742810452442,10211.749874293271,304.5864319748665,693.7586294537163,0.29046881589341533,9.643286666921227,4.7456054712900215,0,yes
262.5294796029367,170.1333921250191,238.42434594402195,234.27075577398665,1,44.80137404673201,749.4773895264506,15542.978774815936,916.7914168613617,721.5850345447992,214.4478227316347,713.1931279014333,11918.431685488214,382.4619614558101,699.0831760206869,0.20528809077659912,8.049928584233982,5.416061712658835,0,yes
221.60839197820314,259.52415102311363,112.80164150506276,274.71690943899097,4,80.07931117357884,617.539627357785,19556.785626427798,906.689233431289,671.2218475560928,256.4960803225565,704.002418738656,14661.23064561449,637.8975414102746,695.0227846426789,0.23527176962088275,10.026500339139615,6.610003912005344,0,yes
241.01587161710071,114.1961764323642,252.02878050900716,201.05961904363937,4,68.22466642383618,997.4631037949439,18856.469382922885,977.582765925963,676.6957859474172,287.41373313829854,778.3528784574773,12111.2703594909,625.6057972786155,609.8210050053129,0.19121578827663288,9.771121057201155,5.608675097613326,0,yes
242.18299656929142,257.38001479772913,277.93299986794113,209.77255963063504,1,50.771896267704946,743.3678954672936,15309.817442565285,920.5465974920206,860.9865640164434,129.74035611101078,777.022366291789,12740.558937438513,244.8040635032327,753.7962567795612,0.2413663173098659,7.932508811192473,5.7301711238759525,0,yes
262.9184286100343,106.03045513171566,204.20142972140056,210.7919755504384,1,64.21483415574741,984.4947227235056,17349.894262167923,993.6559769410876,236.84589587811843,715.4690066984845,900.0543104944054,10901.36290988257,255.56779495105565,624.7144524815781,0.17059607838294785,9.017062720527475,5.025696220878721,0,yes
265.1166285177102,205.74974046066552,205.26743692820423,221.3192327960827,0,44.309248898526334,614.8920280959212,18566.465361980623,951.6674697347863,260.3292100311483,666.0235006805317,788.9294769772836,10488.281627542949,168.0378039348996,705.0880497122992,0.20657844367966094,9.536927013939879,4.787992305890656,0,yes
225.9990674582449,333.5284500182112,341.85804710950026,263.08433874326016,4,74.90420489719257,820.6405832033372,15084.174982315782,998.4657477430367,420.17253836677054,501.6404235689925,898.8572052873537,12963.498347629775,694.7233368790625,783.7017062811154,0.3082620326702643,7.847628844411565,6.042543005917515,0,yes
281.5036307923974,394.6325469783179,315.00145732433293,298.98660582617765,0,22.589201306207308,942.3355938931189,16505.66897605554,985.7736780575848,493.4821294564809,500.73519140279956,965.0658738441772,10554.471708636225,680.1956017333298,706.5882646940704,0.3189566240356778,8.584166342493937,5.0993385035154875,0,yes
286.85347243801226,309.6345385965752,268.3073938414934,251.2559881006192,0,22.51010149944677,777.8391604570379,15865.544440341897,997.7097994061023,2.4410265069516774,962.6064923819738,779.0743677402887,14566.755314217851,167.84051241819753,699.517634240224,0.2667402120362494,8.228654318312941,6.419944015557645,0,yes
214.16917389630373,331.48664203466785,135.9445938277069,250.08827660353444,1,64.16239141765412,795.5633431799167,17919.239970950413,962.0395981475513,278.74568922316604,703.9194493722785,872.8512682913083,14296.671422738702,864.714598710662,674.6129748598476,0.2488191852613925,9.254514911745902,6.627325544648835,0,yes
252.2522879325507,106.8540987407648,146.16698641875982,271.7521234300052,4,51.615370345892885,794.9448343573899,16716.416802457,925.2235288409903,469.4246880258442,433.45986338985034,964.2721044627972,10622.327953931164,162.158365872199,647.1115600762765,0.1805776913184488,8.647907187048196,4.898564845366619,0,yes
222.2426770511734,284.9831312442035,237.06933731540516,269.35227686442704,0,96.08501846410965,898.7211116447271,16523.443524217368,917.0970882139569,576.2084532452602,355.64993244742243,826.797253625024,14187.591673017525,559.8329554099287,743.4033371352905,0.25532895134843153,8.573660143863592,6.445408856402244,0,yes
268.33994841931263,216.34705510278474,139.3124834933957,264.1477577733298,0,63.29314742337139,802.0216183318009,17224.134714349766,921.6574799352315,459.75623768818,526.9893400621942,933.403693096471,11631.859839467457,421.4815862844488,652.9734305646739,0.20898627148884721,8.902857565625952,5.406052731731064,0,yes
272.06946054628224,370.91067817726093,194.72266776165134,237.40248664057722,4,33.318224853627754,972.5109345089147,15998.503700354198,921.2368089063914,297.00575196080666,649.2222171347962,762.922296625601,11599.753143682618,723.4166774110693,611.5141496864048,0.2892491057884551,8.328627879508064,5.434778921097389,0,yes
273.550809894584,362.2381437004445,265.74459273282605,209.6650987509295,1,41.77842505785679,636.3711049427278,16977.268042118543,986.2532400424205,758.154958452026,151.68343257423567,861.6558209272405,12081.61380655638,789.5944421837138,608.9003211098866,0.28368781405463167,8.75178052502851,5.6881621114059175,0,yes
255.86367756211843,345.41177944750234,251.6189517311534,274.07471961339854,1,23.97852496185207,938.3609430850221,19151.30338973653,905.4603772478223,160.7202876806475,838.1586383553878,778.7570562554538,10421.31894810991,220.55445991592055,707.8179657186753,0.2825389399165456,9.895034943980141,4.788507013637818,0,yes
202.9323360627655,252.77300436206528,390.58545253399456,275.8508384758305,0,85.01940345684501,671.1888993114541,17129.28654725484,993.9448915747158,561.7158953800056,416.551917953645,962.2826767567271,13626.603139917219,756.3135513698066,718.1163801285923,0.27061868987751153,8.836465032378728,6.356838983190741,0,yes
277.09107809877696,199.68682820983196,351.0892717643105,295.59227419143286,4,73.72377192741493,777.2728200436165,15093.054381421378,934.7354384684047,1.0388917924703431,923.5081531321334,967.4979445065367,11822.711029602513,497.31044650477844,611.2499391069605,0.26938561312865705,7.833592931504638,5.5123413544467885,0,yes
223.7237433519623,232.48222970638642,158.12636987307678,227.69205356376705,0,81.48528956357363,691.7285260833523,15244.194446494808,910.3917906316198,982.2404736052993,2.796471767589651,730.0726026614501,11583.060698602796,696.7081183863648,687.6040755873883,0.20855889782180298,7.886925186638904,5.419605238199085,0,yes
267.0980143724629,371.76589295122886,252.48656922304704,292.1512393694369,1,84.26348524161531,657.3538998532636,18790.06419691959,904.898403065811,263.2287460721983,640.5065142432508,919.3181335543729,12760.331756653346,575.1872234277591,662.5687237944888,0.30586878096792225,9.651577699740452,5.903139310369885,0,yes
296.4190550130886,231.68996527744804,108.88246197765993,235.62169992687242,4,91.37067346065717,924.6050956417516,17801.039608353756,999.3060429172635,507.844924601236,400.3673793315405,799.6146446123098,11411.489880820698,349.7766837475958,635.4900136937122,0.2264191154118467,9.229676784898366,5.22261938416483,0,yes
281.9251630391016,341.53291087747135,360.97155037831055,283.7721229985654,0,28.99646015774256,937.7773209602345,17089.541987461023,904.9975708341295,198.12936904595458,757.8001954028227,775.8279187994568,13055.907241450343,149.4048477392373,728.9650198704176,0.30472649306991934,8.86395761973775,5.80956839373313,0,yes
292.6808350937795,287.8414592751054,139.43386390060363,277.01786575271103,1,58.9986514108015,736.6022186332633,16640.48918909315,993.5243766711154,619.8162845871249,324.7124057367038,755.1487365823541,10643.195787656185,324.9024805290151,683.2929809139257,0.24672512860343018,8.60640113186826,4.898811443069155,0,yes
210.44538497448963,294.73720708013013,133.11338190952762,223.09683694502718,0,88.6732854685644,627.0271038659209,18231.156783343373,983.8425326215419,149.84955265991783,758.8133692527038,757.7641612373,12468.289686071163,474.25266671779633,785.104514245563,0.22676676884280386,9.376354838667694,5.698224490095469,0,yes
257.3183902773229,135.454015507034,199.18825465713678,227.98308450938117,1,30.95197025130963,873.2369740102606,19787.722696597448,988.6552164902396,432.5833091785241,515.1759801524684,805.1253835999325,12273.653053567657,802.9953888118745,717.3527854765201,0.17991174011151914,10.209875798552984,5.7671604169581885,0,yes
244.16716794115467,384.53782941459286,165.25303874297586,275.32285745051007,0,85.48512807256203,801.8238094828603,19382.10948580343,926.5727458665773,480.4857223564188,442.2887752274428,779.1699095122362,12700.13011123797,477.8784171559705,760.3127815248185,0.2834185453191697,9.98247358015811,5.799595339830517,0,yes
287.9497317664715,380.33849843266773,310.59607175067396,273.59873993031306,0,71.68981721540106,659.9348646188471,15893.808282367145,925.7001305960645,959.4865684217494,21.43501942676096,805.3027926878118,10343.418095700024,738.0869611892759,790.9970751882711,0.3142685528289542,8.206856792375106,4.983543060382868,0,yes
246.59742059437878,372.1533994048751,347.3987989550602,210.0768833200713,4,32.692958302232725,793.6526764968623,16771.395156255337,997.6671178445116,323.15270795709773,673.7137902067809,979.026059809453,14675.304155766524,848.3543507802094,680.3978186018403,0.31151544859071056,8.685096037526032,6.817434262905243,0,yes
242.39548726760066,385.4689681967839,104.82318327480209,247.85993147506485,4,20.17906627073563,768.1022141870765,18241.671417521888,937.8364128640707,179.4007749537669,810.7302300397638,953.2430488900652,12939.899105360222,566.6156236874035,786.0933421085053,0.27377935183779234,9.406288422479989,6.01334311331058,0,yes
213.5241114853381,205.89350419056217,235.50036707993297,261.834195794415,4,93.98968628178507,859.8845852068689,16558.6490409285,930.0166451738539,510.10634398275243,488.00514934182644,992.1305707544809,13827.710058330931,333.53484881938317,616.0398310697861,0.23651139077803687,8.58424342350796,6.269450829912088,0,yes
292.86770958758245,294.9940479815276,160.59722816444588,223.9757357605292,1,74.10115614686018,629.9250690971131,16013.22345687219,965.1684196613128,412.72877287093974,524.4187659753807,850.96879127788,11136.345529053382,600.015165014806,660.071554057102,0.24513276417077853,8.265438287777384,5.240378896499171,0,yes
235.13155080638074,279.46182915591953,194.7749182907923,254.6054839977636,0,81.34037144101153,748.7812109520944,18163.011043173858,941.2153215959322,844.7723810314232,58.340449930432214,775.517732858757,10174.083856093139,433.6518442066822,653.8520139634467,0.24148593268113003,9.363136774451645,4.753277385923046,0,yes
264.30234826546234,177.54214328729762,138.22258651160956,294.32432756260556,0,68.23894396343476,816.2375150985423,15219.392763360636,922.2049959899379,22.806249901793176,947.8875263611504,950.6222584653586,11499.42666415724,364.28513010087596,710.2501437037772,0.19939246567971186,7.903739865578605,5.342406004425005,0,yes
228.032175846358,150.81057317152846,206.06993537777083,290.5374722675478,0,64.25186054630007,607.4876764776021,17334.929816418502,923.4583901539659,385.50473797258593,608.6366637103281,970.6628839776829,11958.3278997329,619.1868974319527,718.9921025533883,0.19642542405737942,8.915678736257968,5.640345331872607,0,yes
230.4089630291138,217.82128139968637,275.3869952820687,202.89925538790155,4,88.75754647173179,762.2818025800755,17801.106183441952,920.302078965392,575.8449257247562,341.67825271276786,811.4041430752021,11346.273894618134,622.1236998007658,729.0097939921756,0.23894697621652516,9.18231117987471,5.323769312851609,0,yes
287.31244069531107,342.7555844883899,294.78995223408253,290.66925846044035,1,91.86616112784505,888.2421801845117,17540.78707729363,931.2897443810396,56.657441806404506,899.9455086121029,953.7944076299639,12801.140434485618,293.683535608859,643.3702678339636,0.3059446421055632,9.081897515101726,5.825379826301019,0,yes
209.38124377441386,305.8175157824194,331.073831368716,271.0336980138781,1,35.037091415808334,985.3192670940624,18865.47836254588,938.4249511951948,234.5934901675204,708.0892409104613,811.5493702101547,14094.844151052239,853.257586147814,731.1592551987351,0.277501218777513,9.767423654702537,6.519441646843345,0,yes
287.6251786213056,235.061741997482,117.35789233608652,267.0626150236897,4,77.33945971950192,977.5243522503388,19416.77328707007,935.9641590960559,581.4619360869461,376.5204717712171,867.7387480272512,13801.824125574656,146.56947283520677,666.2542537941815,0.23287221403655775,10.040935295519702,6.135576350582254,0,yes
246.2606706051419,156.02119843979366,325.31297031245276,283.6876144661517,0,84.16058987350056,667.4909274130787,18435.390643230745,917.1859358681762,164.45704332001355,758.9507510542439,926.9413045163496,11432.53778837733,223.91611610822764,653.1352842694503,0.22579491077797667,9.478136518554287,5.236012494401542,0,yes
289.87661727129785,380.8537005996982,306.90981634733976,217.45764883481502,4,88.37617310615022,990.1897578768662,18634.81396225632,995.5085379562614,198.0615209228378,711.7781007847362,774.5721858734054,10659.080399386301,723.5848634822614,678.5117244749636,0.32085151007485097,9.661094973035711,5.067027389339706,0,yes
246.42467276353938,115.68419985860587,183.15855331102847,228.59821795664013,4,36.09274747225705,785.4215850568035,17729.495964885467,926.844178427209,884.2482747118175,29.979906140930098,975.0885699938406,14592.040677544774,786.4081317330218,725.1949768188207,0.18018942774896995,9.152545991310046,6.75230794920939,0,yes
223.4135582881966,351.9784965730739,379.61284168740633,205.19984416739408,0,50.66232332639076,617.119375895498,18596.370701424104,916.0026330769837,539.0976474845005,410.0745529570863,730.1976728550748,10353.35227830358,477.7898425760529,619.8094828284188,0.2922420572080734,9.547473255191473,4.826365224183022,0,yes
214.815481617088,122.99512256860689,124.6661263699844,214.68221399182517,1,55.971757625182555,881.7805383085836,17486.73006609608,920.1437872657654,673.4589193746745,230.2290266427574,996.0594206261908,14392.550506308391,633.3991813552433,619.2608406210829,0.15513762621264926,9.051879310246518,6.604332589190062,0,yes
231.12866340810945,389.5284008983485,339.8005613093442,224.7696229329438,0,90.57962696810068,678.850498847411,18427.83968703424,918.4602333237203,858.0938297883608,101.62734339288102,922.5332239766542,13557.126141910594,681.0960240349216,750.3422303594295,0.3092066791623781,9.47702406961777,6.284773688812749,0,yes
284.0523537430064,124.32171678408585,364.4500104961352,275.7305510566233,1,39.33467224889406,709.8473336331135,16002.621504116814,998.8939414998821,884.0833287367906,74.84107118992029,990.7854802506658,10064.364573607943,148.63762962013513,763.7638981273699,0.22249811657837765,8.282309611132197,4.703662546571571,0,yes
214.71327866390524,361.33781889060265,328.0104472915203,230.1534858647208,4,49.014633457116645,763.8572800689774,19306.899945318004,950.7712246416766,639.7958229529769,349.59923152345027,910.3606402198735,14279.582551639542,729.178028210832,638.8361069037211,0.3053504252931554,9.939737414621423,6.577518617669112,0,yes
250.58487850972517,334.10892201778415,389.3926837831916,247.54753574074599,1,57.56813294853532,651.6732835400222,19947.64984569815,990.4609072885238,174.98291932569134,750.3739543991466,855.0045428699618,10713.813625194056,522.3192321175478,633.9746762411928,0.30382126354375805,10.240894367523293,5.036867205962499,0,yes
268.770008689236,109.13813121361349,205.5040304701635,250.81900406931425,1,27.699332519551135,689.5593055200632,15622.10119545529,964.3860760046581,899.1030180485287,93.78181400334802,805.8148068547544,11254.502659442836,298.00066336440875,744.7883099038136,0.17625587883998378,8.082811716423372,5.1676464398960675,0,yes
264.77654826376755,394.8285480495446,100.34282138651018,250.25533037111364,1,66.8118014837681,949.3748374843503,17080.43901404367,931.3482883825368,722.398536197377,270.765672682522,732.7250762657345,14876.000168658491,555.0443195029662,733.6561103630179,0.2737978575837616,8.865664621458752,6.688388612748505,0,yes
241.41835258337966,122.59266827402251,348.32067843713,210.37107007000304,4,33.82906150415156,932.6950579374111,19962.075592709814,943.0919521235335,499.9565932277802,436.9460081554631,889.9459963398322,11264.07554513807,342.3084104454525,728.5054160336249,0.21142249140475797,10.304276924368352,5.212967989819132,0,yes
207.4215687173426,387.17716498761206,296.5499980347181,228.65592292173292,1,99.91849955766013,816.763640208546,16788.478057696524,962.4604644949718,674.6233621612081,243.71963237512966,761.2609228819875,11503.870107641382,160.20248411444732,648.6253344998977,0.30257462420091863,8.693929628170624,5.171503856334788,0,yes
244.95751910979436,133.74427707941575,290.19292557382323,276.3272360967354,4,79.65859511043772,962.0691653503549,19169.46794695533,946.4050772855519,648.7106700535041,330.1852825566614,827.8612559239228,12896.056769025281,341.98803292338494,754.8252202603265,0.22365720768449118,9.915159391348075,5.85007760985725,0,yes
245.88400539571845,153.26439308603443,270.9965958383324,201.7452792503111,0,40.089287516771634,655.9628036534573,19372.562816998106,950.9789418812489,594.3089527390161,305.92986637404647,752.6673375234692,11823.20444731817,826.9261694587218,699.0427611349626,0.19185246763078695,9.948835090912954,5.566646770384015,0,yes
241.62828663437517,141.42032451990417,269.63762029350687,209.3484004683061,0,21.57314131719449,934.2418591247401,19878.61324100635,961.38503238438,123.96896336111207,799.8956790296413,780.3280213414494,14714.937483595037,314.6151201057352,756.247253488654,0.18549869901072236,10.265416686791278,6.540284396507891,0,yes
261.72255645738744,162.74612326127217,308.30651716721593,299.53318017169045,0,22.628696159854186,748.7365367259351,15176.687260341923,999.7174492614797,134.8028594533219,791.9022053807068,850.2443587465798,10596.245341751453,681.4768125065827,738.3784893518879,0.22247338587630383,7.878044916425351,5.065533709815271,0,yes
259.7407090602394,242.57316935207893,271.15298934767077,221.69607943462265,0,50.97748484663831,802.486810395065,17340.49630857497,930.6447692605874,901.2328614617054,32.10358665874787,747.8915735925572,13907.433242163741,465.47123453771934,642.5755804576085,0.23471826751537989,8.96237290674676,6.250949460996649,0,yes
258.3785142182205,389.14821041555786,209.7379686814703,214.07003502799543,4,68.25535078798288,983.797903167597,18058.8009153564,911.829349819266,292.0071090722451,609.3121522258946,904.5281896587297,11174.316219791412,605.8705316463719,660.1372059815958,0.2975397214076436,9.36009262825802,5.2744419269664276,0,yes
291.6142715489732,271.6346357095872,290.2184268443843,200.78227936516942,1,90.81950959814623,907.6063589384951,16059.905873682628,943.9118241875383,472.3820012788625,473.638592803386,927.5936506896983,11356.618818741716,735.9868793527852,661.0657921704045,0.2590180065118448,8.347585337321755,5.414875896272322,0,yes
283.85164280867883,171.26754511436977,316.2074928082029,202.24040572547034,1,47.8090909772302,734.387815803809,18336.785870488,965.9364041988057,714.4856585178877,188.63438520596367,941.9188691163374,10009.14342230734,725.8928594023427,775.093769585414,0.21796961850671576,9.450242837325437,4.886791121018824,0,yes
234.42848649427043,206.2572039031447,260.358617762385,222.07330237237005,4,36.89000287751655,800.9710790154322,18803.06304318199,992.6378839996798,46.30112808944722,920.9280617774727,709.8851986073283,14503.329927301093,510.3673212578608,633.9538330790047,0.22913773812701757,9.701865058742193,6.495598311137652,0,yes
247.80451197176842,247.8009901875081,265.2002529867409,226.28721788307317,1,57.40792075167613,898.3561143858749,19174.588398068707,929.6062617332792,502.3489289294194,439.91554767017413,732.6283160090038,11481.981349598971,783.5905694260917,677.3647873509075,0.2398358603300414,9.900861721131932,5.407701619426671,0,yes
248.10191495512058,135.06257423775952,357.7620454575199,288.0231280090191,0,24.632924755836363,700.4826217253069,19975.70941623954,926.0938080090068,403.10193499583806,569.7438746570946,944.7281419828214,11501.249580311087,611.7060863242901,778.001160165788,0.21751828697757142,10.25675362416529,5.449040214626962,0,yes
200.51500917528168,245.58599235325727,360.41791861264704,281.021567433607,0,70.47110504875948,824.5422141459882,16672.602662960475,945.6799144268774,640.396578221768,358.8119359853115,725.8104941277861,13471.117249032335,792.0098924525728,609.4417131386845,0.2606102432096807,8.63542423848544,6.202967416921844,0,yes
230.6385182778112,296.4052439180482,299.3345559011428,247.80358101364527,1,72.23922285907355,749.635327804282,18406.489191778794,974.5634088330513,870.6410677445477,30.94332920988893,931.3046195484028,13781.552281365104,206.19123783301055,770.3989362309696,0.2701028505150843,9.489659365649416,6.182792809501663,0,yes
251.28985176423294,214.1341156756618,112.80369122419013,244.77779056261275,0,96.16091251092857,639.1412702214055,17751.10354352319,943.0977985027212,795.5492304546788,189.0033995649212,771.1777456740409,13466.460929700277,602.8002069772576,676.200053422679,0.20090133615181177,9.133348939879221,6.15027623716843,0,yes
230.1280779750453,185.2233392921601,219.4874696254499,294.8389859546902,1,32.38670234683758,936.6501883297676,15749.041133849132,971.5675590498432,516.3040959046464,441.32921149854906,719.2963488444198,13806.681722979072,436.04442097663457,668.515713179522,0.213993837581668,8.20258641850284,6.194181366509888,0,yes
264.07164199876627,188.15288136933953,135.63027400679263,294.87870119265193,0,63.00400762538931,791.3413429253369,17583.21329134026,978.1423355402335,727.4177150461657,248.96697088821963,922.4286385580069,14072.690018582938,812.3523213493235,742.8135295853099,0.20254185979213551,9.087783779174439,6.544760104747471,0,yes
239.83105067675763,396.6071421337141,279.9095858943737,290.44218137261873,4,81.67776852027613,680.6807237538611,17747.19503498232,995.5437539649683,896.5339275263325,10.790422079641075,872.3372177174149,13224.753872843217,571.6045767247906,656.8686739477005,0.329174613319963,9.147721542721925,6.068424353156141,0,yes
203.2759930047333,324.97372690101497,193.14263675866073,211.26291415371398,0,76.55011810002183,886.4532405702319,17187.049013566124,968.8306275678766,141.67597521172144,837.5725695803139,748.0526314650037,14543.760854300059,631.6903234966339,737.5360764772004,0.24607122415600124,8.909787256047334,6.5908689602151345,0,yes
217.42744619138114,168.5229036856694,139.04460717112931,226.61500204214437,0,55.62009390910046,871.1794887696648,17029.973948080595,971.8573530267512,841.8504350899569,83.03616497988708,730.9786070965381,11031.623821618745,307.9386882964794,740.8937306797478,0.17489653443041323,8.828212008275923,5.042648334945473,0,yes
219.98801472147318,167.13304459749605,296.3339826418518,233.46375755393538,0,66.89314007502607,833.5770236862855,19440.384133477295,995.2873501799427,325.8028145701845,642.9312907924128,738.6134000241686,13404.183841202925,283.70216099471594,674.6094486215318,0.20890865039984716,10.028193028202743,5.982303932375634,0,yes
214.90800254265147,232.0564471032081,151.69145372986208,252.97608808475857,1,66.52531970218547,760.4103075540426,17632.56492041507,974.192910166702,90.09709534378058,815.2687862170569,843.1779725241989,11740.295372270792,464.11852766504336,677.672214113608,0.21316436805797637,9.105034617484332,5.422448237449642,0,yes
213.38334264725245,203.15410677659327,381.61933622881736,247.01886597017463,0,64.67097260739025,710.8698406031698,19196.707277989437,940.9448212843627,78.54539648094976,846.9123984884197,785.0284824043872,11264.587269971413,215.07690366234584,797.5787617092327,0.24197197667171,9.871575002543919,5.127943391951193,0,yes
246.44657273706207,230.3361275872824,217.73935265471363,263.5844334808503,0,95.3052183906305,736.6456397329753,19481.842334975358,960.9007199958679,857.7418381693466,131.48018334084827,833.0304304066834,13662.279811484408,337.97349550075086,757.3270198487864,0.23141061465609572,10.022575616734343,6.15879147845166,0,yes
225.90585706742837,333.9583959706921,192.12541470537232,257.9259238103189,0,89.5966548868629,979.1760341755976,16246.92513305243,986.1012697548919,841.9456909921204,155.66027041518464,882.0834309053333,14248.908765492028,420.6129583356903,741.0143979582681,0.2632915735190827,8.46330370022154,6.445115479584197,0,yes
234.72294419150649,189.58634481241126,303.22365520102585,283.3886450644583,1,59.01386261245517,935.2541255205635,19472.59679730551,914.086524584274,615.0257753972112,368.899205010763,813.904191886981,11875.206621434278,239.59090396540122,606.4141566710033,0.23412348328568836,10.056148776115485,5.37635865737183,0,yes
295.80560635633765,346.34070317593887,372.6874268179394,224.14849468939076,0,48.75725421459049,801.0798615571479,16213.472761919671,949.8915369121189,689.6689112949894,223.93882128948906,760.6069650826148,11613.681545386728,315.5298630461916,787.0878236121407,0.30131036766023456,8.401189532446095,5.294969516106391,0,yes
206.26711414645405,337.7075211110117,176.30737377816007,275.6034918134758,0,39.62786444019001,844.335301937728,15245.328981273993,969.6061454115294,314.43694541457694,607.388231905106,953.3591785841531,13050.92361594501,663.4746940749171,600.6986181637533,0.2564018551472497,7.929527450690664,6.062688918511717,0,yes
232.00803522749595,280.91488188312917,197.60273825178302,294.12448856766764,1,59.836018819960906,907.8614208520614,16729.045431632654,973.0685257711915,422.5417133840773,508.8072722672557,978.3575172550245,12242.761089442662,651.9649617658216,674.1085532999685,0.2514382287620594,8.686230485920202,5.755729046876149,0,yes
210.63515482462614,102.14477361595749,183.66599746747914,254.64270331664432,4,65.48144298015384,640.9741142738661,16089.922193600425,996.0788114293388,34.234285675386715,959.9192725366935,912.90105198979,13224.922939039228,857.6003302178076,794.2533020959597,0.17925734836109566,8.3104741537684,6.229258983791299,0,yes
274.48730021191767,176.89406155721994,342.1336783379876,257.04242477128525,1,62.609625365408064,801.3163078008093,17229.487662403928,919.0195999654965,213.36545616798446,745.20685606613,870.1015374628377,14290.764101707504,393.56959394133213,684.8272203337067,0.23704046194986464,8.905015720864798,6.4334210979505535,0,yes
248.95144584799397,384.89146317015,313.69069793500637,216.2706970632034,1,77.81335345539136,647.7435362225536,18946.6081317257,983.9610846968478,497.6726843037517,499.5555885318462,745.8215641627728,12422.038948098885,719.7780018009644,703.6048238128241,0.30507723175788715,9.738614516672902,5.774524658663291,0,yes
277.245879077953,157.64992342434616,139.190715610087,289.2592453632502,0,76.04176757905465,932.9128537158892,15199.38306969595,922.8046037414392,821.2366062357561,174.04790678080144,776.5963885705477,10804.65867229897,354.55268441761496,689.6267435915208,0.19323558452894826,7.920198851278725,4.991679079398747,0,yes
220.64027980765172,168.30467519542032,365.53342660743186,270.94602756579076,1,75.9812946991371,776.7246944921714,19943.494964979676,921.7107959718281,506.36519646596196,397.02667165632647,754.5373936545781,11788.532187819881,491.7852677964054,759.7653906805632,0.23593863278521982,10.256907105404528,5.427945387212675,0,yes
264.1154172267443,225.8562439805427,350.7499488940226,239.05847450683908,0,27.34885118469453,860.521473472652,15964.097495958576,978.0809859471415,731.2243848485757,242.0135886988753,937.2741738590767,12385.371586911719,468.60196965982925,796.6838148988263,0.24500712484783432,8.2937282049281,5.7450174209627765,0,yes
251.49221684759243,138.89458941353303,376.1132395167837,298.8480791207067,4,46.450225635202756,629.1772814069715,16696.69678106239,964.6564777307226,221.55697138613908,698.5480624739416,782.3418931907518,13457.251829174667,781.4599996016982,723.5789430309878,0.24405699004823092,8.60694141781111,6.219903898788204,0,yes
264.3319256804345,327.8827348046493,207.30072540568557,256.996981024574,0,49.29119173728402,855.2744386411005,18632.975030901318,957.5424348592663,356.45905137229937,579.4237951302382,934.469225511474,12032.640302998707,339.7587449925536,754.1110143624196,0.2635007397871703,9.62414910698023,5.540442154305635,0,yes
262.1005278372289,326.46293115203616,320.33030527066296,271.94145899872774,4,30.673442143358372,695.9755044177533,16852.390371450765,922.6240857029082,356.01186977576737,551.3468217043026,942.7265446383286,13379.126675548645,534.18345347305,788.8232174857171,0.30190534673687885,8.693628256753945,6.160835639684159,0,yes
227.33066185844535,219.4181398749788,107.12195574472928,208.86355320267222,0,83.08766202785117,857.6735223291671,19876.38522542372,961.4017047494059,577.2054099303219,376.12767448584225,974.611437222313,11125.624095118506,507.78862024519873,646.1284618659987,0.190023715442476,10.246926722288977,5.249053134106786,0,yes
255.79111836064283,113.53977972465808,138.87516776234682,260.8157024356715,4,20.77026151165957,791.8811581992179,18983.13817387291,911.1679604155091,723.3926339841862,193.8878357192076,971.6543829834962,13882.695539414985,189.98875860474936,714.9723095693649,0.17617722035805566,9.778662837471597,6.227692944864901,0,yes
251.08301323958966,101.88581934245107,380.85727356172254,232.88702708673787,1,83.23589742939365,939.7930336196878,19739.957325505107,980.3414413230399,514.6548031843042,450.6750318262975,931.5097806745299,13700.042869952054,154.04918972239105,606.460098223944,0.20958292878072166,10.199976486661168,6.116554421515931,0,yes
227.02402729772393,241.43836807351065,116.21592491453197,261.7786067394345,0,68.61249037625865,839.752065138974,15964.61426350467,922.3933147630585,402.8946195250888,562.4054716154697,791.9478718179382,12702.230689485565,301.20333804646845,718.348716410368,0.2093748413672354,8.28165015291123,5.735151309458983,0,yes
275.49696854006396,364.3638547672266,309.00820587430144,232.03648963354163,1,56.90689002229356,900.8844200942042,17156.402970310734,976.9248839021485,509.84062603795064,430.18402035819304,913.3037524667941,11262.277972623546,666.4633837832237,647.0591143178841,0.2998130483807808,8.898856461147282,5.340953930175781,0,yes
247.16759577083198,208.37658944792923,113.2618976223487,212.72778971047495,0,52.42568116631922,793.8955438839957,18590.273197150826,998.9189118690322,745.1397437071516,170.94398740270776,930.407358239518,14392.628053512868,440.3226567869663,689.1355978579254,0.1862597470763187,9.594763074752432,6.511727153755525,0,yes
231.64885400127457,151.7112661875634,257.9347119762472,268.40364893013634,1,74.11433644106462,694.2702118259599,18119.433180880016,949.6291176824759,914.0864195919107,28.134476881587148,788.0550084254367,11743.963373969895,193.60651049617488,614.864413281684,0.2084286969027208,9.330479800280315,5.290478468768102,0,yes
294.9893770979665,124.09006996733864,394.3704593397501,283.0963870304259,1,88.29099789687712,753.4364326861629,18426.526559253412,983.7070667119232,89.48892479786926,879.1025816079832,823.032554062774,14757.298007595045,389.3724622025193,608.2476767518991,0.23740316425761063,9.501785225267408,6.5908780621174445,0,yes
265.3515039158342,328.0728698533171,183.871650758512,271.48140672986176,1,83.0576065352619,671.9533001534414,18292.3343485827,967.6166092564191,491.80797451777437,468.9536599358157,786.9819168609538,14284.19004183783,812.5901313879839,695.2705096527623,0.2701619661772571,9.414512723949628,6.56682956683407,0,yes
295.0126741847016,139.96855880844006,383.06186450571374,254.64037905972037,0,52.102242295141366,654.0900846593112,15568.556892817003,916.779890086829,112.5715775071974,873.8601011630105,831.1889389953927,13795.463414678958,320.3108715472481,658.9754828518193,0.227254717528859,8.041732951739798,6.1908836841205295,0,yes
253.41884970650074,398.8498726733923,233.44109830593206,282.3672966695298,1,84.57832081914934,828.4910137438334,19278.777303833715,922.8927137820692,320.2263023259626,633.9486227903647,940.8716831484353,14688.069396698782,447.07903243356515,661.4041280623568,0.30924556117011875,9.936271830770705,6.638370312948064,0,yes
294.1650909547759,366.04992920675943,281.8165484710893,277.5568171855639,0,75.564577652158,643.4006243741253,16379.483720642596,962.4258462076415,153.9912165837949,756.7903901189156,746.33632966167,10661.095224849052,132.61949884565718,607.3191936294652,0.3048636255584718,8.45112845211819,4.810959558689822,0,yes
291.8924190014752,163.79160795565576,315.4410950088959,241.41440148388006,0,50.57178488983743,876.4890969196522,18924.465858494466,904.6437877746158,96.53334508659788,858.4533715415707,941.3948626807112,11229.363406827546,835.8550993937889,728.2575607131627,0.22002676040793961,9.767432924259717,5.41953417796875,0,yes
264.67903688270474,133.25755294190677,105.86879789596398,207.93631403130118,0,89.21193872718591,642.4861894134654,17589.40354783387,959.393265395923,507.9676545751602,399.16194270241243,815.6099548121139,10573.565076045494,709.4363490480447,678.9698579111156,0.16061510013087255,9.055470777426317,5.043267360064277,0,yes
299.2939890152639,133.29969232589514,390.9958584955835,215.78383065446658,0,85.3011905924479,715.4477017934466,19154.00059419727,913.0205569091994,388.3558299663133,606.4010596244215,899.4709283208111,10516.244353219754,248.37438516905718,766.1290073700915,0.22311926686004319,9.847405859973868,4.893053492742682,0,yes
262.5414222795041,225.69961090010167,284.03699767296735,297.0560965355416,1,22.057275960683114,703.7268654594334,19963.694154504075,935.2847562669167,8.79929083211578,900.4336033409669,964.7626148071128,14346.676092016147,440.20232315148087,683.828662867133,0.2463372527199251,10.252719245826631,6.505405700513951,0,yes
287.4596707996125,129.1011314351138,233.7910210486727,217.78580758771156,1,73.04328312135162,810.8564948248229,18265.10993562612,921.0035096789933,150.48121004149968,813.2185165398494,869.214646619183,11287.608881604949,280.14505306733633,619.2508707355769,0.19135809017517977,9.425230123270735,5.178544675628555,0,yes
215.02010593048252,137.46098871828528,309.5357407785915,284.2174308514079,0,64.12117391646997,992.6664546997335,17723.12954687258,952.7466988523315,899.3052677397361,13.708646507200683,832.902276485951,11221.483695172377,525.8857770257791,651.3100665535352,0.2088552212837163,9.19991507992023,5.233102693611457,0,yes
201.9624131649045,151.70193025804846,311.0737907847333,283.6973139985039,4,81.07704115189276,925.9800546471428,18223.90033035131,978.0266496947283,537.319068637156,439.2191872290763,914.3943763177612,14922.212001253447,653.4800354973702,624.0257082459633,0.23123909521825514,9.438471312390197,6.802188301026739,0,yes
283.72040495972726,271.51720816062453,291.7137779997944,249.09608397586135,4,34.03082134342653,653.9170560963528,15137.11323040696,968.2524225038525,305.9362023321669,646.4079677247043,735.4940011671927,11221.010122477757,652.2546525864444,693.9306247416821,0.2727935354965113,7.833043710772633,5.255492233636129,0,yes
238.89933744349264,205.99907386011688,188.19759726194792,208.86286117579937,0,25.445640338007635,953.3010256606473,15834.465364688862,967.4359962147001,710.6839937143629,225.04161992239779,867.2293268748192,11854.641335585198,851.8963708574577,644.4013667590076,0.1950868543236841,8.248541749158884,5.632704600607316,0,yes
249.41061293290022,397.06941961106554,361.9222326135342,268.2967085966236,4,46.692859756143235,820.8481838905312,19903.29904115883,960.8770455779547,937.033697546668,58.782572651882674,932.9886723607872,10518.156547012251,744.9492940757353,641.7104187205542,0.33814573529106917,10.25203647998363,5.089574911272585,0,yes
241.38834013868743,172.89654980637553,100.81382699057838,254.4157144756435,0,99.90993284318822,912.6938410934433,17317.65492463557,981.6326070602943,502.88688110508184,412.45631992942486,818.1378989111064,12613.696228547253,778.6845936947703,650.7352758606385,0.1831557411337506,8.982819222249947,5.885444386989847,0,yes
227.2366863257438,262.5694544627755,222.62705954481032,283.6102669346525,4,98.60729811253353,985.0281709693409,15088.013670990975,968.8690053048913,926.139384407866,2.2419690611989154,945.5729171808044,11342.831946456767,732.8404060463976,759.5885868880052,0.26327458339225157,7.882814895436775,5.425893355310001,0,yes
277.45604666661745,107.15506152384576,397.0601991526939,298.8347548069248,1,58.37975866338383,739.2170782113958,17520.207859629656,929.6922273037405,738.047624892291,171.08819638914042,717.3563835719935,12459.357209065356,537.2480391939723,600.1592467392105,0.2283327813093319,9.0380378596612,5.6793662011868316,0,yes
254.67477336187852,160.1198121992889,319.14758332507483,212.39714780855957,4,24.669301250297853,698.797397225582,19556.906354573053,905.4972031779812,120.09359742401938,847.0469574285858,837.796065336616,14035.932078766195,605.1706815851443,709.9077597430785,0.22152880846337863,10.044166623633712,6.407696094743917,0,yes
241.33746314680792,244.20337298753486,252.34917089583547,250.78975609753755,0,28.81086397121627,856.9504009322811,19006.199335943566,933.2005670343758,80.88105519559087,836.3340018497214,933.8612273253166,10016.833967872377,570.9334203156977,693.148735445224,0.2323153189578642,9.80779351569458,4.815718861685831,0,yes
225.68092170957513,118.74938783180639,372.5623218242653,279.21550699647713,0,77.44957792017568,953.6898133733598,18495.947417034335,948.1311032444189,528.1924951367619,375.1074232229266,955.1061404711411,13630.70280628897,544.3269862238916,640.2926147017929,0.21599735937443681,9.576712423581014,6.2502795681570165,0,yes
263.935383047017,208.66172092719358,362.8585025681647,237.30859494477357,1,56.49675361691973,711.3074257027652,16824.002400263664,930.8920017145289,976.0702515163936,11.96077497487829,934.8262552926651,13510.68073543602,469.47768326760666,618.4990271052458,0.24784176480615422,8.68393983544909,6.173016946675564,0,yes
213.84113466760604,232.28937819258718,220.95538542855206,214.40523511469968,4,36.11759746689571,976.2126113170877,17365.432250682643,972.090093132487,716.9213325766409,227.31052535645154,799.817697751618,14231.89458218586,155.3427631203607,757.9952645666654,0.22743931007671567,9.019935772391978,6.2941798501371355,0,yes
229.04078657040077,268.01719493261925,325.1771040670975,281.5494515644748,0,59.917116934387536,807.7934535176109,16345.54283468335,949.9477182396303,548.8865228101035,414.83180659645177,985.5710638415085,13316.92923620794,427.6526266946318,758.7518365191004,0.2649143764132094,8.468732160078012,6.11420225792247,0,yes
262.13194083112626,194.87070256411226,343.51867708402926,258.49782786221505,0,82.58883330831011,797.7163535457064,15045.152074698482,953.1435326775091,453.5593349425848,530.3032278175647,758.9998638663888,12056.475992688382,264.3174573584675,633.1711941056609,0.24174746848011122,7.816725835650731,5.440279836283895,0,yes
278.99323169027684,350.1633025743458,164.4003789432238,277.88828952040603,1,68.04884463799537,915.0723213107899,16669.65719083245,910.5656219272653,538.8395765536529,411.4662053554813,899.0757690528269,12936.992264796456,605.0748587034277,701.4634615168984,0.2762250057989302,8.64959301472636,5.989158994130441,0,yes
277.2664887145762,271.81216889691854,159.3139068197978,261.19847860882334,0,63.79920779971463,670.7539626110482,19211.939087871528,901.4517273934173,379.2635147286192,534.1778885597614,990.0704180032862,13047.233979452822,561.9258203770758,744.2037189745415,0.23577638734843734,9.864977477076527,6.052998231723669,0,yes
252.9836626493602,253.5569067708213,304.687245782368,211.724066468787,0,84.15009653083905,935.3128299783533,19670.153826479233,943.6586759730493,129.6625105844331,792.2280497431484,869.2327566233266,14624.414302514595,432.2594363646174,632.816243048449,0.24714007347851927,10.15899221640787,6.5701489254340375,0,yes
276.16720141627576,275.0705983392854,198.23628831267212,252.065700568233,0,90.0155938976383,901.3395121685323,16816.33777312856,934.8316014888301,28.569308025392974,959.8711781145662,733.7804230732504,10795.862979230718,143.5088483032306,635.545920804019,0.2461948808648853,8.723130311143574,4.878568231413901,0,yes
240.83035839021963,193.38068798768117,329.43569187365847,232.21150459708528,1,99.54141033059086,722.6257269202906,18309.54802932328,985.9082365568667,654.5848440568676,255.91948872164153,750.0200873238914,12212.841352700274,274.05577256126435,773.6100958543984,0.23651605011139035,9.436788062724652,5.5115855357165735,0,yes
251.3368823620953,171.2808431517285,318.42914469746813,206.5927532252434,4,70.96123309577783,891.0726620835471,17090.065349528544,906.8498972634658,743.1187055185045,256.4737818877445,743.3958326937887,11795.650255398883,836.288433248234,691.9697360537633,0.2300851724147086,8.853836104020422,5.568396729435643,0,yes
212.18311663448063,376.48347699277963,274.7154138617757,272.7270155892994,4,22.25366932451241,681.3165376540179,17824.271797948073,997.4683985035767,426.37108166474917,535.0958650909715,979.5463889262903,11708.89016492992,588.9584777854533,663.7120668461743,0.3055816810138993,9.18666657608171,5.520227834597409,0,yes
216.81481506524352,312.4804035034216,104.16456474256411,248.51356604380396,4,23.652190923500108,911.9486257798292,17995.975881307902,900.2254729890252,586.1635176461135,395.8436994442943,751.5155009071976,11109.681660874836,204.72416084502782,781.8853565329639,0.24178803196975282,9.310630697167083,5.054120858741369,0,yes
257.9904705532365,103.3095160645677,294.3264654557438,289.3593239122952,0,98.33857153623606,620.2650984736509,15115.829918269335,958.3562360061809,781.300613994736,139.97390638066383,947.2489246131198,14483.003999817993,312.5705212549172,755.570261777153,0.2029137027425037,7.813699052932609,6.513017033831558,0,yes
247.66101960229844,138.0790049299856,346.15398575026995,237.6521442812825,1,69.88552066011465,649.4097800890644,19547.21778914293,997.3475126026938,778.3302092377014,210.38640454876224,963.2817393017458,12829.174597123241,618.0520440283578,666.1723032650615,0.21596126713149752,10.041139479450262,5.977563118983644,0,yes
289.30145747248514,360.7689253646268,213.487722817157,258.5994960607271,1,93.57410757004553,750.0965988336766,15676.997603719416,928.8326039049733,738.2434663508744,168.11245817550093,950.7204269434583,13742.936210749418,139.46396372262404,600.4980840970526,0.29094239817792894,8.118722955591668,6.1266945634799255,0,yes
240.16738045353378,357.7197121177429,377.1876677402254,230.17790165983828,0,53.69191393912342,792.1607501993019,16996.040734391212,919.3617961474253,492.10877647948763,429.0266336700981,992.5298658220592,14171.472044300292,289.784574848902,634.4032529892108,0.3015464878623403,8.78629617797804,6.381405151526116,0,yes
223.04740129255865,132.70590949837887,102.04311921176306,227.996437152998,4,47.47592871688788,891.8734883030852,19650.297520614393,965.7709084997499,911.0525854701218,10.598728489050814,830.5713544130231,10917.446985669261,615.6691959630577,686.0709921933724,0.16913164743315182,10.142217816508117,5.152216630245426,0,yes
252.96259348893005,377.5066792422727,287.5821070335701,257.42377778868774,4,74.41822908760672,709.8409725818085,17691.563221072243,912.5624134136386,484.3666938840424,446.4200521573122,744.5829442937207,13497.770440943683,899.8978671490422,626.5733682283081,0.3172125300446635,9.114889440657757,6.25708902640974,0,yes
246.87957273010656,279.23902794487776,158.5231335768693,225.6207807343709,0,56.48976271230811,815.720208878782,19343.46336049108,959.9415751537142,414.8411818137874,558.1671870832054,745.5730939104062,11674.640638347135,539.8148395460532,605.1094060811587,0.22671001210179587,9.970841473285745,5.387209280538241,0,yes
202.45762402003118,169.79275094374333,314.00037657184026,297.22013355674244,4,37.26358347927862,933.9441615162184,17107.63891258589,923.9557161902393,664.1667921541425,293.8417465952948,794.0337625837903,14691.88413089727,369.19495686435926,654.390577725858,0.2363200349466372,8.874720005370978,6.549615273600029,0,yes
205.8344559938528,321.32831352298183,252.14006309488312,231.8505919633842,0,71.45241079530084,771.7809471528383,17606.306354726858,913.7791057190489,502.88034745009537,421.6408944577617,863.7364064087653,11910.283237629112,379.7928236764573,659.9622923173398,0.2602119737039964,9.086129224466442,5.465227269123923,0,yes
242.79077536256392,331.7866699074618,141.44336930733394,246.39358802551652,1,76.14572271877101,709.0107190503514,15799.602678489602,908.6076764309938,35.73916442356454,957.5825970159251,881.8450188586017,14393.64651162917,794.3299409477099,687.3258414913066,0.2544219332276534,8.16818638707892,6.644709100288913,0,yes
250.94045253397613,163.17051152225167,111.3889447232029,251.58262403455757,0,29.269969058258916,676.897690249819,19351.289861130215,999.837098872243,572.9285423311037,413.97415525461304,796.4248974347039,13743.928832495678,727.1597164534783,770.0498949732614,0.17314039308097204,9.949535682829103,6.333856403009601,0,yes
218.53184254498018,193.51205868384702,299.07410250373374,224.02739418749857,4,44.16181687108696,840.6727744353732,19276.48094131374,954.465788576114,870.4898843972352,105.69163317004052,805.7409895467449,12229.385690025465,251.5256847093207,680.3276153462286,0.23107976443054534,9.942192453005298,5.528146197718815,0,yes
224.15256799276904,317.28499322900535,321.1345648244091,286.5470635931756,1,67.87736432142691,611.5049715969343,19322.948030144405,941.872011774567,780.7942625942951,143.65534255797127,783.9884732372783,13345.10337882709,147.0689810034333,724.2827208692299,0.28919583294796153,9.913085379362089,5.922634400429485,0,yes
228.63148483451275,358.8013869118424,285.7100538110477,219.27508800325978,1,65.33931705788187,792.3912440248869,16621.45655607998,970.7026865758554,768.9758196888994,171.11206547528207,975.7735395951232,11822.071348197465,743.5623384327091,669.6366854235109,0.285509707086648,8.60611120859164,5.623669567877461,0,yes
284.7064559727597,133.118194014338,109.71351746964858,285.4612936365188,4,36.362075755995996,888.5184163967242,17198.584574620843,901.2969874696917,834.3204432665937,108.74610341601704,952.8424272637886,13751.334985578887,733.5345757558273,686.7098216837187,0.1887248135335714,8.906759413939835,6.384846436871639,0,yes
262.1800395900226,103.73353373881325,338.171654678781,234.07762101407224,0,26.359532225312954,643.7687797331465,18563.47478637438,950.8528214259775,73.89959596211216,867.333651918213,721.4097528348968,13242.19526962574,384.9029735833696,649.0811301327874,0.19227700436890965,9.541610328497221,5.94396996186266,0,yes
218.75531693018132,288.4569808983729,212.78230112079382,276.80095013850854,0,42.41230020774749,794.4120422805429,19696.384938719188,997.8458577329872,155.1501834086524,828.809566379536,881.7298763348393,10823.783800264846,263.93878387528696,705.1618091548954,0.2461624083495698,10.147785113109506,5.005615910768814,0,yes
216.95587282904444,227.7003301141853,182.16469992250444,285.8685093934265,1,83.35098839204025,724.1179523030668,18562.929245812098,968.7624670529829,69.13757282956031,891.4346672295832,787.0140212611187,14647.44281503058,486.95670845880545,662.9116084744368,0.2264691387869361,9.561436702941164,6.577606816558491,0,yes
286.74374254798704,355.3849323383565,299.4038495548417,250.8634212550097,0,24.630116858606968,953.3079864776985,16828.232416731058,950.3735394900207,505.3216616364481,463.0227695233999,807.2844609641572,12517.602080663746,641.1969872302135,636.179036925427,0.29143366929722586,8.743075743806855,5.793043746613694,0,yes
241.1908846292645,215.87783930451297,334.3194097505477,205.869832953217,1,93.77689615434659,840.8625231898994,19186.141557894785,926.3415829788861,903.0310848589789,26.463777538111344,934.8426629873834,12773.185853975341,104.07070466702137,617.7239624061106,0.24054382687496423,9.893203831443888,5.723695541497939,0,yes
234.3042153721424,393.0171612314861,117.4348346860634,235.55457315284113,1,42.354244375912984,879.8927606504257,16384.713808897257,941.6226263663618,895.3024990140867,77.53189440200231,862.3247758083243,12004.883528686536,833.939793413699,664.5067695984484,0.2666242806751921,8.503387708610386,5.691402317183337,0,yes
238.99296172691206,389.2805328799542,360.53847080698426,232.5110001890875,0,86.4647607260767,710.1469218001706,17619.381581212703,962.5333185807872,3.2823706529215873,961.846785678735,852.0836947780185,13471.832891894664,717.3582277077671,751.0893991058404,0.3152795660799217,9.085723604116792,6.237826479557016,0,yes
204.35314281516307,255.9640466111641,337.7356062728918,202.35609191462015,1,40.49832207661347,766.9157841829538,16128.852116826918,972.671124787064,930.7418412754569,25.726363117754886,810.6300933863936,12265.576779615465,715.2038734994424,762.2257782393511,0.24520851399728583,8.35441195832479,5.7381685689649595,0,yes
233.5674640565826,369.5350923077372,315.1304731450663,212.61301003783572,1,56.70876991744724,731.152265235044,17283.26443455639,988.4537741512136,288.55965115552533,689.7140603996519,931.5772813988618,10467.044087930472,511.49091818283875,766.4528684655689,0.2938934661936063,8.92588125625751,4.989221921002796,0,yes
296.8662754629465,163.75909875644476,199.8725316391919,226.6075673952461,4,20.81002730105361,653.5395320592554,19020.95816973047,967.7001891222309,310.2182677017691,617.5322751101874,905.1057902915284,13895.779703560293,103.05657176024053,792.1067581331373,0.20682861683439877,9.774807450350977,6.183224778120142,0,yes
276.9394107940366,387.71145774054924,365.5646830559252,286.3774367166173,0,38.809225573269615,810.6336969289803,16544.661919008522,965.1375552436125,62.996486888980535,909.8545922567758,732.8656349671138,12182.481567065259,218.44766206571097,647.2661204499203,0.3252394689940049,8.571019258122131,5.462202145584887,0,yes
271.5230639696085,238.02433290139138,120.28536899224183,210.1903909457581,1,76.83021155048772,636.6094650224665,15607.296945468617,971.5107640558494,419.25942689950887,506.8605359836274,734.7961761779377,10766.103441649975,796.891105698949,709.1670168757429,0.20916512346539637,8.06480747894704,5.129515891216497,0,yes
234.82875284034884,164.52519918852437,108.66305121285572,202.6055983895119,4,68.21295820176066,686.4763324624917,17176.55993956977,992.7709664326612,592.3307112675967,382.6261593194964,810.5769844869039,10922.385066993382,855.2005191039287,776.954510833541,0.1822001188722711,8.863290805618265,5.261383777526957,0,yes
255.7173959124004,202.80117899892016,147.12030027172813,228.58989908469246,4,79.39864976029237,945.5096404712735,15232.311016115245,991.9176135042427,980.1343565185437,9.915182964754763,777.6198069631531,14292.13692599738,120.13827409491542,688.6545266494431,0.21444581494120268,7.949065847083725,6.292459688083355,0,yes
294.21932565761534,329.68179680028095,204.5673010639871,266.13275043929565,4,23.861713337428647,623.6102102126819,16129.622458361084,943.7116307203032,712.338604294239,276.27346548419507,868.9642715297948,12593.48995763058,580.3654081704453,608.8447437505226,0.28208968208104646,8.319308490671494,5.822972037831683,0,yes
233.4026595658928,130.96602421291863,297.1226567122598,212.54725808739826,1,73.83481370866056,806.552922847499,18156.31421089585,985.9077048218815,943.7535654236567,44.76873361348021,938.8946651768388,11592.662211256302,834.8944427583452,772.0285869526498,0.1969833360305431,9.378804535778626,5.573919833485885,0,yes
238.9050459941208,109.76730011736777,254.36831890803867,265.7171841109638,1,49.55301688249144,629.8197157067237,16169.697156026767,909.319001235637,530.9417090327385,378.36424565591847,915.7838669398508,12226.405857348052,376.4550761274704,694.6572492491952,0.18822973240833143,8.33598825032585,5.613643792851858,0,yes
271.4314428601508,375.7016260427881,193.32962034304217,292.58585377785516,4,84.28557351858701,955.5992146809983,16415.513215373532,930.3927590889356,504.25833550764787,403.8859336660571,776.1910827379932,11499.431124255443,542.3544044770867,751.7687124803756,0.30824985511608527,8.534498459532701,5.340778647328872,0,yes
206.81476670953884,144.84533872054348,128.6550816475434,240.04079239440821,1,37.490909655229665,834.9171638754148,17734.899293989212,904.1506249870147,655.8567013474178,323.1166513982058,904.922048737815,11174.54990401963,767.5393038916942,632.2429828810399,0.16641451742134483,9.163214587202901,5.346368924747722,0,yes
210.91008444369731,204.8739822496363,387.9874344004998,288.00432207950496,4,93.35711486519148,610.5744125347854,15031.54537435447,919.3071844749419,16.039603051604658,967.4069986801875,997.3309357819317,11457.31906201229,150.7769807372818,744.3737981553734,0.27142550779738456,7.7640893292458015,5.265126818965171,0,yes
207.29537027395517,116.9968337989793,180.06359835635953,220.74474781225615,0,72.70581386035747,936.1650887681002,18905.599273218213,983.3585310128498,187.75561135667232,731.6472739687515,956.1483850886,13635.123258765127,881.8596113162205,642.2598473534829,0.1621848673076086,9.782385260353792,6.389934164874385,0,yes
261.28198786504646,249.66201106780588,169.33211711315988,298.57132834699365,4,28.906822879399073,963.483655376793,17918.598516349193,915.2588136288002,916.0504734209331,14.755104379391469,835.0864941663191,11169.833015176539,527.0601798131545,771.8870784719782,0.24598573642501168,9.28578102246528,5.23215777547001,0,yes
263.73041961503793,242.9520464717187,264.857223302355,255.12581707657202,4,27.488687487268564,841.8055482648635,15054.057431000807,983.1026219496238,39.59564722621335,884.224229238951,748.6400251414661,13641.829035890021,719.1138577949681,753.1773832978552,0.253849228535049,7.83518902575799,6.259750889378927,0,yes
284.89562381678564,272.19793322842634,384.6765868139678,254.35583713495072,0,87.90232457828677,840.0512884340894,15398.689471286365,990.0357485154327,842.4892447316824,125.06421314832096,888.9126708095698,10405.206750393936,348.1842944952434,693.8329797842409,0.28363154335790275,8.008071353149008,4.87099353312605,0,yes
202.87885049149529,211.80513999467217,270.61052813759227,220.8873431717622,0,51.45053583358749,724.362641207442,16511.641440342122,921.744494498653,874.6481100159442,52.65656322098266,859.3371175110522,12322.537376274648,150.41232060794886,633.5687840022421,0.21501674505545668,8.529384916802389,5.533540615253469,0,yes
280.30223459341903,204.15127818708496,399.6012178387854,289.51771952391994,4,58.615417751349845,689.7343890788763,17546.556553234183,906.0010102705106,906.3155818153659,17.384792231977713,719.8919092362001,13101.250216564218,393.2075976615813,618.1030750304507,0.27816611050926277,9.03706905394279,5.8838517031685305,0,yes
270.79904688488267,285.14923879948583,290.40963189369734,248.23797412338226,1,79.3669229124751,603.5122759154609,18718.32387603068,962.3503124082375,748.6127039408069,240.9693351711851,771.8338143474751,14012.431550429976,219.26820278382434,605.5779466506785,0.269876773446818,9.611854921232684,6.206966243696721,0,yes
202.96675750376613,203.97197020196728,390.16807998426975,297.5823230197893,0,52.46692791973241,671.0634687690026,19966.28095769996,931.9609881494001,440.2393185597826,542.5057545132761,803.5980768894323,14935.50262174676,678.1575557076965,644.5685441249736,0.2512728328504791,10.24638657627585,6.776602598389243,0,yes
266.9609953705179,101.4150719492095,304.6681541458752,222.10391459877238,0,78.04668857042365,779.164750293053,16065.845309642245,955.7032553639501,112.0009184393344,865.1125444420472,892.2930059265002,10346.444770909126,168.24902866996104,742.1977112638042,0.1893562305405293,8.323290924834106,4.78458545690156,0,yes
230.4506311289208,136.12921266300572,121.59235766431516,294.67552163022924,4,33.937438291685666,675.967222669571,15455.67646773477,948.7681705846006,642.4567395715653,304.6439636327261,815.1917451569303,12607.49158072737,359.0362188694376,703.7997508787959,0.1869801101802549,7.994466431560142,5.725257254676974,0,yes
258.7596776992424,280.9484793291622,159.34190119525817,268.09186908951295,4,27.18233958508545,758.5995034124901,16762.102458581143,922.6084276414767,558.2985800263266,406.3356489938915,969.8149616603075,12739.367202304042,244.49182056209116,703.0819212870703,0.24987057953118502,8.662307888194434,5.796358882601126,0,yes
203.76450100266663,368.69196353232945,273.9601844390228,222.6777353158062,0,76.07318256336282,732.727379564723,19115.754145425497,904.1269226138454,725.8514780114109,255.4155355309647,704.2575723056168,12736.715018586621,561.2256898851024,666.4235657834407,0.2820066639961536,9.830881773882778,5.813240243178365,0,yes
242.17107652971828,309.030156294421,102.36016845954678,231.08628558377356,0,28.828111158659986,858.8438556861408,19439.835770633057,960.1387230627319,651.4370264071346,254.78932902306963,964.2905867873815,10348.953962062302,245.03703715600417,698.5486427730724,0.2244150667511496,10.028741733454797,4.8295914460745175,0,yes
219.2927586297211,379.8395839061831,169.42012359603945,218.87892892879387,1,84.90199311698395,905.7274104213798,15564.56893487179,982.0357190794293,418.7041054025388,522.2323640495954,838.1578536210004,13947.336924669538,413.4252724703076,715.5223283662306,0.2718680951993935,8.104747151084291,6.292839322652611,0,yes
273.06418967258946,387.58371338509613,210.25346023701607,206.66069692617012,1,91.7042982577844,834.7090562376603,18429.437204550897,947.8858426600934,603.927734829011,319.626433167668,762.1969492788988,14110.569130993621,762.4475566277931,782.0192674972925,0.2883420896326964,9.51642556105231,6.473810433495712,0,yes
263.5889386395017,274.64792476538616,220.57569364971465,221.04044659742232,1,20.420268729021043,754.1179978118389,16752.467756644357,942.7205584545233,50.11756623087906,931.5130238536034,816.1220287003113,11524.272558907625,293.44530857413986,675.1923804699754,0.23794800389143983,8.659254283904753,5.2670995590468035,0,yes
214.2352197839835,108.25280990655203,363.22258211228933,207.1725368273053,4,75.13824289115504,648.6733410128343,18840.688094133962,961.7167528983813,642.6491310252803,318.09215008113756,728.7011423274176,12316.432302954767,647.1809692704883,767.0497592879744,0.20978636751510474,9.682783952437717,5.699761381460909,0,yes
269.15313314381876,387.2391665120863,397.36070352078434,276.41834453085426,4,38.428394782721185,987.8311681888845,15349.482968770693,983.7393129540699,479.2105562469519,446.4352953575931,764.5872218880469,10257.089866937898,727.2691866016262,715.7961362858233,0.3443843863700746,8.016252895597532,4.910789404894566,0,yes
269.9573043344959,117.23868364676173,145.68377155704167,292.7191518298195,1,62.69278623806116,951.8914185129461,16608.49829220024,919.8495890567998,571.054208718774,330.96117326396813,989.3140111169939,14063.429837163738,868.5168470194902,756.8095157067778,0.18046068917523997,8.628696900986515,6.581926708648512,0,yes
255.25824950720954,155.46754166269875,383.7081836099561,246.8867699659835,4,52.839342263622214,890.6341028479608,17334.450965166892,959.2295353025899,46.363108817423395,928.5883679896396,934.9848506181806,12642.29914588146,450.41022122082495,781.4739290888593,0.2430922386238249,8.9831114964897,5.837799058512799,0,yes
237.29641174653682,146.3213635243606,202.2423944460843,259.0682462720732,1,30.3347787464704,907.943345834587,15853.997636758706,987.1520128643568,722.4187187725648,204.2732652956173,899.6952437277214,12819.624718394289,391.08738838865247,783.3525132224511,0.1884776803570953,8.250674005514577,5.8644955981461155,0,yes
268.979845367701,352.9233295049223,198.29042257617155,280.6162642223237,4,64.44415168517966,893.1565877178782,15194.35693936868,915.2134986405961,815.4941557972052,166.9313581322608,866.4896303485314,12623.129289008073,542.747488875418,780.8612667800055,0.29493175544991,7.9075965420896335,5.840620030394954,0,yes
215.72140831747151,349.3721246262481,303.3452590542224,209.29973795915052,4,41.64614153739956,608.236543338664,15645.499959748577,914.4416886987109,775.8311734256018,202.75991319884622,845.8986712747272,11545.911219625927,555.054834602388,717.6008639816672,0.29066148634378375,8.069893495668271,5.397481652077245,0,yes
272.10672089610694,244.65976093225802,364.3930769424619,228.8510601262795,4,20.16446918210906,689.044915634649,17029.995551102642,978.8512793772667,227.5611690962913,771.3423076338274,893.3494516248807,14739.786332945723,738.544796921026,740.5113453098943,0.2693241833696921,8.788644171711775,6.773259083865673,0,yes
280.10294543803224,394.2320284494033,208.04214650686657,282.1260273164241,4,76.20191155580196,726.1849066722293,17729.4919038045,932.2013576718999,265.9767841027972,667.6868659726284,792.5627842095578,14171.361605029982,125.7501450731211,642.1775579761536,0.3165940004490308,9.140144431827489,6.238493610846753,0,yes
258.6045804887385,309.4974847766864,217.21742150402608,220.083661177306,1,46.03386039383069,803.9153187803913,16966.941695453555,958.0909395500122,316.70294113475745,625.3566549542757,707.5255531890391,11655.409612777654,828.3751621361744,764.8323041240855,0.2536132970730386,8.77968601793698,5.496493815735948,0,yes
227.84878836447416,196.17985725019466,138.69615259783478,225.8427489893407,1,37.5591462324386,881.2890062841927,16092.980445138553,937.6135506731971,961.1864589105518,25.603370113046594,820.8098194661893,12764.668297038483,324.13195003024475,729.9706909691573,0.18878108962612383,8.357286652983586,5.785352526915235,0,yes
275.82257316018683,144.67507170856416,206.52644743100183,243.56074135604112,1,85.95684306887433,747.8340076425516,16174.434473543635,947.5398346320385,332.9105992035147,570.6268018568575,963.7075004376379,14269.864203373778,845.5260121553459,767.0616941303424,0.197439648067274,8.369507765364638,6.646634088698318,0,yes
272.64436607387273,344.70779330235234,393.48821182017997,212.99283802993733,0,86.41545752925386,751.9014385491965,19335.049088771444,920.2162620427314,679.4202898467596,236.2292727252567,795.4056400481345,13761.733888397383,199.22356021168042,611.8817157345401,0.304386817963538,9.946969052528685,6.098744243181893,0,yes
281.761636890536,257.3089996236613,142.29153182137486,280.7029890256514,4,96.01274743352982,863.2518855495907,17953.482771389823,925.8400308125451,118.46952149765288,856.9208676086537,722.0359479528953,12000.335952232748,789.7803169595983,760.4258212352715,0.2510914614833983,9.281847728644953,5.628836502762238,0,yes
203.58196667222836,323.8872149098993,347.06464381010517,262.229899321124,0,48.00075574964295,859.0830778929571,16623.806927729987,988.9538945906795,55.60786909223153,901.2196366629263,851.5670917271441,12104.134264853901,851.3827399727194,725.7318015288075,0.2830640087232929,8.624764117814578,5.739641426548174,0,yes
294.8806480650104,111.1737066569672,249.6683608158081,260.6462245514563,0,94.54907209322188,938.9736237834585,15067.827964862867,924.5057805436746,298.64794353683175,624.2765028403799,990.0685568595287,12736.325592287001,614.5540771941871,756.8502475081771,0.195579447554038,7.85603989647423,5.95266298172764,0,yes
253.2083603927515,367.0949527853367,125.4809641838772,228.5432731596471,0,66.29678301299347,718.0429373547405,15711.284943182432,946.3075785416814,180.38503945668927,753.166688106475,878.0124890449922,13338.120639156397,852.041891205294,776.5328011092729,0.25786151966788323,8.131181247532794,6.247632117841413,0,yes
240.9002360810501,369.3501162023552,246.29464954388095,224.5544231981995,1,76.42242612238498,857.4171381928779,19153.292256874327,983.9054521137849,498.1523172895146,436.93527759910523,906.6821559505331,13900.56404467742,297.919315609035,752.6764318389186,0.28584557748316464,9.888431765354092,6.259461199637055,0,yes
222.08468813288553,387.6146525255959,395.63091280183613,270.4827874198552,4,87.45603767282466,787.5472338434965,19756.008331283665,969.1495958281089,776.8474903326124,132.80474879664916,890.9162620486188,14335.250643111214,856.6201341943975,768.6618725961964,0.34321477438366205,10.17209295251973,6.649157353109719,0,yes
222.42673729982442,265.9820271957926,389.88904586172,233.92331109898737,1,75.77310568045596,698.3565812280098,18368.412793870266,929.0574102091044,643.974978003948,283.04906256643824,731.739782925289,10015.450360908566,798.6852901040553,748.1727483671394,0.27267556124352266,9.453043748888055,4.834041372348021,0,yes
215.91208230223884,349.5961488214732,140.78093048290023,246.61954467365146,0,98.22041331942269,968.372098036881,19942.7174081674,982.8380360991971,119.7428228675732,806.4801848370593,844.9954270580415,10976.849988857264,241.05653531413606,731.5496445809393,0.25683921581736086,10.308259409331553,5.038536307204392,0,yes
225.76260846215027,369.8052812104492,358.9294682800403,274.6812044846008,4,41.00079773929436,613.9484942815706,15228.95880788174,954.3744809831844,879.632305713048,106.76757848039097,896.3924556664095,10727.567230829998,831.1249490865201,671.7781497337972,0.32421467743891125,7.868341159724549,5.195809074416002,0,yes
283.99362100196424,378.18211874382536,111.81951787487225,233.9483969530132,1,60.79092157270297,686.2457927741992,16069.00404926263,971.556808122536,380.937208356413,550.0140511088841,995.6339685657649,11783.16119386107,675.3372401597892,659.1331403689959,0.2678492574578635,8.30652556536208,5.586127186236594,0,yes
266.6584213251496,397.89089741234386,152.35351888117447,218.7278351608852,0,80.02600780716645,691.7115023855044,16110.133221177291,910.9054156507904,205.99720290911108,760.7459131712719,804.7047988568033,13391.48398966407,277.4992491976848,760.6892838196354,0.27701900881996644,8.319960963679407,6.012291499755855,0,yes
254.1036953846176,380.6331059920154,234.90728789975023,250.19014803303426,0,90.15030311226192,987.3014473769182,16256.16408202626,961.2282090587152,44.06596903805994,926.6172444868221,782.7937897102464,14501.394764145956,869.8006287432908,785.3934056632925,0.29260399606538307,8.466360873912256,6.6882509068651625,0,yes
241.06759616652576,304.8297719407925,321.8718257948775,230.7796983812399,1,65.76293695533083,784.8940584972681,17129.075060390955,948.1820238541835,358.95736351385665,586.1041682806383,960.8902588225087,10722.449517946905,289.67582852009537,783.5455856878057,0.27507890158335874,8.855146203182644,5.012084724602346,0,yes
290.8361756761511,379.2635245418439,266.1701547378284,222.45127991744027,1,73.60277362221531,820.6316139746182,17616.962702163237,981.2836980148984,766.0441082065572,231.03942719969734,759.3698095453036,10752.84388423894,313.45432055264126,744.6149113197674,0.2993301383017045,9.111638481682839,4.955146098409122,0,yes
254.16771330610814,245.07968585205975,369.50011844919413,252.21618454340017,0,66.06329313178031,874.0064778783126,19207.938101182976,939.2083056122959,394.59496823952713,519.8163860623595,764.4546767373339,13118.539654200082,448.63258121044004,683.2394454826381,0.2626857969831992,9.913337019705867,5.938029694478301,0,yes
206.01801239890278,341.0845217460636,207.72802850705705,211.86705254670647,4,31.060627074580054,930.3561754237547,16886.03443872108,975.0032137501469,148.81489050452612,758.1056293089051,774.1005123976188,14232.1417749726,396.14671271041135,608.7418233874864,0.2661813395942726,8.770119405596548,6.355553188027879,0,yes
259.12568819082884,309.677951224912,232.80682330696214,223.40582460754044,1,55.66533766864499,774.1709202515729,18324.45003315716,969.558546549423,154.40178656640057,760.229693212698,710.4549300465031,14493.982226232576,451.1911426964109,600.6661023800655,0.2587443530153221,9.453393141591993,6.456849416256635,0,yes
265.4397753583271,257.9558900788863,135.52469393164972,263.65711492133266,1,73.94099966027954,872.8843448159353,15973.712826880623,952.4610280406357,45.863719099443536,894.1248239478098,975.7894949785771,11572.666864717927,651.0645757502239,658.4868393263835,0.22974577010607114,8.297792281940461,5.485437484686637,0,yes
282.26970818629104,340.40407699944035,377.0820844741556,228.85375535366543,0,87.06695019443069,776.4998904103879,16314.335055985328,969.8480352043855,588.5435921310533,351.9449523439696,891.2479303093463,14072.573165340316,546.2401671114765,717.2165429086698,0.30385701314740027,8.448893530777822,6.417458361694344,0,yes
219.54131418581903,344.25429107693014,297.52989278343676,245.38622219390373,0,53.83356726078185,886.2031545295492,19390.67713607173,972.6391269597141,16.655335014320467,963.9093351862414,826.1067821287385,13731.207580802295,335.3386312481984,651.7785992334836,0.2806827145292057,10.012070672423933,6.167403366724127,0,yes
285.54981057400556,252.86077109268186,226.73264020388785,253.04725466417926,4,56.26527142243997,692.7595360543764,17723.31619933138,906.0657569891226,581.7406349017749,387.46510282212125,827.7766997903439,13862.757000237563,806.3224300579368,650.7242197200799,0.2561513421502985,9.12612213965926,6.4073762788281226,0,yes
266.46148287463086,209.95601328745485,155.78397801716613,298.76433570406954,4,33.82140868546074,662.99281209386,15586.026985194485,982.9810777807775,701.733098620168,224.3487303155598,819.0604633110624,12530.218513123727,622.2581789645,656.2726091943215,0.2287053242105245,8.061521360878086,5.792046747024039,0,yes
270.76177993848967,315.0382658604732,146.5447980856865,266.05507668203586,1,47.55907863233131,914.624215700157,19103.271618971667,935.1850514575644,197.6333473079146,755.4111597722864,763.817733684239,14871.34783072424,617.5766509622765,707.0595809425846,0.25261940667522315,9.86966732723814,6.7149143847313475,0,yes
219.34561054525193,340.3776114988281,236.69262239053234,243.07723815583384,0,69.91943152291373,807.5975900023292,19046.456022552316,990.6460980362622,391.64815749775914,572.0820214930338,934.2789638468267,12127.982655460157,371.49092076224264,770.0922096759895,0.2685002593779982,9.824765670650647,5.597154266250406,0,yes
262.7070876380177,195.07466922157514,158.57160065271825,271.58479126860186,0,34.8547534779566,995.6324960049473,19968.15274549417,962.9238090504662,64.5210430440497,864.3987627404231,705.8686307357953,11179.511606320442,879.8403457089253,710.7122293597587,0.20152920522428633,10.324514714467796,5.317075489366684,0,yes
228.2961937338112,140.53368458037724,339.18522706954303,262.8508474371065,0,83.19395534775154,796.1179325734682,19235.132871099082,981.5290371685523,413.55101777013067,569.2489539164034,788.3324738829423,11197.469063332735,286.69542537383296,670.1935607576843,0.21581536870007426,9.915277456387825,5.122067182650953,0,yes
235.3897400124956,215.78422717123385,353.21151787596705,215.0650899492768,0,85.16424397711212,992.2471922513897,16591.3832291578,923.0560566511931,803.3820371544128,167.31281163336007,841.8867059937121,10823.229240203074,297.66232973049705,684.9346158483808,0.24030760679531915,8.629870276741661,4.998444757911626,0,yes
225.77957549957722,224.36731630046734,164.72106094826054,295.27200849883224,4,41.69685819361004,829.4865031131513,16182.075107766723,942.2188333071111,648.9109862831785,257.0765338821607,810.756400869959,14833.459724645556,438.96807944336285,762.3670823594055,0.2314055980129337,8.390793622068527,6.647977508341845,0,yes
226.3519468151039,294.3383122163544,207.4951017424763,209.67160778373267,4,84.20300105224537,851.1391939427303,19182.703951063006,989.3685009025714,471.90344018741223,504.9057362841968,782.3491124057011,10259.550917488523,717.0181550072765,777.3270743656406,0.25624466326618983,9.902480247199026,4.929991840274105,0,yes
292.41852355334686,266.6471156242578,262.25483051062895,272.5055040516296,0,41.71936350820935,765.1433505660065,19810.182362856318,930.7029350919395,374.66157623953626,553.5932823242565,812.1658468887897,12416.64044638774,551.2628838979072,651.1380900028258,0.25570394079908987,10.188908503191264,5.715083951729722,0,yes
226.26975752928072,128.00493353564002,100.97822824166558,288.0860221453531,4,70.1500941693516,623.348401268408,18048.87499836865,961.5187383609805,949.1612685862519,10.875832120719451,919.8733967856413,10237.448728933903,418.71411202880716,627.5573009922302,0.18231345761109227,9.281328506673612,4.834751655256944,0,yes
217.7003215069659,170.95173675516418,238.65990424412038,275.9856747047733,1,27.41413950080224,922.6390306580455,17623.473921602657,901.2060136096173,577.5109351358308,363.4814676881073,888.4975099019248,14114.453771755916,513.20046186224,717.2528443670516,0.20615462179762706,9.126949088665487,6.419968541311683,0,yes
298.121666634455,397.2501511227335,378.1817921254826,222.7006757480203,0,71.15886771473825,601.2105509330889,19877.635881160422,907.595972189083,348.12035797774945,560.7627599657459,813.6534246054441,13391.054290704984,494.32524919547586,686.903444594997,0.3255931292556091,10.18350076048642,6.084719600935326,0,yes
249.53622917122547,116.5506136547698,317.239782113459,227.64821757750914,1,40.78993762523696,781.0138710330576,19057.668643868445,919.6382794727882,780.7355089266557,196.48876623421688,952.4495926609131,10959.67895475894,732.4779899239746,659.9995313153495,0.19614598398989308,9.814664771453108,5.268800882344707,0,yes
259.045093774024,222.5923354247749,395.19625140949177,200.95456367574926,1,23.97377218212421,901.0809155972905,15290.724542095997,990.0058322793136,821.0623618953538,125.47714652311959,980.8847539274893,10408.809014545226,512.990157916154,674.1584218897736,0.2479044091597654,7.967873156718322,4.969660878458656,0,yes
297.349268376313,253.73573539619062,187.03109932141504,262.18268268120937,4,63.899425048347986,814.2673236854407,17983.38457740561,999.7105950698292,697.925565221202,261.36169409683146,773.6424496959035,11155.338992864115,462.6710779185097,790.8854633995743,0.25284304961366383,9.295979690325899,5.182478317723069,0,yes
296.600441026695,200.92644414059527,303.5070659524358,241.17530415802042,4,93.47501653264,922.5442332533152,17277.854111611203,999.9962303328934,804.5076543718671,148.75802978178467,984.2375841180884,13203.205382081744,693.0533724083048,697.9146566822163,0.2544370037937045,8.96770981332309,6.164839450700841,0,yes
251.30191646080854,339.3233690690068,165.7958165390582,245.0015421579049,4,24.022053006814275,765.2533685355936,17538.55442480207,986.9287995244781,270.6656393027195,704.7439386094777,948.732275475637,12078.449841704194,717.2146749914147,619.2418995708573,0.26855288192672855,9.060866728412272,5.703131728109503,0,yes
283.80133211259977,297.89634973514717,122.90918029480179,200.07332734511309,0,69.7484974180638,833.844526850762,19958.151471300946,989.6832560072721,752.0968682555894,165.277781653381,808.9250134692892,13768.102577571353,523.3040931895724,699.7957009545481,0.2282796277849047,10.286359358704633,6.2480984899476,0,yes
245.35401492801174,120.16258649476347,188.64007769597242,258.7588691793987,4,28.08709723143626,810.2120473223149,18837.679745536487,905.2264662165954,388.31821596459,594.6538243473817,813.2172953310834,10035.118113079225,880.6386725263787,610.9527083368303,0.1879677461653094,9.70921576767417,4.896927358619943,0,yes
211.45404223300602,156.45371848834253,243.65177897373096,266.319368714079,4,92.58494751047684,720.8238593291625,19917.11384193715,981.8934484871679,806.9207335215693,157.05563968782894,759.4758266535471,12973.164052492957,264.7701180548708,745.6235122685046,0.21882482181100507,10.239617539311876,5.819395255912154,0,yes
207.79534803085483,229.6457861557597,302.1782536874283,286.16086898437914,1,92.70588806711906,885.1006546845477,16356.159417810528,933.201341500854,334.74458582551495,571.8478551367983,772.9443093459714,13109.422586094319,839.2488764715523,783.7871497810725,0.25132868971197064,8.489133971711775,6.106289632453167,0,yes
234.32159923758542,374.0643469167173,213.32071676450857,210.92353170309966,1,52.291284656167605,819.7919498404995,19220.229872701853,956.5346426530474,170.29416619124913,763.776793048499,769.6075398842775,10772.55296353648,821.7816804995331,776.9863838554563,0.27454532184008756,9.909666972352959,5.166070718918352,0,yes
275.20789436742854,369.93182049120855,383.4788263109938,255.7094139326009,1,66.19796251858622,905.5030599891522,18072.52762326778,976.4229174856679,332.27605764373305,636.906138990036,942.8954817064034,10942.519638044738,821.6217420278224,613.2824453183158,0.3228003324191393,9.35789896317029,5.286549716458493,0,yes
226.1497208155826,304.17035578569494,181.1906011418554,204.99290191202866,1,36.8350956789625,636.5942569634435,19137.738680561753,921.8683584730343,801.4735764406021,112.24991438886116,972.5571260838533,13974.134565062135,448.9137051134981,656.8007060496725,0.23600060936042525,9.823200561329635,6.360053030838802,0,yes
270.9558853361135,161.72908983075243,147.98615864979115,250.21974285438733,0,65.8061453733529,618.5974068804045,15026.336729630058,912.2470309693599,927.5136822532324,69.47761271717422,847.2483890554853,13084.361100597378,433.0798417751565,730.872133941039,0.18673523867534228,7.762264680050597,5.968918652894147,0,yes
263.99555982053494,258.0624000456259,260.0361675753626,227.38053130816425,1,74.54172443332564,713.7784253405044,16528.44749838566,918.211087567477,620.3050242270344,327.5447286356746,934.6529401909152,14918.47123190543,519.3776478235893,646.9447584834084,0.24732813600631043,8.534970823103594,6.7541967748510245,0,yes
231.88088337153067,353.1915026901639,313.7005481156149,210.756127583665,0,40.30890887207481,947.5055741987244,16335.939609685378,936.2882904216308,2.7110200597794383,919.7019425563493,940.2577784498833,14664.988140874524,852.8585457982518,782.4295203720847,0.28042423931724914,8.493663926634254,6.802865386524953,0,yes
286.40827136100654,278.1156676197729,396.29475761736063,216.48580899563603,1,47.762735735608864,800.3370243088981,19379.019502677296,969.4393994189335,780.575485892333,155.44032060546397,734.504064592174,13230.895665792454,704.2863302324529,798.482443430083,0.27989344181139214,9.986491056567461,6.0915087502249525,0,yes
292.76969202683534,357.8155142858063,156.3866713300907,291.81446087910643,4,36.18119338669109,779.8064788158617,18954.209564828347,949.7619755604869,59.181110679142,888.3184504384056,842.4585858487162,10391.236718456164,708.4851350296319,766.9299826597509,0.2902079125286505,9.766798152708791,4.997868883849244,0,yes
289.6821069384529,358.21689232126204,383.063864922993,285.9278393415531,4,36.19230180405105,956.2084891284537,16723.555770323477,909.4570702464799,829.2678199148165,130.63160838129022,968.6241640856406,14003.685242912394,653.0191620028993,743.2838463333612,0.3341367108376149,8.685796133930557,6.469689870446389,0,yes
208.30364583054927,294.25131641897815,361.47717848702496,224.0684116351572,0,70.14412303399664,837.7864383527519,17558.912536571803,929.0709924634056,895.9587196613403,30.73516810835872,753.3354852910134,12353.519395920726,498.75256827729675,679.1547020953989,0.2698392805911171,9.0792719667743,5.648764476697032,0,yes
235.4396657219712,367.6298059092858,179.53025563373689,201.62513419874915,0,32.91031782928799,921.3719272295314,18833.92565942756,969.990344040144,816.8017981158342,97.08685461748235,892.0274471028507,14695.081224512847,521.3949390411933,710.2490598783181,0.25705907395648786,9.741322133656514,6.652271071418213,0,yes
261.4037405343306,357.5133025705754,336.80260256983036,235.1049779362944,1,48.333404045749305,627.457949173024,18377.7534801521,974.629609204145,484.4094426435724,452.3141386744823,930.9154518124545,14162.27655803103,543.865230811815,757.9393400700359,0.300384066694967,9.448472418050567,6.473142361283784,0,yes
288.0538284441946,244.41816174582328,243.95777247581572,220.52500639336827,1,29.964053091516647,709.8362025178393,18205.51143962751,930.9701022268371,142.33023685620387,775.8891242688486,761.4718076643452,12229.172061657559,182.28172757995216,660.8503648501963,0.23472637398204463,9.374381046991273,5.472126905019125,0,yes
248.25163220661923,157.55658549571086,397.24459544495903,251.39305060517285,4,51.76869648883471,711.0721615143168,16578.65864977334,985.6767915500325,801.6368940973352,131.5951859229457,864.678543668196,13471.267671222236,144.21754861950643,765.1956052002572,0.2465158083414922,8.568764538298245,6.010872175847874,0,yes
294.4941718104391,300.7757476015572,399.138267054525,206.51006847513824,4,64.0222374693769,715.4874784496218,16828.05148762678,984.1995306367683,626.0507649659338,311.66102588958483,957.4849451763461,11691.499017510396,388.0188616225414,739.7622781883275,0.30259950362893007,8.694229122125247,5.430840754311168,0,yes
236.9940698425267,219.33730035981026,222.09465143928952,292.0985136989095,1,43.03219463986363,754.8018587286958,16762.518668043893,952.322600838577,495.5743353013951,442.1655534640539,806.4421340630226,12946.541992938488,408.0767756661171,618.0735865801943,0.2298181733001002,8.665751520739128,5.8644564544285025,0,yes
245.20519075106836,349.9171797836534,164.01566232241007,278.6978330544789,0,25.710163766175373,617.7025361055271,16767.584884758842,950.9500955352536,74.1483645001453,854.6179859151698,763.6881870553558,11684.136884460568,569.0929366187381,633.0155085980203,0.2626149642824747,8.63799933149697,5.407520962025944,0,yes
284.3010000832968,350.5954409092907,379.00163435016816,295.8599864733067,1,53.458168039026276,928.7662436052944,16919.01978684449,910.9760945884694,35.09565848149679,895.3423371855661,924.9011332454285,10147.83629787163,412.9831819913771,758.2369264368573,0.321750505133505,8.77745312339175,4.811785399136524,0,yes
209.3311831811667,251.33740775944145,204.37865522766532,258.30857324019814,1,72.61790517976509,923.3214716233759,17957.87996253924,997.396979530971,899.4414783018854,53.82930882395817,812.5014092050952,14569.553717823866,354.8617137839939,721.1937942782334,0.23254274727646146,9.307538994775665,6.510484027961392,0,yes
208.22915435826295,355.6018873912818,333.2153373671337,266.4542300003134,0,39.943438353536386,990.0459635663218,19069.648243706255,914.0763620177536,666.6357539789869,285.2600180975618,741.2999437470401,13025.511396416838,315.5961084856413,689.0030178724736,0.29339860981003707,9.867266136477086,5.844240610586912,0,yes
271.52517578371896,125.42946254929399,235.6785595900768,288.00312352635996,4,75.02363662836696,641.5183669291638,19526.81800674193,929.5884893156598,673.207006270607,277.0353286312037,726.7705296982837,12991.9681838296,263.7391501406521,711.273942049421,0.21454147715510544,10.019871293343732,5.80697983763212,0,yes
267.78910346884356,103.17604608861268,292.01704660116184,293.13061341481557,4,55.35996727684832,975.1301560328568,19182.31492533786,920.6967347503228,262.1914191614374,671.0795773777963,999.5844365248549,10840.683931755138,152.00967704525868,772.7488365355366,0.21498837743863985,9.921062904847183,5.01673001512806,0,yes
260.64345070991044,324.533565914621,120.606220377643,235.70543088465197,1,70.3738359760136,704.9490817341613,17694.422280344657,946.745973139296,895.7903847686259,89.69654028509274,838.1421959125253,14873.304736491858,737.9455005829637,613.2672095676564,0.24674745665305298,9.119926092190482,6.78574485470766,0,yes
214.28855504633069,326.09858377265715,229.10383096618298,239.34978309222913,4,64.84009245091917,757.1271527025993,17359.282315587217,983.4522120151169,517.696933107733,421.45587203925504,768.3850667645925,12029.395555231991,513.2349690906156,748.2730603174466,0.27524837811981184,8.968946003561687,5.541773767089356,0,yes
239.85722037174185,373.85528279210547,300.00775289594264,237.5621143369146,0,57.11324100129984,877.6080981208183,15369.986532125533,981.5417774417895,667.2572544912616,291.8528462030962,996.7464826838243,14869.939450219332,720.0773588009074,665.3211671679095,0.29443244434653676,8.001010799592661,6.843861569866466,0,yes
201.5673590555716,311.3207822148426,245.04238257734093,272.2264653294087,1,85.73701858708846,717.5595573680165,17356.312043709127,931.0345839554533,865.5811073275944,51.96381088075293,711.907531341358,11423.52067628717,738.7139694169173,755.2296727885412,0.26812233305723,8.951491887727661,5.364989163605847,0,yes
217.34870983974722,189.00069108264722,203.4986898083123,245.28144111506205,1,65.20101515475947,921.3959573341446,15592.565066168221,986.8332763085366,175.94434305372403,754.0333703115057,702.6499363783091,13502.231523360853,156.0448970955971,775.2207902039121,0.20490622187682905,8.122977146246914,5.96406766568876,0,yes
299.76245875782956,368.99863135518865,202.04357499445683,267.7274592007685,4,98.2416327198355,889.2081031038772,18467.95486616694,973.8274124960276,748.4780258559085,240.4452582670649,814.6950634784234,11633.127317518381,105.76744672584111,636.7228562263417,0.30768400408463503,9.551554696911516,5.230964149579912,0,yes
244.33655625773397,371.29901142852714,340.8918798769385,223.60792830937527,1,43.873693200235884,970.4231872196884,18727.762668163512,934.8489805451454,477.47292487908516,447.9568183367424,750.0516282238598,11344.4415212383,601.7443102874661,786.3614823172537,0.3016979309955709,9.694641326888409,5.299056874413219,0,yes
232.88248823497327,191.95602337232842,141.3322802108446,266.1451054665801,1,49.04335883457787,873.3154162229453,17424.80272583592,934.1343184716756,38.89335366045444,960.5272818163033,702.7927243202106,11172.836592227399,508.2467360827287,791.4469263795252,0.1977585484740061,9.02091694189755,5.184995477648414,0,yes
247.58199397534963,200.94023114502824,287.67415346832445,215.61314624957276,4,66.28234897558954,943.6319375948013,16453.467719031094,950.3000341893568,484.4989002603906,502.27428136617885,998.4689600129601,14677.326516517473,633.7757088488513,639.6359534320687,0.2365390053922515,8.553465592014405,6.733439902187669,0,yes
216.61930374146283,338.83654185485256,199.47894957185477,285.8220503154771,4,83.19182535437236,901.2908407666314,19153.070146562528,937.3840489138682,472.4073350858645,444.0692742791258,802.2075901274144,13177.936716781727,853.0781540929827,784.4427331607928,0.2863146755796604,9.891835613413665,6.152369679465597,0,yes
288.91205600265425,121.41125630071879,289.53793944796564,222.14801259383546,0,31.717798268186108,766.5192524739878,19426.30392961818,909.2392970910225,29.855656608726708,916.8312846933737,960.1046320851933,10223.166732554486,446.4943751255485,623.7593407993933,0.19129338801623835,9.994339119239832,4.853909660716894,0,yes
239.12044516866246,154.6493435833708,365.67558447129085,243.215641167116,4,71.90949056064645,929.9445898914787,17792.30488682349,908.3998645250564,639.4273398919594,355.4917871690275,738.3902794453721,12392.282526875115,489.81839413285604,799.0660076244136,0.23878134719427332,9.21401307016239,5.680036283609598,0,yes
277.98779778540705,164.6641833887312,165.31202891683427,263.7281477886241,0,31.5341491454679,913.2349045589491,15760.76634399828,986.0662971122777,365.0721084393105,585.7092335758398,873.695158639965,14114.236916955844,721.3457215314775,629.9210345770979,0.19065859585821107,8.20511207443027,6.487082681938235,0,yes
296.89322831207164,279.4582402220808,273.8422146103893,286.63759942327465,4,22.54135027117771,887.1548255592418,15155.194967278658,929.2423284988646,572.3335465084675,398.59071931359733,985.8291939416156,12890.692801326679,262.7115837793061,604.8055923490674,0.28012920760530996,7.888574477261445,5.858563774670093,0,yes
227.04854764943715,105.61675992717977,272.6177380253928,266.7155612664302,4,60.24470584904463,876.100901842431,17882.97475549623,951.6268591571628,687.9706820419309,264.18324465793364,956.2131888705248,14803.136017971787,129.5427589773559,689.6437945315396,0.20226509034166068,9.253035648409833,6.566954362217889,0,yes
271.6001610172891,381.6679427636301,252.57221778385875,264.3438949142949,4,72.34186193499835,646.4333891504034,19086.570826255822,947.5690407228653,263.86128295628004,651.2079644993928,898.2351585666734,12431.310678941136,820.725047438914,790.6840839943832,0.31535606458916005,9.803288349614103,5.879831063399824,0,yes
240.5943879954719,156.7692256214854,319.5650190466247,288.5981843802217,4,29.99261946162667,992.0362561248207,15076.34267403397,909.7887481723835,251.74471144728415,718.8449236016179,881.4644085830462,11494.515425372134,793.300185085283,763.1268391873821,0.23440111699345617,7.870487808847166,5.491383894600393,0,yes
292.07158949804506,364.6440102397596,141.97221679524554,268.66867037728804,0,87.22329931227806,899.0950581467083,15172.782244912609,988.4003200894824,67.8829236263314,883.3713672838626,800.174314283541,14701.709615279171,144.64204469189994,626.3624340536902,0.27575547978528203,7.9082284118935435,6.461581959462713,0,yes
265.8435281511174,221.2574682321083,283.1702149986051,293.03587119599143,0,34.04827737099369,701.299475420517,16190.443043077295,956.18547326496,885.2365146887865,97.3821955453684,838.3914835657009,11580.594164354463,358.24759724071293,687.6674054994421,0.24150777315240632,8.368432394683017,5.326235441448385,0,yes
296.2965944767936,379.0106468739005,201.27012338630485,253.64385111954726,4,59.57326176631486,725.2669233357325,18901.278230955126,906.6419298997306,812.0848219685574,133.11832600497098,865.7184080324919,14150.497053607465,260.7695795504828,721.6690617137235,0.30341576648627283,9.72233945249039,6.325464612024122,0,yes
200.6163817393936,295.9976416726763,322.6427102267959,231.5583196476764,4,59.11102911348792,748.868323959205,19371.375966677937,919.5990685023348,45.31480165216546,897.5273382440249,803.5067908066048,12895.252105094507,639.0226795647848,646.3490790380506,0.277911858885826,9.96437616869006,5.939542431721894,0,yes
224.31151497079838,260.04401084676806,130.16492231778614,249.47694594891928,0,23.10815860530547,689.4818056493607,18601.43330008994,992.9635711164051,809.2545070692573,98.28400518096953,761.381716165765,13757.827039228167,376.754262672321,777.2280109333449,0.2110844548520032,9.57641401625547,6.175281759551497,0,yes
221.53596023105447,159.9379679277579,384.4706670804093,285.01434009644186,1,92.50640880656162,970.9034754804154,17102.832696355636,973.6795761111483,927.3836030152097,10.042269062649098,766.6972835316898,13592.693320912373,236.5553113918379,691.9148151982281,0.2413842267404108,8.887632812339527,6.0480512851718276,0,yes
201.28823512746283,290.75946441323697,250.17279990510957,211.48320390354274,4,54.38179956972527,635.12195517725,17182.511754480147,993.360839504377,195.10307709634915,776.7098999862967,810.2419811532045,12279.731018189697,141.7741502026555,792.9612326796314,0.2567978662032404,8.855115460259684,5.520522087083465,0,yes
247.08408598116645,303.5304328559833,286.4252038588651,240.72003058525766,1,38.841943307615345,936.3159485665658,19891.35531841303,920.5140768504178,863.387172303869,118.25771468665664,798.6160467795623,10652.65127641291,457.2410034043983,680.4211955605076,0.2668344998858448,10.266649493536987,4.977656700634064,0,yes
250.3121103442419,167.35462640034334,327.1031743873434,298.60260107914513,0,27.231945879849935,742.6332022452557,17202.18847892415,911.857013092025,755.9592144586687,214.0196682678319,940.3056854850398,10741.106429665333,570.130772086013,774.6057581910055,0.22702530329869966,8.877344082261914,5.125734726843075,0,yes
286.19197717075065,144.2111905041135,103.97252431416413,241.46916348112717,1,21.602064230041975,909.147401552002,18516.282409721563,924.8428030944698,226.16831058311277,753.0395152983846,904.5266472234642,14116.92006032122,324.5778682853392,656.6041497396635,0.16954861803343396,9.573508897497524,6.34919700561769,0,yes
238.33214113215743,204.57186392117086,144.6813099839717,255.7511200423917,1,29.75625331546962,705.1669668539889,19031.553913056985,996.5658339570125,353.2852763881285,640.5005453759485,748.7003866724466,14186.670210527504,171.75085156615603,619.0937049715516,0.19966041504973484,9.795422197226344,6.250747323628619,0,yes
226.0968389283002,216.04032365828328,137.9350156285555,262.84274266013193,4,96.56167904383157,964.8805092688948,18664.740083733424,930.2666478301503,881.6645529772875,55.25851507411346,822.905336435804,10044.014698153105,857.5086732284371,626.0990669363954,0.22316974935987594,9.661226695777954,4.890739524410389,0,yes
278.1145328977896,155.0808352549381,109.99709589746814,273.95967928675566,1,96.60980002379338,916.3126473407115,19075.191867713642,962.8998135342566,824.131565972356,133.11936520382778,952.7214707033071,12767.814991830322,261.9155940652638,616.9430664343672,0.19000587144179432,9.85982369858207,5.795547957750261,0,yes
256.25649002214953,162.66344833649197,153.14133363319957,211.76098032241012,0,23.42478807146233,656.0449020370941,16793.601728692247,937.4533944059917,714.8226937312505,262.99259721288604,911.2621160952418,11982.574088425798,391.5827539127543,650.4557100290565,0.17326143059099203,8.65751403006554,5.523955987722901,0,yes
215.75769686765324,283.10826755908124,202.67914187641475,278.7283291682435,4,20.61765611657939,710.2556442100271,15829.811547728335,952.1447741932521,24.803923424267026,906.1375340174404,906.1075700085833,13294.977623137616,472.27903252574146,781.4778509536475,0.255270239674051,8.189531476544833,6.090010128041152,0,yes
253.25003477104775,396.25844473445824,208.81195374428762,240.2130148924063,1,45.24405904639286,816.7647884516364,18746.062880033674,936.4906963387702,151.71298620325945,832.6495396147205,915.6265313320841,13984.118051448626,591.6813146156196,754.3458911011733,0.28988594767697884,9.669150313956585,6.420978453511324,0,yes
297.7195525826734,147.91532733220797,103.18383675488279,295.447168714379,4,51.94468640385712,779.520743554117,18385.904142110106,958.1056185739968,330.8317165392063,577.752169621278,753.3489118413943,14403.786390888808,856.6258627628017,714.7073079175464,0.19894249522341573,9.48373045900516,6.614238989402249,0,yes
285.5851347352397,186.51586469910927,252.52351963916826,211.0046315786933,4,85.20550407287874,698.6741760533916,16533.76729433622,972.7207553982936,92.57196721650423,891.5172954017823,906.338441535328,11319.424008883556,806.1147213773268,658.502911793186,0.2300060642440257,8.541798170095099,5.424462797310983,0,yes
207.43464368701,362.8535150190067,307.6950429911537,213.58453577002217,4,28.720219767085105,689.2418813367186,17940.7363606531,928.0654146677581,783.605784238478,144.7672303406756,953.3041580368908,13517.242015194925,810.5679305251807,614.226460586254,0.2951104783559128,9.237067010671394,6.310691408739365,0,yes
240.89891709107968,167.37761264892129,274.9784459660891,236.06735046999367,1,43.29464762426311,833.6758235800529,19900.79067329371,958.9879798288592,154.3870653317538,746.0758597672125,753.0313941764533,12239.26173793422,762.6935661596132,768.5577711824367,0.20893128454283216,10.25339851895254,5.716769948312192,0,yes
274.26219185625376,202.87765019103728,262.8866514247313,293.28550294149414,0,53.8862528181795,676.8022853377827,15279.541631888744,958.6767814570599,813.0994371161139,147.82823336915487,716.6848028253326,13455.214713984888,249.80841154355335,656.0168590745155,0.23370802931131968,7.907946031399662,5.976868864744813,0,yes
204.83712570167944,231.8344191509036,261.2891265805911,281.36171554649457,4,85.97547135571084,980.0860418405641,15710.029822096072,998.9723289169524,252.4896757331234,745.2747717808303,945.5891975385612,13798.339436415707,535.7079564598537,645.3282391170151,0.253846743429588,8.19685136534422,6.32373595460782,0,yes
257.7685922651948,175.60629035729733,182.71537988404975,205.5659991280206,0,97.24645537542207,611.1574164931545,18481.613895471215,907.8180252303288,595.2933038719883,357.7166723723226,719.7503502975552,14996.940479445067,750.7227208070937,684.0898658585936,0.19258609555071116,9.487680756604092,6.797749349003813,0,yes
283.7617158550618,323.5756731883281,119.59333516424068,264.55901175221084,0,32.96551782233888,750.1537623817289,18429.361157866864,971.7803015799697,58.06206491278336,906.5393053941903,858.8934111274949,12492.475191410696,879.2670316581498,721.8277288523144,0.24615676642794157,9.500825609542469,5.9096167544706235,0,yes
257.1183629642222,116.13795238687007,122.5200187197904,261.46849597777566,4,77.08675135131342,696.0955816618606,19302.42564684013,975.8547545696255,356.1239965130154,547.9937733603437,875.5599253479361,12870.315900923655,419.617372102932,698.6367353097879,0.18132268814027963,9.925993670361537,5.872200101697087,0,yes
284.1646843748555,204.16694384511285,286.7636309780602,233.08360657739132,1,93.08000824421319,600.2483031131538,17216.13873140009,937.5521788157986,509.3368295939488,430.6222989470082,715.6838344079854,11418.708025150841,879.8096109318792,719.9212816075329,0.23714069311168745,8.856642565375417,5.419399571127811,0,yes
296.89434085635537,317.7633853108996,256.84806755043155,287.0534060601873,1,39.525616095991,750.0438403669166,19265.992335308154,991.7789580476734,508.8461840953455,412.8918588351303,811.0827691476496,12592.636998768256,789.9180462118939,702.3661605333803,0.28227025232401715,9.921885066035603,5.886356898604034,0,yes
235.630179773252,287.04686384678405,253.6137382902912,264.7509817675796,1,57.354551088925064,680.9374342044368,15092.247058028097,935.0117009956315,128.31077619448888,868.1657223872636,840.0889971799436,10779.877917172314,358.87029964362046,772.6476815580429,0.2593642211154684,7.811952096517058,5.020060151831697,0,yes
252.4889803142532,302.5333662868585,318.3085399543446,234.06992665182116,1,74.59107256303672,667.1720375963563,18743.224759583547,903.0467389755751,307.1686406485978,668.4804388014063,807.8010366993205,13373.61865964809,285.8856254693429,786.8122898068668,0.276659560531819,9.630053423527693,6.014453191870449,0,yes
265.8141910221651,322.2865678649995,231.61851788218902,282.39493430395294,4,62.18758575285698,889.5394005820103,16273.090858012269,929.5797820298648,664.9671537231462,266.53769640386815,948.9779831867443,10896.508748830194,416.96922913899925,611.803233939893,0.28901409475991985,8.448109095046355,5.10334121760007,0,yes
258.45227756542295,212.78318442064443,291.43595000405617,219.83811463561193,0,70.97222068936777,964.7587240777597,19855.515713075103,964.4062308591627,348.2358732109049,629.4313317638739,982.2318833635251,14771.682704774548,887.1104535067218,644.0644394397865,0.22883782924040427,10.261280285954568,6.865340642236204,0,yes
250.09783992113034,352.21148508045155,160.7750477161108,201.46647578870753,4,71.49862043256746,997.067992354651,18495.276242239746,915.4417366892773,479.7978933450449,456.3078538736764,815.5407494753533,12861.437503629728,335.4464293600705,798.1804220827667,0.2698122455657377,9.581890528361699,5.828576093632823,0,yes
218.17994425073908,380.1015954750042,175.14648160864928,261.57759338190453,0,68.630921914433,913.4819163409222,19010.832142942505,933.7842137645235,27.9739003306843,905.2739057804642,977.7338315940947,13070.318072935243,799.5213813662123,663.1887650122081,0.27547152423288623,9.822995358486349,6.144350645906456,0,yes
253.1909212044566,386.8348528662614,360.57028819788576,229.5416064363816,1,43.557170683028936,760.7108925507029,18343.93027675711,930.0974478275502,489.14034105596613,427.51948332739653,781.3606068362046,12433.87555757896,847.349911051099,770.4344779749721,0.3141143985906982,9.454715710074682,5.842270504980204,0,yes
212.75919590872476,308.319942946947,143.88949023427574,251.0854823008353,4,41.68026975773604,647.7456048362981,18598.912992720583,964.8121645514656,518.4726424648336,405.2990626899325,716.6662966939838,13305.084168494843,358.0201028520127,719.0567879393188,0.25033696419313334,9.562120707559448,5.963293845821855,0,yes
218.05960858923402,126.56339873994028,357.8015357943291,225.58736534664527,1,89.18617018680548,871.9622326088133,17327.40299657562,927.5776656870056,404.016557951742,543.0561623000275,749.4177544065155,10647.896105517526,176.99654449947033,774.007017015389,0.20995866342083133,8.971012635394738,4.851605721338865,0,yes
218.1553013327665,319.1025849157228,148.02654652027707,240.4073094103502,4,49.95982578139093,917.4474213501903,19182.166298084157,963.3325561105669,819.6562125058692,92.04318762509331,772.4891327927484,11608.596650279145,626.3678622934121,637.6238301622501,0.2550636646397993,9.913629122906846,5.402003575765289,0,yes
205.2279004595687,263.2689912832882,253.9738419120041,269.565367146095,1,59.17554967784797,859.7116596418377,18220.40736308023,956.6807377147798,524.6430140844961,461.00901031539934,996.0508894353277,11216.590712173023,501.51554758894645,745.0814766664058,0.2472780074085591,9.418746750980008,5.309018311145881,0,yes
267.47967669437594,368.0098193345799,111.87612059841422,290.6776856742147,1,78.71481773876799,824.5147566280982,19936.87077059843,913.9819552514712,365.5412424080155,629.5607267961823,914.2676310935622,10042.217162602652,220.5572155545064,610.4377117656098,0.2753001284572984,10.263208596613524,4.677768844529014,0,yes
281.95289746072,164.06510762966582,139.8577810201801,238.67171080129253,4,87.70904157979697,890.1577758979092,16375.40213099329,975.9810425543383,813.0160341885563,102.58562721599696,909.8773673918765,13081.130602793635,606.6518434149955,676.911403759407,0.20388077825603523,8.505791309252876,6.043772869366217,0,yes
200.12028961796693,335.2826245702655,225.85485452809746,298.01872251734835,0,92.8877335453518,759.7859528639585,18886.951598479463,938.0273924656196,807.5982190184524,133.6281010853977,721.0243342910312,12187.475702725145,408.63890912603074,649.1226721770357,0.27574473934921256,9.72710866054784,5.53142683411718,0,yes
272.4140559316372,232.6683626410703,191.11493998672287,238.03183432552746,1,80.23073218063831,668.3662068527559,19022.81676771935,956.4647747714376,762.9206455690825,200.81799561589526,829.5066544953647,13892.729273270324,869.5322862953456,647.0172269023807,0.2272973072236418,9.777430732382598,6.444100914149957,0,yes
281.9777408379357,325.34198187202213,227.43253382722668,213.7448035549796,4,63.30406923202493,790.7266784736989,19835.753565235613,906.51631423915,817.7415934757665,127.56555509895668,923.568128227649,10474.465295558952,795.2896302552613,688.278090078721,0.2778556829553638,10.204078247415534,5.087605289445599,0,yes
280.2375894159961,212.35965498580748,291.4119087655166,235.88126637565628,1,64.73675141197901,906.0457505544443,16469.95070585865,915.4396898031787,14.654829870354515,940.7193275962072,886.4770042265287,13600.375063782936,255.94289342297546,679.6669371354435,0.23784564050427454,8.54835148114087,6.107645278622135,0,yes
223.20499899441282,210.07802476156175,210.92745946316734,234.766097246566,0,78.14920196126316,931.9687264838049,15415.232473432245,969.6232493155699,56.58699825920152,905.8375995214965,958.9556569738609,10452.354926802365,430.9221404197599,746.3544047473345,0.2110872439460975,8.034343499159533,4.957207421914173,0,yes
299.15956039846924,192.42315799005317,155.61756726854009,241.9190565906601,1,74.96236787842757,786.3131184826077,18516.88027663526,948.4507986747774,241.51101898805408,737.3808843043519,982.6892572513059,12820.59684149516,107.33012698913402,767.6615017877881,0.20760295747180027,9.549401843343635,5.789670065668708,0,yes
294.513326119941,372.28775917223066,290.2132831872102,281.0247526228661,1,59.98948721135925,993.4356912075522,19181.940222247653,994.1312059526758,476.7061467786696,501.41890227171046,734.6294094768167,11185.19315531914,298.33790546174896,684.3670157656748,0.31181771327859525,9.935217299726443,5.1015498800968375,0,yes
256.8135370322118,346.6259535196714,189.51327787550434,217.91691335714995,4,71.10923218924512,802.5287211894592,17385.931138009946,961.7079067421981,906.7609048978823,46.90183510383622,769.2470156076993,10950.575445096963,414.2376446590905,792.6693723283519,0.27741610299053454,8.989369521630508,5.07890532377555,0,yes
287.5787207704892,268.90845182068404,374.21399834071883,294.43620715563134,4,88.90808932266067,906.259174023814,16388.110501709703,999.1081201244007,61.684045510483315,862.9874019955396,934.105219007221,10620.131151703457,429.1452236913428,724.2624872247342,0.3047057019177272,8.519006184516357,5.005550394369453,0,yes
272.26910176657327,296.1379402774503,280.6197063721031,270.00872538080347,1,70.14648333921532,951.0782144084458,18673.877777150465,916.3670404644205,791.2635647285674,166.24705437300338,954.7880454305331,11429.732570303555,201.11097173566162,753.6658861612004,0.2756951878228612,9.660723997011006,5.254861451595298,0,yes
276.89802867969706,180.90003658217117,141.6303345219922,287.99504636803795,1,80.93349136458319,773.3591645543602,18651.28166425846,945.989894781218,372.2982451853267,616.1747760338405,771.7221268091163,11888.295832047788,312.5461738269798,649.6682808695912,0.20734175488424494,9.613381542890988,5.400186505119497,0,yes
257.77964070564786,239.47654506969369,242.9363475707581,235.13831763969964,4,43.869437457588816,796.4029011962483,15723.384024821331,978.3548611945048,938.6888648902986,45.47844478479692,753.4067212363609,13026.59428485966,707.6375476349783,686.5465953549287,0.2453832439812071,8.1590274065956,6.010464373275598,0,yes
289.88068659666004,390.8357998284694,251.10490059111626,275.1560656365053,1,24.549178241841485,743.6968021405279,18272.72895579334,953.3906911398346,250.86277084644888,742.5230669148332,883.6100792912018,14279.07390776544,559.2549274982149,749.5732516219286,0.30520003556011976,9.418544050672367,6.513799942670669,0,yes
291.68796860230873,199.96126232630613,308.7198286085194,235.50835793390834,1,78.59593636512844,643.702903025961,18197.48194079705,964.2041536865414,420.5153377682793,483.02994398489557,948.8368973565102,10468.501438920062,214.00574352267483,740.1542418182149,0.23946634272130954,9.360438784732748,4.863955551742137,0,yes
209.85283876028703,213.51373267437594,398.7009821486542,210.76449547392616,0,98.69668840656914,876.5966669982481,17748.589419480995,981.6504506170397,2.2880106865296215,937.7496157490245,785.3606225510237,14279.025921340306,571.6045706158069,746.7427188867746,0.24611431451795565,9.190098516906476,6.471682130245777,0,yes
209.9557778315969,100.89051326596044,346.4004822293345,218.58269268024227,1,89.595017611665,856.1535672049332,17713.280935429084,964.2268697418413,585.406738906258,325.71992478191214,774.4769496781391,13575.880221956322,525.3259856377744,701.8660464180649,0.19503680674505858,9.165421597041892,6.157658624789073,0,yes
262.0736628537807,203.36431529036668,264.7882980628336,245.2576534872341,1,75.6826077829341,647.9214739273112,15662.326158831595,978.5066083896614,781.0519054486609,126.09802267190526,721.8939017564342,14752.298862700263,396.4976460701542,794.3544502103315,0.2298750307194082,8.095757460737062,6.5674085465801095,0,yes
213.728597352563,141.39041101897223,228.95932300427953,260.6847090470128,4,97.25864830069084,867.1317603653474,15896.452934491565,991.9492677301106,896.9899969159109,25.966078195708405,769.2252809996481,11757.843261387248,649.7954856855616,642.3089340403944,0.20960902075435825,8.263318455192154,5.4719197944123215,0,yes
262.6739855544313,175.12672614041105,287.54962425054526,204.34106939885785,1,44.40318475826782,784.4354907890811,19762.604416448306,918.9809016649175,530.1427641172122,389.2781504059501,701.5350693392372,14097.914656242003,426.92716345412805,709.5474474076116,0.21109277830980944,10.16780451961685,6.300083882653506,0,yes
266.1046128187802,170.31912964518398,295.92162277836195,214.3189224622128,0,76.09792645660251,787.8331685295686,17722.087306475994,902.1771410271273,456.8035492736861,489.75734882895796,928.0149395328616,11729.05684688732,698.7613496913715,777.7626184823779,0.21325814233338541,9.146008488414232,5.564645585102286,0,yes
286.94871741813324,140.439038530564,304.1147100692548,294.92792116060645,4,46.13964548739902,915.4976698596856,17882.083719046943,969.420461548613,685.9228543275857,290.81770565789134,815.2442488210287,13835.815440427907,417.1132911435543,712.4033937081452,0.2339396634976848,9.263983777136916,6.245061786097413,0,yes
243.572978009715,252.99843607630646,338.41308730195095,250.67121526136603,0,87.01391542793566,608.32791649009,15980.117688858527,929.578171303796,543.2870868957908,403.38696840895966,932.9043561922563,10565.932482138312,182.0596991451395,731.9992126655548,0.26062161535439915,8.239293285431593,4.888599620209649,0,yes
262.3200587757291,126.20100000930877,214.56719379404575,225.68001778528682,1,50.33649536899463,679.3537703529366,16128.054562619227,995.3240030390516,96.72293753292927,813.7863882018497,732.6172219006294,11246.552039803346,517.1211970036633,631.2818001168262,0.18189477901894846,8.33782980828384,5.1965463148757705,0,yes
299.6633251628083,337.03980783062747,327.403859100016,203.60147069614757,1,29.17391591808932,746.034047682839,19277.441241378692,982.2427109701646,539.470872455034,440.31452577023606,763.8533423904082,14661.776351839166,395.10893278249955,619.4956148160037,0.2864516411937782,9.925400176141345,6.534306776626095,0,yes
250.42690526511495,186.832057602777,198.34148031625546,245.8119611261132,1,91.32729798548739,895.1806098082292,19158.654013228417,963.4252625844438,197.66509994213587,780.6445986724694,934.986663299627,11600.128787286163,701.0266017537296,715.5664873977654,0.21057785031274945,9.896822705381801,5.512884605031478,0,yes
207.48478229189197,237.79443763982854,381.40823107205614,260.06130557063585,1,58.925205150562746,779.3557209987675,18284.553784443324,968.2966128164851,577.4870991633235,387.1371834061123,775.4444218809052,10472.200007727,426.1301186138981,747.8342216116677,0.26092758485202316,9.434424010401434,4.890324122804555,0,yes
276.1318870772919,365.2974484864184,379.59493721209384,251.1671963868454,4,80.06756677225555,846.2868244202982,18200.437053512233,991.3600273159699,157.05367488805072,753.4411265257555,791.1887662924781,14932.254636908092,872.6367099882884,633.7315008975582,0.33312217886896334,9.41053084601098,6.836780514314474,0,yes
206.91496315262125,344.57735538238416,207.37739223782037,243.1898822525636,4,58.96097161805229,832.4107171154617,18846.78228444104,991.7231133681801,936.0769217692001,13.215224663643426,996.7836597267911,11970.281461881495,720.3214997464765,640.8357085972124,0.27739288575576704,9.730635783150449,5.679549075592777,0,yes
255.96742018980638,120.4586558717568,390.36332483886827,229.6405260487415,4,34.28848021205329,782.6187955582607,15546.585561522515,973.5208491804526,598.1321650166503,379.7147587080143,870.3099537349296,11287.425770907816,725.8301650832925,791.3062037482739,0.22472854456643426,8.06688773983485,5.381862234921104,0,yes
231.21854623340562,202.55488392910735,309.9463092719973,202.5088223990945,0,69.60078056006438,966.960589007596,18677.395667724406,994.4333844809354,95.16610440807061,858.2409646546661,956.8289338242748,13090.39627806341,209.344225187684,604.4486671193575,0.22136765781677187,9.676881054608897,5.903036277653645,0,yes
274.1766803101537,165.61716294180133,194.96284679633771,228.13655314218778,0,21.67208530231293,811.1749509389454,19521.40523274054,907.7318134085733,499.87643966339056,479.15763399013895,974.6913391081762,11850.44760033715,300.82797571896816,621.2466382560177,0.18812970113179006,10.051635660352398,5.456522757576934,0,yes
215.1895868390642,195.7776068461336,348.6731162525032,210.98040844168767,1,77.2406160916414,892.5984193361421,15647.690933842821,955.472815188577,62.96066681281437,933.1012654116038,849.1727643873129,13798.23009050018,529.8880369074863,610.8979494093772,0.231032787519802,8.139659432046775,6.2780616627643955,0,yes
277.772015104379,344.2857584709816,380.7969973254183,263.2330449539035,4,78.56904287932595,801.4080061327027,17493.904206380586,919.1212325589082,15.98164897651175,958.0763817197192,974.5458133523963,13870.767223643135,883.4289460637233,740.2502431059718,0.32739033028905,9.037258367052148,6.512606627413448,0,yes
222.26701554608854,164.28697291392015,249.1139694802932,206.3245373348042,0,86.74893859287539,988.1486602801417,17323.691720824252,912.8422461796482,418.86012992675484,518.7689328574688,992.4293683525846,10752.585244228761,843.9292130289684,662.8484045365477,0.19568276452338842,8.993680933833458,5.241455171847457,0,yes
210.5311779430084,358.5254566949261,348.24722874325107,252.15836732856724,4,29.22408497612407,928.8909062047957,16012.902370241483,940.9946562988491,552.1002673783911,371.3725369780625,893.1987937525039,12950.50184910122,743.9088111314702,685.2277958544604,0.30965858542330366,8.328533309300164,6.041923619060586,0,yes
270.3932679559325,183.65178733028296,242.6149289661848,215.26419285403819,1,38.677930337591405,813.3629247485476,19157.93093314791,958.691067482377,887.4174810709246,38.80500991777694,943.5517686485,12140.475384882999,395.95423065674265,615.4236875308826,0.20795777631129572,9.877375428719539,5.590099984115667,0,yes
228.7444846786343,120.00357398365253,243.98500299810823,280.1128339718399,0,29.292938282744146,719.9493857419685,18447.480276126407,968.0122827952534,476.1160198740652,456.76967752705156,965.8364037204572,11630.20190250314,364.55836003986695,632.1553266252429,0.1852966234276533,9.502689082037659,5.385444518099124,0,yes
250.11504854026475,212.83075300798043,185.32603964714866,251.96580756403418,1,49.033600487680154,909.0773185211458,16801.1704351466,941.328750566939,273.36235224191597,642.8790951519713,775.127462881326,11908.95106482485,209.62862830826828,754.1046988876914,0.21424813178267751,8.718197395183832,5.372487354386771,0,yes
215.91065505763933,110.28318949398286,344.836174173271,272.22371804826867,1,55.869910706936736,822.0180462385217,16909.992187408505,905.251910510562,627.271452204107,295.74445907418396,883.042859998413,14349.470642306807,538.7116739009934,686.0662570722967,0.20572061641694397,8.748018044815172,6.515417786698842,0,yes
251.36620915077137,140.75679163855256,245.3937186728874,282.41869713166477,1,97.14828814047566,730.2927682993262,16975.492030021935,961.3802214721971,242.2654638799261,746.3990902082767,785.3068089972376,11861.785051121127,879.4996543261924,622.0039443346795,0.20973044051689813,8.76806279836625,5.618205088145437,0,yes
209.10834819713807,386.37642274098977,250.69671255651616,261.37922329062576,4,28.018480219245447,830.3321128551461,19102.14663064405,923.1423364369658,742.1782954384739,217.8281536685489,774.0767339118524,11058.440247115048,436.9294607919028,771.9639276546663,0.30280194958312245,9.848403667088595,5.131167983841108,0,yes
248.65970387451958,194.7686349395736,236.42579124892634,286.04155988771345,4,84.52389994449709,765.4632116040679,17494.159068304216,922.9129647115598,660.0930595640244,262.79332787549254,703.6880088289436,12312.106756497473,175.5273747276891,668.8416012911247,0.24033622643550004,9.029901040971616,5.481173244294287,0,yes
249.47568066715198,173.35021665245665,147.96626509623002,211.01875011312154,1,86.4466976060279,618.8542717901224,19328.00408725239,957.8531360429222,9.028408310969512,973.0733555254712,849.1858525166361,12532.57006980949,679.5546338342026,749.1657651909749,0.18741736121927485,9.919409857480606,5.847930636100391,0,yes
274.89454331709004,160.28007581201618,191.54143761330374,298.033471698671,0,73.3713600219107,893.6269879699521,15187.012596401524,962.3528661477641,166.00060591914777,791.4694372362026,955.2565146858924,12398.834440740358,182.95162251979997,681.8635602363436,0.20587916552597518,7.910501615360499,5.625922044898564,0,yes
208.26707673950568,257.17285545456906,224.61776281586907,276.06115671718976,1,30.298966430476895,721.3927512842372,16085.819105652135,963.6733900803532,435.65643963817183,537.576033750114,741.4675889081544,13502.381808867005,584.4533140605696,795.8945923152723,0.23702154481979681,8.32157814427849,6.159733001864819,0,yes
282.27146849763955,179.4860975509952,274.08978435021595,299.8946348453916,1,68.60616064553297,616.1186329712665,19753.1236064247,938.209256147593,693.2866460591567,302.4123419933961,841.028435789049,14881.493737210232,400.2512985368131,744.2697951715517,0.2347785147315043,10.128673418491825,6.673750237035245,0,yes
217.74028339574758,209.5013338088164,239.4014098907482,273.72601057251507,0,80.25216628812332,676.153904167917,18778.68003743026,956.5867666594087,318.55486881393267,677.8936913426703,991.5128251811013,12226.668652505376,109.69390972838475,639.2777351238784,0.2239177486598725,9.657085192628635,5.542056616689869,0,yes
291.09652356882486,295.415064176461,186.7635135078416,264.0540715299758,0,47.30116198616429,801.1465445031561,16491.924310187267,908.3178661662754,463.64997381097777,449.4717739807291,751.0661785018752,11642.598795666343,658.3010189701864,754.7040490657257,0.2509566061969069,8.534734133701715,5.435444326334265,0,yes
251.30846306941737,282.3064584731259,101.18393370176364,232.00256752258338,4,30.820237390143397,627.089379232719,18618.414703483926,998.4603095803471,942.7148758181596,57.023046458264844,782.4454117451041,14158.951151298246,256.24524349988405,693.1597451431935,0.23107912278445217,9.57202457109637,6.297496697112352,0,yes
244.53377064421474,179.76318217741397,201.71337674258328,230.7549489512814,4,59.89351455043359,921.7055328668772,15747.939720763012,906.1627591937655,364.8496819951905,565.9602161751524,877.4382220842397,11774.999051901392,793.887614444217,645.4544392333975,0.2127158815215412,8.189645017150859,5.581191632907374,0,yes
200.7671143829409,164.58050157438447,139.3845665700066,276.08820248364844,0,55.62403062645661,844.7856059309,16753.618194804112,938.3915597668946,967.8032249483978,31.092876798654856,987.6538455306954,11162.762926144127,369.22360919759524,734.3180303159448,0.18118003624468307,8.679476181360101,5.231620393572513,0,yes
226.74290934097596,137.8420305620312,318.53721423071653,264.4796037845888,4,62.00893170739144,939.9088538737891,17078.50230323745,940.0327265064901,165.89162650678293,744.5592079032142,908.8092685647182,10429.020134328126,627.6254601632974,664.4431109740631,0.2240750798271483,8.863719650687655,4.988548816215123,0,yes
263.8370477967015,253.0379804914506,321.31826016642424,229.21245204452282,0,22.511871861138324,811.9214413544519,18644.85163256708,905.4162408416618,154.00342004113912,762.4305243781707,794.496478748933,14474.2240857197,596.7512258423407,733.0795861741083,0.2473811844394086,9.613209900284332,6.558427816691991,0,yes
231.9785535049666,100.77564345463739,238.64491830184352,213.92024954475548,1,98.23074042309622,693.1778281169485,16375.831317907827,956.0084375868222,276.98829613296465,627.6098122723147,911.7460191964957,14082.337658373957,811.7269606445244,709.802086112112,0.1763742543632174,8.459316858358882,6.529866646479932,0,yes
291.14826655068316,178.2787911655496,326.32974559691496,273.24535407529953,4,43.12913842367167,720.7721662335468,15641.331068392872,933.6726482176626,635.7318917175717,363.95984731517706,929.7687079244536,11945.997190060061,380.0488053489535,615.7945941715425,0.24933577901080375,8.095071457013276,5.51061401439882,0,yes
224.35048250271387,119.50704975684734,313.0315227661759,263.8304439997436,0,71.93970299919167,957.8882243109229,18013.355334467786,933.8736073202648,488.20394272872346,499.90243362993016,913.6819212646221,12944.303555619565,876.2674778742065,780.6914426389997,0.20045645266520784,9.33442216789685,6.122138863736658,0,yes
281.4288067380261,267.83580561432996,124.47618877245094,201.38544967124926,4,42.23497512751572,781.9618489872487,15706.310389523542,957.8482600417076,190.17898459030604,758.3988577790573,729.786700096364,13287.183802790003,877.5809496534141,672.4597804045609,0.2290721905545039,8.14444142548839,6.166464842897528,0,yes
289.0989462437502,160.99070774179867,175.78806367850393,279.43077939111663,0,23.330170998953506,848.849747469917,19809.588793656018,993.0286517714625,748.9870712904936,177.84519487386171,707.2787221870285,14551.469219814266,708.3560686593811,602.564956846526,0.19480132703833752,10.215914880196236,6.583356039345806,0,yes
237.51637199747995,182.81046473218566,324.6126770395864,264.39516690869607,4,69.4689592215922,816.2717288243092,18683.043796853577,974.6243720472135,273.63760749117165,643.6052540930173,788.3376330079549,11831.588590318906,440.5066466918132,723.0934186153023,0.24555957384293126,9.642781685607657,5.435199906838944,0,yes
262.91506533380925,238.47007268379792,273.9861426500478,241.71234697408275,1,87.49385920622368,976.7685413989445,15545.684703980025,952.5949367018216,486.6891542458308,416.5038211543453,899.2347312832883,10644.632623744177,721.8243726161954,798.5323996537904,0.2466395202476751,8.107501963808941,5.125428654318785,0,yes
246.97826378251384,320.03710814931276,351.1430497966768,249.2400766792686,4,44.517874684706456,986.404615321869,18929.93175822937,993.5711575868925,558.0636241797192,371.2311534077081,823.9656919620016,14933.981961480604,554.4225423106654,614.8742145910875,0.3007847510534184,9.807510635185242,6.7234046390658015,0,yes
273.96354019144985,317.01707334495865,119.07559586653028,249.30444576867222,4,20.427757148059953,856.4870234123296,16515.652777263756,954.9919472469688,652.7612833229324,321.34002019722425,813.6995467037112,13803.56780615143,290.2144420046326,765.3704870927719,0.25356243637873516,8.565409963226493,6.187448619927881,0,yes
243.8859999890907,171.334536975579,147.85182822913674,257.37797122148663,1,68.83013391051355,952.3102200957023,17834.38903691118,968.7103545590043,810.3243147204861,177.90822398162015,802.593862004554,13569.703763514659,614.0986734642104,628.9036181193089,0.19293830461708966,9.248452224775015,6.202968517879797,0,yes
274.96655644926847,301.21811564667934,281.6196251531097,244.2511475656654,0,95.8386389003767,690.7022132401154,19269.39853486172,993.9276836144721,935.5535247521588,48.30626092459522,830.5642892253351,13465.76826409948,676.6520638086914,791.400369593767,0.272348000233692,9.91079840167734,6.218474465506346,0,yes
208.75250808611878,263.27317936062786,323.4308508844542,284.38587322719434,4,35.29535910246034,779.7051970853447,19793.569039907234,984.7111454193324,307.96986355202375,649.5055143455295,928.5340342469482,14302.478877925205,785.0350826142641,794.334382491596,0.27357843091306694,10.19127911111283,6.632448292634572,0,yes
257.52287959872046,325.99027375434855,249.1117793118697,259.94017813028245,0,66.38797516391656,911.516873389309,19929.02918677094,920.771513349288,688.1184835081938,261.47801964964617,717.2297710122538,10639.632558464351,850.9829258100424,732.0661782629311,0.2729823397140324,10.279864314240347,5.099789841696347,0,yes
204.70214635663584,263.03646346781795,177.19244133340447,224.04250533770585,1,96.64562955086234,888.0045797365893,16225.242744317928,967.849753500965,693.983321526654,248.721277168028,734.196073157616,12495.871911198197,182.60632532159784,603.75246281182,0.22736930653331494,8.42910023326435,5.56391586359254,0,yes
215.57019107725523,321.7688791766543,385.29266000793416,262.09036015080335,4,63.374323591073335,764.9138730286928,19223.036931613864,967.0544480410133,621.0935986419814,281.22052877105864,979.5804742814619,10750.397141724152,134.87230079474665,737.8160106494698,0.3092799004794551,9.900284224774467,4.95687977209562,0,yes
284.7555727478506,354.3294873112111,243.81756040211818,266.2085498739655,0,41.08597827951936,680.865984778712,17814.74055395623,952.138512942024,68.78209264226719,887.2472697545409,724.8639820374598,14125.068781210579,496.1087081759269,717.0103813514997,0.2847795236058043,9.175536177678739,6.35396020991418,0,yes
203.90578471525325,271.8039097011223,180.95499135221326,251.4328563651581,1,67.93041034388935,674.4944936626595,19345.796411897536,949.79534026719,484.837874017682,485.8237173765956,749.9277950328642,12365.002759029732,330.9035705764239,770.289491718406,0.2333954800596731,9.939344923450506,5.602969869971233,0,yes
234.57464139610477,238.4759684640244,189.50610386958292,236.31538250554416,0,40.881357885247816,912.5554789886423,18466.908592319905,942.2045700102631,146.77333870896217,835.861720825566,844.7875235754119,13711.194423742209,495.69299881513825,683.2886100064212,0.21522326699838965,9.55197828017433,6.235437801043532,0,yes
293.3085608148668,101.05267766694902,167.07768890992412,222.41203748046485,1,67.85716448426457,615.1495380608721,16318.650430105576,978.9129752305969,320.72073492760785,603.8068791700227,948.4218709031524,13837.588285942235,846.8195018004379,725.1228503328556,0.1678104062136419,8.416834568634929,6.465423850257931,0,yes
240.7295006557164,198.3208601450762,227.81751230064987,223.15244054146254,1,98.29810847685279,674.692314466257,18104.748212220642,950.6508981232867,824.1226866211455,174.32082851374435,960.2641341450221,11374.5590478121,881.9792353262603,639.1299345731345,0.21618753438895658,9.318981866043325,5.497885101479553,0,yes
288.5376383512883,200.00575024801645,275.89495024143037,248.0416433658013,4,50.045215658417426,787.7552173262152,18006.51086634334,935.3949043603179,671.3444443104086,302.2039948194231,877.564568767338,10768.16559574326,676.198124319327,609.9258080057534,0.2434373514531799,9.292745273261078,5.132671637846261,0,yes
210.34461044689883,341.655733327558,283.5153987450959,245.64286551013652,4,50.53658102799303,769.7643775736511,18531.748306811027,949.4961061283949,495.99868730497235,472.52266996691344,765.6591750151174,10376.73888396778,184.1363910225553,746.3754080533503,0.2913163198769895,9.553298039013495,4.751772087259575,0,yes
247.31725790620735,171.85718799883847,260.36555760991723,272.9594967893762,1,59.66203259355496,877.4511753350567,19428.385201280293,947.2948313106084,488.33103337949643,442.4318396308651,991.5898936975038,13332.475905323694,643.7604656463569,739.6574341605437,0.21804761001633624,10.025450424159835,6.2022032282660335,0,yes
258.44081581160356,373.1329080777463,212.2921548073619,218.92521393647195,4,26.859586206666776,909.4406510467575,18459.26629720726,918.4473720259459,196.1319134571451,707.6160585894635,938.2993386684863,14233.205775836866,781.0563010699027,736.7568258888275,0.28742017441308076,9.544192554102327,6.59201936521305,0,yes
223.09648603385085,296.72123511111727,226.0795198371017,213.19655357398534,1,62.827704459983515,618.3964294236814,16702.153043911174,903.8080507773667,362.90071405159256,582.4245144262944,853.9008794736375,12921.744897547007,889.7788464430373,646.5389604945135,0.24652102369209802,8.59897743560051,6.070965700682873,0,yes
278.160875351301,188.02540024622527,351.0289999603681,226.04860459069818,4,42.72897542747341,854.022097764508,18486.329625850085,917.72640933326,305.5848386350344,613.2412294665728,855.790228090533,14065.741342138992,179.09631265397863,675.4685356695857,0.24703946083311018,9.545080187174609,6.245211134330724,0,yes
224.22287662138785,295.16878247852924,191.69067202379378,252.58122999662254,4,28.461139906069548,941.2612952384798,19701.42287808821,991.8815544916527,632.0284353632337,291.5841866347861,884.1814997107399,13519.819783351943,644.8142208109684,745.0581656093257,0.2547218959256139,10.182644034833668,6.234336600991143,0,yes
256.1768637167364,214.59922564135138,182.20287573024717,297.63013146080243,1,57.06036338097212,724.7801768902901,18379.065269352843,966.662668146909,529.863626070949,410.3417712992249,820.4402300885794,14638.331329941664,310.2243132015399,752.1064638234975,0.22523929497593756,9.469361008339131,6.525619883909813,0,yes
203.2383811474549,241.4362813144579,181.41175820615905,261.464444329431,1,71.18464089851975,887.4678711486911,19967.689517917563,944.6761036975493,4.5746730688532,963.8710437167365,858.3882772644214,12507.725298802761,566.1383921074652,740.3917502327827,0.22367102133782732,10.297010407958778,5.793254173324189,0,yes
291.9700815438178,333.0378328702491,321.55723756966387,218.75176570048808,0,25.558535251470804,903.3966818672257,19641.060931949498,993.5021264492977,812.7791080527264,166.9384987864247,884.1013237750667,14641.817351475862,477.3193983988888,716.6721832927608,0.28128207025838414,10.144052445922897,6.620064010617599,0,yes
286.8873046076087,265.315494471687,344.16523016688603,293.7414150803643,4,77.40942464308478,910.7542575500249,16134.323318064424,969.1784189064214,387.6155880637036,601.5863258669674,738.1587460472609,13541.413311406555,106.11685833014626,702.521939821964,0.29558625660403426,8.388990240047187,5.972488311535131,0,yes
256.40701835497435,136.51805622634868,272.7118106615275,234.75752674795848,0,94.73421553583245,896.8310216314505,17133.85311728117,958.4571419741548,437.7585394099138,467.4203808714772,963.5129291413202,12071.805231402208,780.6985535043733,607.1330793265071,0.20030018749749096,8.884111967343157,5.720556963834036,0,yes
213.7763479387348,197.9262732936699,109.77846984786802,249.5876806872508,0,99.31941460662082,731.3485129882172,15047.813956389164,931.6401672235909,663.6067816431678,268.3512463157664,739.693533839149,10477.23091594079,230.9039554580613,618.6049807734203,0.19043302763029568,7.800368721699501,4.778439788544501,0,yes
264.36606324822986,342.83894259722547,167.3677757173111,232.3595259060158,4,60.011879536401665,941.7934626550011,18890.558593363356,990.9208657615404,838.1534253493278,140.69942758425395,993.2675947117021,13375.999713226993,216.2343742326536,782.0885811391327,0.27392106136767513,9.777200463378534,6.061543638130099,0,yes
224.78152366116348,370.6611454203541,260.1381168488019,277.43301630774624,0,20.44062080046163,725.9560162818055,15620.76492179155,997.1712056428024,608.604958561954,373.6983181035805,723.8757347603303,11287.043485668773,822.4847929201301,749.2138288334703,0.28664129119771126,8.094693483094,5.356802301854135,0,yes
280.63307559692487,201.15070667081105,143.47834006647912,216.29371442724496,1,77.49203514961246,714.8866965853563,17964.314593251118,983.7328240925186,842.8068523983336,103.98384423953007,928.093799792073,12709.092227413235,785.4521029708528,647.6426543085831,0.2015116017518253,9.262163645730025,5.974197123041691,0,yes
252.9939394292055,258.62727064524415,306.44962141033403,266.0719344875503,0,52.82543462870893,854.1538906611238,19528.202627469364,979.531111539678,47.15297888791169,879.1041266468045,992.944408918793,14867.02872671332,327.6834605605278,729.9605360464116,0.2564533395612993,10.074546127480996,6.688232235318708,0,yes
282.5733911606587,108.99198051200287,209.70219361801244,257.43118128295424,4,98.73481670467676,919.4790387151937,18567.591957558565,993.3896888197107,303.20890361771313,617.3396946611383,700.8997876767662,11866.991800840746,537.6774556714704,670.5078115189674,0.20103762413967013,9.610962637427267,5.44677108295783,0,yes
219.74684600074016,372.4884293742295,118.50066608251115,285.67623937519596,4,89.54692930893263,706.8614088324017,19426.744499049844,948.086601828269,642.4990188594037,314.90232371475486,917.6714347319515,14047.339728556864,365.83243425758985,761.1892233409081,0.284744677044194,9.986692400998997,6.3539322311925694,0,yes
266.4400345168992,131.23000452210024,142.59253552792748,280.2525094560549,0,42.31624549347778,792.360217111088,19958.70646231622,944.7019027521858,127.01491770565893,814.1474996408415,969.5267854364226,10091.215741533833,804.7482150292687,789.6399437255525,0.1759391987147674,10.271147280618399,4.969353718914142,0,yes
242.2416604312569,311.4137292237257,378.9640166015722,217.21215206931114,1,89.28046008650438,893.1696308248223,19295.310939051196,976.4045500236599,460.7034976120575,442.88956935096815,718.0102066404271,11629.48060943995,814.9395335880681,704.267125460976,0.28952287042683883,9.966487279422925,5.4716464492131065,0,yes
229.6019457790239,263.66592014623063,146.40100155965567,268.21301233726064,0,98.25638815623961,668.5249077942084,16182.617673725174,979.9179682913501,682.2431202267325,291.47386630963297,860.4283569753503,10347.832466131049,519.2640323834332,755.1382549012734,0.2296431314348734,8.360603579566826,4.914050676950592,0,yes
200.79999155105494,331.1804757217436,202.4234501817783,202.9745646021489,1,83.80701917951659,759.6565980235165,16244.56626939397,944.192265118676,864.5283059121751,96.72452205876607,887.0283845240353,11906.713958247285,187.75139291021992,771.3365016773123,0.25335252436691535,8.406733872021444,5.416075038056289,0,yes
231.90805176586335,127.44695739596456,358.7885617067112,277.1689883075235,1,88.90024240650993,719.5069547263328,17545.09481937514,923.3752257619759,418.0390046399668,526.3460145626586,747.9395484400903,10031.72201397984,366.13255424454456,666.9759486646285,0.2225388301836879,9.045263623067283,4.665665000679036,0,yes
297.84725588331077,236.04060131414226,164.1456358709987,272.36704550113814,1,83.52877271521709,711.1948359064789,19379.02491138631,982.5365413207169,45.97573715549118,878.0781856757071,714.7226833068931,11745.952350726693,865.6670386846266,675.9334121179363,0.2337559327682337,9.968539813365318,5.536273173148492,0,yes
262.61849475202166,277.0131651241781,164.79434568030888,284.7915478271801,0,22.49755257457725,957.5166039191636,18050.289046130772,962.0188560172892,712.250953539837,242.23015649253318,997.0232080623977,10028.332258852859,206.2931949904705,733.0859795109716,0.23662631519029828,9.356673766682201,4.710118567616919,0,yes
287.411517494799,258.593872029049,322.03426003126685,212.56498622711678,0,52.747383197607,859.2017106469416,19104.11971785346,933.2351243321442,138.65926075161804,779.0907875855969,779.3975874613739,11851.468854737548,157.39353363833635,767.7138567094889,0.25320210652522446,9.857265953812407,5.332326458046154,0,yes
261.61699128930536,393.8129311560588,173.89102264531584,276.1171396565767,1,20.296650619484645,613.9409717455319,19946.62194333358,914.1755139522216,509.7864912160111,403.99946279332187,889.3475600033715,11714.940854231892,144.22612036406494,631.5410842394817,0.2870273794414002,10.221657991148206,5.2979173502762595,0,yes
266.20759793044436,221.00319093697294,360.6956508743959,298.1754964633549,4,25.864211134777833,677.0189944028623,18758.508800695825,988.0519305564184,377.2385444437472,546.4372221386592,804.4017824320302,12208.688694268067,767.187725824906,689.6147529400499,0.2729566141131969,9.651536439165085,5.719596710622184,0,yes
272.4202992403184,160.95437858642214,122.74209795574366,282.21364321220284,1,84.63676961858938,946.3716349383078,17658.62054366827,995.4266128440141,292.55098125871,620.968730553775,932.5458223301447,10799.002023070208,766.8893930949621,605.0805793952397,0.19432834789010348,9.162904957660809,5.194396222774589,0,yes
282.4319607880295,323.62550648588035,395.8964493029735,289.50531132211074,1,31.26955461158966,758.9564395323729,19539.826205163976,987.3239187288896,492.5839137981633,474.5910387499133,860.8560373722046,12341.617074414538,678.8358331399744,794.6400362606767,0.3100450090522365,10.060159958411443,5.779931026662365,0,yes
266.94159455499266,304.73225694495426,283.83800189856703,257.75648642926024,0,61.68271770446278,996.4982722074419,18242.77937698944,996.184122639393,907.6571359175158,76.96632108343977,921.8984726913993,14645.57889260097,880.3246650077904,698.8678616114712,0.2715877805313664,9.466630224819953,6.796216980933315,0,yes
206.31325544179683,192.49996826940162,205.41366943381257,220.85628390587215,1,89.16896829096922,857.8848557095075,16820.599267424423,967.4442298509249,140.2188886457717,783.798404697748,797.8845910440336,12715.430525394791,616.9009637212412,797.7429904091467,0.2034246677108685,8.719914911531733,5.873977552231059,0,yes
253.2035666604408,234.42328176509852,177.32005153100744,240.7610958068022,0,56.54162549466069,879.1823941677299,19118.896067266047,992.4303097048868,680.713384143081,231.14409031967432,754.5753866294062,12851.68539351014,874.9056784520822,607.6759482373362,0.21637730030358376,9.877330491559759,5.987599139572639,0,yes
256.55176000259104,156.34002419693016,126.77657208828231,282.3379920026392,0,25.52347883714078,920.5792485110314,18712.16616069267,920.0666148299293,668.0631141782196,311.56691809997153,854.382643606126,11183.701693477886,729.2932680113188,755.1528271335314,0.17987560234539018,9.673400701753497,5.330811362660655,0,yes
218.87164899730104,274.87753374170927,283.4299814420456,268.1355244407663,4,79.46819464100028,982.2807991618009,19793.23604664785,954.3610149510264,813.7761088348252,175.69125481692458,932.6695791791084,13106.912340044317,706.2335072000507,717.2193119865661,0.27380010931420745,10.232791835987527,6.11851763506985,0,yes
218.15381766146317,118.5079651577092,286.59104724339534,273.8585431587747,0,97.43504928226558,737.7488638174227,17053.094454510403,987.3703613672931,906.0766120983998,34.762540460350806,776.7604463903675,10179.128672367566,584.7545633114819,619.5567149089038,0.19919799884201528,8.812103949987506,4.816908615311947,0,yes
284.10812333853374,361.80054886247126,262.2506866295422,281.50305082127966,4,64.48259564234061,616.5252079695326,18160.73587576646,973.9987974343331,763.6819909163015,145.64977086798297,992.76984750468,11325.82186275451,722.9000655320173,687.1719980209198,0.31337238719004834,9.337496974610135,5.421799734365524,0,yes
257.2413462199429,170.0025098618008,110.02084889575379,284.8782268219964,0,92.99154683425367,785.4389138108157,18949.574796071087,995.9862654544191,67.16601009576696,880.337967943664,818.7005263726105,14471.239086399462,619.0663738505762,740.2638877480547,0.19106626609966187,9.772121860361118,6.58105365507644,0,yes
237.44338452987787,178.60681010052554,163.07243283113635,263.2610224602172,1,34.400945377994304,778.3430124288634,18619.871215399784,926.2269588691661,234.2641748900917,734.1614084371579,912.7790497404964,13104.273142218308,383.7573954287974,631.2365365545762,0.19492601661230585,9.596073382953819,5.96629899781447,0,yes
268.32744690119273,188.56603769881698,341.0353972981152,221.0644643879741,1,92.18999792262764,692.5274463023268,15219.36712847027,902.7570034845593,101.08032247472012,869.6586571925366,850.6151990065208,12808.395395302217,648.8988844268479,786.6042826465339,0.2372336836383785,7.873645369611803,5.949988559334891,0,yes
236.66157593888957,109.15488441964457,270.1576658023451,256.1281217960439,1,32.66694709190992,931.0391178321543,19763.620978969207,927.7717134847693,603.2781341460015,354.1293412109791,820.7859399196341,11903.121404570438,382.14742320344106,653.5205607496831,0.18681899609487826,10.20256975852968,5.44979515917221,0,yes
217.92370905289548,306.4214644639026,151.74077602629123,279.49887404070927,1,89.58717797442952,731.7924982689674,18889.233812782928,920.667755326211,945.6729050144104,19.522290503385534,795.0803500812192,14411.982660661448,136.5256248240674,617.5874761145832,0.2515053133936933,9.719674244796725,6.341181868152131,0,yes
292.9413145558213,296.32762804856645,270.11343075798624,214.40651288542506,0,78.87489454715922,749.4476985113064,19336.49796109421,932.6542753909865,427.0286335119112,518.3126961486898,743.1746127218303,14287.7443170891,654.9520356279364,637.308798419679,0.2622651526653977,9.948853165495947,6.477938071709517,0,yes
216.05498821105812,348.80084599396685,187.55622801272727,263.5783222511312,4,31.19159013068454,991.3289586832784,18042.159640681828,968.5830583268433,430.4721230875139,488.9975812339382,934.7446561572796,13160.475376190023,826.5733021516065,721.0789676197377,0.2768590669979075,9.361303859576532,6.179781944341169,0,yes
255.81164890265248,250.37936414065243,342.98780558962693,290.4194232052132,4,66.4105811192348,843.3891829539681,18719.85054383874,982.0851546971776,484.0826067230303,436.41836712460355,807.1757090524839,13557.10310337654,667.3087581251239,761.6282976743478,0.28339542827685527,9.66830076887452,6.229223069686417,0,yes
239.87101931006026,128.48197895252721,364.2739114562782,221.79220984813188,4,75.10309174813953,796.7167074683799,17808.855392940684,982.9271466501317,492.1793452101321,446.18322215520146,900.000466296082,14122.198654128304,816.466084378199,708.7783961893455,0.22424577025688788,9.202465857770216,6.547492685791647,0,yes
287.71770244314615,241.05412242960392,245.29918331521864,252.5651466602264,0,37.25002405218341,955.9379376419627,18517.323418216973,999.2150673566201,545.3216101394743,448.13488962638087,754.4765743622429,14695.561829727641,156.23288086251313,637.4555186879677,0.2369301668234168,9.594976114876856,6.452761265596972,0,yes
239.39014510829256,136.51470471287524,116.28880616106753,201.82059852329218,4,24.55109911797657,647.6512037976751,17829.245302280793,999.0854061344338,4.74672675965015,940.1828926056577,886.1273606459943,11416.539774259498,132.03761649566994,618.5367065574264,0.16745250377031293,9.182010556722869,5.174961793568925,0,yes
200.56313097600565,165.70581738393156,185.57718568344683,268.8718375492412,1,89.92980998917643,698.7924305541334,19392.18195236564,958.3917309551842,408.4372973263142,546.543389721614,975.4866283738006,10834.093800731553,277.70235188981644,628.2310582847243,0.19771296546561654,9.969054452075834,5.038641762309893,0,yes
294.0798046464797,327.6770010478159,390.1863369399796,252.0101189046943,1,96.19571762779107,779.4449436479571,18303.69786714453,977.8749321861601,499.1597141896813,467.6102765304003,722.7634736785773,10601.742439251206,283.39658716099416,731.7524631420625,0.31266274564256785,9.445339438686068,4.8621372516912045,0,yes
247.59800191427206,173.55094670646832,370.04625375424774,245.8010851557992,4,69.6376477270285,980.1337907848456,16428.000596890815,963.3437559609458,831.2420058064477,111.36153823301947,804.1222545828352,11743.590383814848,420.5340068135494,629.3902337534009,0.24851915486329254,8.550916619629945,5.389476643984004,0,yes
224.07933381904877,360.8665882082708,214.18982110569425,262.7017796286828,4,68.85394019990801,754.2720505958664,18331.798052710616,935.445354176964,525.4015220788815,447.59428006932774,910.0424512985868,14106.688820536281,557.8973077892194,639.594750187796,0.2925839935250945,9.447954920151519,6.437551127252581,0,yes
220.30499570797235,207.4161706229441,399.259745027124,203.26977853086748,4,94.08367872344823,957.8587219156778,18962.41405144938,990.6915802160019,595.055470582371,323.4089328693483,872.3071446991628,14749.004137311407,338.95277167173293,787.5659222654399,0.25902735196066523,9.81677942694092,6.603875478173164,0,yes
248.34466884674845,318.80214921678277,267.68517876357276,282.00916709340777,1,44.4731244179292,830.9697703681403,16258.983942385781,912.1414821209621,886.8564469774469,105.95912767240964,935.6903107964613,14250.63969895134,644.5394599082271,787.0276192425135,0.27832013796546573,8.425461418642147,6.5622849884041585,0,yes
227.81495118731476,110.12127058070803,343.32836841127903,258.5190710233987,0,75.28549490806515,719.4855493847617,17624.207065900893,985.0652115488967,469.5694514988731,439.5729179147473,738.9826978295878,11804.117682952134,207.42139933380983,606.1759265350263,0.20255746679103892,9.093308188590402,5.294775044493121,0,yes
209.70178842638433,153.884831879928,254.12319945277594,275.9302683126573,4,23.25297179055334,662.7050825719728,15647.991159608668,924.4394933392193,632.8535252782505,294.28995465063224,808.856014951031,10592.617366386075,532.9675050680021,634.4768080260617,0.21287682679359138,8.084381619144509,4.9744989222023115,0,yes
267.7705323473168,261.70276051364294,189.74954578981158,297.229501183312,1,63.29784741032753,847.257585751547,18217.35429944298,913.8374404213896,567.4582346614711,424.31403353549024,815.1117102637925,14480.771204520219,499.21445450371317,641.6124109890035,0.24776084085916597,9.40853807480313,6.528602097413257,0,yes
225.99648363972327,241.9291283889784,300.77039935926325,266.2509408136848,4,87.41672338294138,783.6797465118606,15304.921686359601,976.4608892157114,273.51826235309335,650.6018680506763,917.9265166584805,13051.20468391318,538.9031180557948,695.4695648102207,0.26561116268510654,7.946698428398566,6.011531672977652,0,yes
269.57552555538405,221.79262530969635,324.51144289694594,240.51888676044194,4,31.03489730489107,605.3100251067133,15631.6076981858,931.5890007662316,258.377337331117,667.0963948867136,884.0469649364845,14922.917112212075,396.768076177377,701.6090347935626,0.25558028220013135,8.064658263461745,6.690806002424606,0,yes
211.88264121116748,135.61714582089618,153.10407129497545,287.2018088935163,1,20.656609484997716,672.9109650824225,19720.94789555435,958.2896370862527,483.6007811407913,501.12281015119476,770.9220376743945,13173.904298234971,188.2010449180724,655.2530386828017,0.17556921021722038,10.127743064845546,5.864584441737039,0,yes
201.88820381127357,393.47423089082815,372.90352028348155,279.032203499023,0,42.20985536183296,831.6584170901979,18450.34085176501,955.4261031866691,541.5891921418599,422.52948099567925,736.0916819719774,13188.532398876716,571.6079840364271,640.5712234901421,0.31848548862059073,9.527230152091999,6.005094782897741,0,yes
234.14228373263217,334.5055158677393,124.98910895426941,227.1720023320205,4,86.78845436948605,610.4218804348634,16680.503903204495,931.6318452145398,18.395503829782985,895.3608822910037,824.724323592797,14685.021655176228,740.5886720756956,779.3363212468892,0.2606196604444733,8.590222876641278,6.718160814366368,0,yes
218.68417032096204,370.18943685938797,147.20285959269327,296.3162011738334,1,27.505423771645752,715.0030939103613,17928.0860701429,930.2429760782042,909.8294406411069,17.47095778452865,912.2274476229512,14892.076526785862,581.1906759127754,743.3206156352304,0.27176008701055465,9.23670693329972,6.769282439867337,0,yes
291.0414657394558,258.170041936073,155.0715725177142,200.91088116241446,1,97.23717771363383,619.107723420294,19930.104720522715,912.268740476713,649.7589017193551,341.92612269522806,706.9325772174371,10934.20766725072,728.9062753802546,776.1562511256564,0.22736310363386888,10.214262664925226,5.176347055271742,0,yes
223.4248361741574,133.315467559082,350.76002933623823,274.03409342924493,4,89.46452134390213,867.6274020223326,19898.073459689105,950.9169223981628,963.0590881342716,8.556582457707464,763.5654641909206,11515.56193262464,716.0380929013077,776.0128096700811,0.23365300885562607,10.25857253578243,5.42359757114861,0,yes
289.5942183486242,268.9121595349284,324.4664090926207,207.311487020397,0,30.9665476750503,663.7679580471813,17272.441804175294,953.2692106699951,924.5149170219755,32.99890567420016,841.9700982546751,13816.077181711073,189.72476777828584,749.4655910566198,0.2543041588707193,8.900796778317785,6.1591596976141,0,yes
231.62931628060167,352.3654458334902,336.5152361582452,284.43042391040115,1,68.38516008689447,692.9981734040965,19057.890721984688,972.8933277170146,959.8899704418096,11.305420376186817,882.2210574013905,13821.326438987511,479.1357473829791,663.3935452217263,0.30688904979557297,9.802636280249192,6.283643786865008,0,yes
211.77917453427253,391.77637186469013,327.33634083901677,257.6740804069576,1,53.92164767301917,758.7807089312469,17133.33679442571,978.5776571589722,242.7736351827204,676.9213969694645,744.5491575271814,14555.153518025174,185.96398812705496,675.0374215926122,0.3111415688594578,8.855665335613649,6.399288794114086,0,yes
238.9676766910354,249.57963919639096,106.17575994852587,259.6865899421684,1,98.27025674585502,963.6615686073076,18730.171749822104,913.443534208188,511.7934798691752,415.4570762903755,783.4243122540067,13201.911033655177,298.2808051775081,630.4985795828917,0.21944336298802533,9.691360512475956,5.91366350475979,0,yes
249.29294928336458,170.92436046674007,285.7933693647667,283.7933908448744,4,82.34635647664308,828.5296153043266,16730.184533084703,971.2267855903722,869.1966525625854,38.698713835228205,886.6646245664206,11298.055038864517,164.84064443661356,702.0928552693916,0.24002863698532664,8.668629177510535,5.1467983192211975,0,yes
265.6487575770916,262.7882148773564,214.29620877815847,290.85800962589525,0,54.31587813589122,957.7760272001631,17695.21409362608,934.476972216516,581.4726842457922,326.2996803506253,848.8865311832768,13254.297621406393,727.5203965968717,744.2346047426201,0.24643245245690637,9.175408531580706,6.144818036319967,0,yes
242.76549229526492,399.48624096483144,236.48457943831824,238.1663060957323,0,52.532500989213005,746.2238714662465,18848.96029620791,992.9424884237603,47.96139916217059,885.1350875470131,845.4527732353325,13249.08492380975,414.17584565212707,738.2362947267919,0.29189280034185866,9.712684517369523,6.018689469302337,0,yes
272.00499752025905,354.2999972272788,203.298171497203,261.4917814891889,0,44.91599312111893,620.8538564547264,17532.781540839922,965.309910737087,96.40154549633503,859.9120211542404,753.0389366559738,10903.765433764223,511.6487651950746,755.309982899098,0.27458727328426535,9.023261712218021,5.08804384700475,0,yes
270.2342054899909,284.21059301233294,138.5397731848024,210.13972746518795,0,59.51862464605642,642.3680720560421,19409.299249300064,967.4282180230713,206.13115973046808,731.7956992106957,847.3852406359276,14963.467275391817,379.7534788694834,790.3398489478814,0.22494079256927602,9.966501007786109,6.699049240774078,0,yes
278.4109447292328,261.8451282177969,354.1164980477244,249.18791572332287,4,96.8778453755252,933.2325420973215,15885.729035201917,927.0365476476563,248.6392596356817,653.6844990262814,941.6803403421648,14311.947595073429,144.96912063446388,645.5392584460935,0.2886523653689203,8.264024246068022,6.3582178856332625,0,yes
286.2632254109973,128.3551439759379,221.28958802706103,277.41892874312657,0,48.07714357897897,809.3219229250328,18606.564497640622,932.3659984997014,877.7930073828433,83.37077621116907,935.1839799910214,13894.57216670887,498.64471549267364,718.579730992321,0.19319596569365075,9.597170307775736,6.3478190100526835,0,yes
248.57182053001412,139.32364594917453,305.03130856397075,266.4741915099497,1,20.505935886060538,684.28742742032,16928.728689037383,906.1722228998287,146.68184711932923,776.8163258805187,816.5185819567218,10163.317785524196,124.43081108768786,703.5887492455565,0.20790755308089523,8.726982832536017,4.651010882560792,0,yes
287.9730648539687,183.68040602952806,101.90600661132136,250.6916077226635,0,24.002546877565294,883.6383391780497,15332.001124182974,924.6717320513465,691.1303947746743,224.9587515462283,839.2616316953045,10327.526062576098,277.4343980636611,763.3029600025434,0.1832948071698666,7.975555049680147,4.793896640093995,0,yes
247.99847726036108,107.78843228655116,291.16981209425944,277.2197369444056,0,36.58892033606874,907.252185940114,19262.322416818584,963.637803624719,510.603656495973,391.93860555315763,768.3065554706727,10001.205044676757,661.688928274668,636.0520864829876,0.19261900312967903,9.951428499557199,4.770047217775105,0,yes
265.9238517547904,302.27013560951025,331.0473072253753,261.7365868195711,0,59.36410050541121,650.6738193780823,16947.605624908825,908.5782099314708,337.484845966521,566.9541022116114,929.4256230480937,14209.409385807321,294.224493418694,656.6134634202066,0.2804205481683286,8.72939064330743,6.37374279270066,0,yes
286.35878171928687,197.27470555233577,266.97343293386723,262.18977583300824,1,71.92016359470236,685.8140119173885,18544.42567595213,995.6840870466593,207.23661147406236,762.5343612114796,970.1002520840234,11191.111577282127,874.3943808590557,607.3964578920865,0.2338641154226299,9.547482552917806,5.417291224971557,0,yes
233.85326142784325,126.97109367822775,227.18112217903354,211.73269847618073,4,52.975207552353055,840.8121146859884,17975.562600938218,971.152274512211,325.0523383977499,663.5862482564164,784.2141666567118,10758.293285783428,758.6167351844119,642.0039993377325,0.1906687302633963,9.294065678561259,5.130629590772454,0,yes
270.63382425308987,236.56320580424398,218.2320401731812,266.23596220460524,1,75.42551907003231,947.2680951414109,15832.609576688963,907.536321946401,30.80326165089939,951.8921005476035,885.1514902245383,11098.857757371417,723.7085994410951,630.0510215539628,0.23908994171405773,8.238010509227076,5.290880092784349,0,yes
285.25953483312657,169.9982582097221,272.99709887544805,235.25965291826614,4,37.074071618435994,674.7882619310074,18543.38889612461,982.3324099502527,207.00323307927817,699.3320219114094,812.6928493696836,10127.198865657774,642.2459233838769,618.7301148653305,0.22625277332693397,9.542695332057123,4.82867580242723,0,yes
220.59707641353197,307.276705889104,243.32962317482074,205.00146331116034,0,20.642589022454317,839.3795127917999,17178.26690906489,962.0577860800934,53.75247355267776,923.4490247493248,928.3310596543865,11337.369225229533,868.3377741859546,730.6048511263341,0.24293647190420622,8.89384080980302,5.473880489988553,0,yes
249.14256918375438,304.2961806436448,324.4449071695303,271.54328802884027,0,72.11845248435647,831.7280412235696,19599.553672116494,980.4117430046362,485.63717106920603,451.42242857694623,790.827973808941,11975.156499212146,749.5135032820746,639.3168451449357,0.28135260404047535,10.10530120011828,5.608914357519598,0,yes
235.95419390338023,153.34344114400886,155.56637472054638,260.363004588386,4,31.678161651088963,709.150384332607,15385.488754988968,929.2722087339689,485.0870471641048,486.2480455498892,805.2667708263396,14476.464023839548,662.8122773070392,729.9910665904868,0.19420948601971025,7.963986016855005,6.597190347410998,0,yes
244.19035564459773,299.8673270174761,162.34619221172483,236.99033864631758,0,25.47247950326014,938.0688108847014,19981.03093622734,922.1023415158784,289.5036651955237,694.6151901809593,810.1529960137783,11787.965667174058,176.54922429623872,689.4775084637338,0.2337614754932525,10.312105467175517,5.325655463458705,0,yes
239.34182985158085,186.16099852772757,368.7786766093286,208.44598834658728,4,98.95796602978794,840.7723470786678,17347.386926141735,983.1507048585402,13.440576826526472,929.1677686768415,786.9370241917266,14053.051065238209,222.64330458259786,744.8974780874717,0.24848215671463034,8.981628188850665,6.242446181589983,0,yes
270.82616048630564,396.29258416783597,151.63013979827508,226.21051974837707,4,20.511794184890675,961.1763751368599,16732.257782933353,976.1313666400779,516.0613641240001,442.544351940861,805.0295939594664,10388.733192004183,321.6239067282738,778.8341369262589,0.28677816899989217,8.700447228589239,4.830267719146807,0,yes
287.39973400474753,238.91414669805334,225.91687456293465,293.2960650455331,0,52.602010933043466,929.6880871100382,18094.0692503188,934.2216281059095,206.77313832346346,749.1344061675402,766.8974076440187,13987.819397139798,424.147701530151,614.4860937320378,0.2422331891469939,9.368369327204466,6.273607310580322,0,yes
205.6488990139361,371.8825674188165,362.29559118145517,261.47954225923695,0,49.999043618001096,872.8837751065944,15694.913570318773,917.0518860271386,202.10887540201546,741.8426695263347,830.5159260511416,11611.376100272038,591.6846954406967,643.5998761825261,0.3056702542018053,8.153535900618843,5.417652845944249,0,yes
297.75678675175425,144.47256135341107,264.5979344688424,299.8644450861014,1,24.132557920828166,649.3987188055199,17873.38941199513,919.8635863542371,125.49288828715974,870.9961526841555,828.6495560718464,14954.684427882832,460.6399530533422,722.7082088868211,0.21524088726739657,9.193545922268383,6.719481453678614,0,yes
285.1226148795626,281.3023322087242,165.27939026517117,271.7033309618484,1,84.78231094941867,729.1568002955566,17845.111828057674,993.524453426725,528.8115219033207,400.31997667015617,956.1236469730525,14081.908013290651,725.7402740288327,751.3238644471137,0.2504997557283439,9.207067421465009,6.52190744542812,0,yes
295.3092307142553,111.55526126757447,106.50842296745216,205.13625864053506,4,65.65827229063908,825.4258859903309,16400.290022971207,981.6658720237006,202.74176814756237,724.2735019143115,910.9071214496437,12933.011052539412,227.69007550666362,634.9491815529091,0.1684195613549342,8.504429387925688,5.8294100926801224,0,yes
273.65611533170306,150.29568209490571,188.2120477672972,246.7420916515784,4,34.24673692517228,896.579758477965,18233.862019949687,916.7918745578114,617.4962998809463,359.6908186166819,723.5451347580373,13818.770557527143,270.62748401997567,691.437119675622,0.20188645504911457,9.428341539599506,6.1402645186909535,0,yes
287.5370947399752,157.25317586221743,196.1938518683092,235.38695601960083,1,91.58112899444131,952.6159167437982,18125.552077186796,979.5257989332979,209.65459509052732,700.7054383278993,779.6740586533748,10330.974532396585,227.84819548274325,601.7991037365794,0.20096061244064342,9.39559864888655,4.729560980227967,0,yes
262.9941185677771,273.61011333418713,205.6214611865537,288.25691633155134,1,52.292665585626835,697.3297998003059,15596.021487026357,978.9007734330357,443.7178770379121,489.32516754493884,836.1021417444401,10801.64120325113,712.8810992459224,725.7374600843033,0.2519158252679415,8.073484133094151,5.153789772775874,0,yes
224.97979445088845,218.03053126057432,122.63124511050117,233.71161405933816,4,92.9410946608829,924.3791767900354,19540.939312727096,916.9270720076183,806.1182392395799,111.03422018286835,949.6529796421864,12052.628449910433,257.3351244936623,716.5339976187811,0.2144823940517057,10.088224613732454,5.513993109143032,0,yes
245.84967871880724,110.10331973089806,163.61098162475758,270.00609180821954,4,26.954053893287522,623.7976910532979,15385.26233275482,972.2363849991003,477.6098521844144,483.69623440012674,758.3062432566447,10470.317052989287,844.7504231729247,601.233470065957,0.18110793094414937,7.951099128999377,5.030427228538082,0,yes
203.5982411623404,223.47131093633718,273.197182236598,267.7299677752626,1,82.96295395853075,938.9133256790642,19684.162002471985,907.5409469516942,214.51968433910858,688.8334108922703,721.4603570801909,11237.856176877032,313.59650070622934,654.6092078143491,0.23762160548695083,10.161874472385621,5.109273274128234,0,yes
268.2725279291587,180.73924864108082,252.16775766443567,221.00409057038522,0,98.31384723021365,865.139123253731,18317.153722863317,929.2418955120568,840.3952875551975,156.2788929055796,920.8274114355221,13172.474404339322,156.00720556886245,610.5362019413724,0.21308065008763147,9.464575043034502,5.906906737688787,0,yes
261.26401105017106,348.08282484882795,217.16805914671653,250.24125047154723,0,51.43970009678296,749.9970228122495,18902.504430088495,929.0660696843005,250.9228716725618,742.1557449212971,745.8590797703969,14299.077962137344,374.87390077806884,600.4583617618828,0.27208498821325855,9.731486297353737,6.373295120522922,0,yes
204.44052888413833,207.61182257089797,207.45999385582473,259.2561463515139,0,84.61394644511607,733.1042702301892,18663.989477712992,906.691218246731,906.2946425050395,14.825498444372556,884.9773023381671,14540.106882395501,146.29084047085598,770.8034929378923,0.2127495028551423,9.60543249723591,6.446445216719501,0,yes
286.2543831204715,341.4437129492136,364.0838561857954,240.34747360852958,0,85.43010660061728,735.7854967433066,19907.736806404002,929.3674153285777,402.4107320654316,572.5119164527546,916.1856911670292,13384.350162558367,829.5228755828019,672.1237450417519,0.30427086638688466,10.230999113171592,6.264255814265321,0,yes
259.446278442679,204.31224219467057,351.36807298022404,239.68473421982657,1,25.380653561745284,601.2982719113979,19432.774791809697,966.5478205931913,574.7330634395016,342.515781260527,868.8571589148632,12400.159498189885,100.92714817974286,624.4218692163076,0.23980032509302912,9.969178690541103,5.546031927319244,0,yes
268.6340706422137,276.04731546298706,226.87325952884186,257.3731234889395,1,66.96185347281155,677.6274591686737,18058.83517851201,935.4517303743933,348.156028975589,646.7038410438545,838.7651118009065,12659.086087168396,202.61126196389424,616.4274947541867,0.25352204498183767,9.29458072054584,5.687884784882044,0,yes
273.0543015699379,350.56164685068643,304.8495722428962,260.8586878534246,0,67.4678760277973,916.3960199754143,15097.149179333244,957.9734205727918,633.6198474332718,303.681943807679,813.9021772639887,12707.717644443223,554.9351231799498,660.7079552644523,0.2962432737186742,7.870142311297729,5.836173762841984,0,yes
203.95450910233322,101.49653483470706,269.9322604268384,295.0959775851172,1,51.50354314025745,685.6295112359045,16581.331841257514,973.6039600927402,853.6991929158044,140.79998526822715,868.1338136792914,12938.372835936143,528.7094846120497,726.7964127143096,0.18974176394732964,8.56283705036449,5.956243454013885,0,yes
250.08979792593965,260.80149410921945,343.3707972935672,299.86561697711045,1,31.35287751946228,783.130257747612,15674.333050226016,941.2291781425398,613.3748500986837,295.81402492617497,945.4758402023092,13454.013051347834,213.26547546512796,635.568364860592,0.27239996369510766,8.126427002856959,6.0435121867547315,0,yes
242.67681202110273,291.1492267703999,233.65277509563862,288.19856216479195,4,92.61036495919065,603.0348561892406,15722.406778891584,999.6671029369409,650.2725190528371,332.42352053063416,912.7604907108093,12619.60371221227,561.575056843316,612.101771148495,0.2790258944252799,8.11895735678911,5.843025077091927,0,yes
237.85970430692566,205.33805603252864,331.1919379417834,247.18266608180633,0,21.751870624398446,976.6171808582858,17828.026736422507,975.1667494283547,561.1514236666079,377.0582793862046,741.2171100555566,14581.017932089715,700.9524721772021,727.468731143436,0.23048969834736244,9.2517514274461,6.623753054040901,0,yes
215.67041420124,103.47907927326713,147.30388686123126,200.75154236105263,4,26.939938913699855,854.4011434134084,17590.569733446562,961.8839274229408,298.96279270925805,638.989466096325,714.8199207534042,13444.313756984098,545.2417158582464,664.4973757624284,0.15753166329182341,9.103348033752667,6.087888644314582,0,yes
243.57580891954976,215.0254335443343,342.46628331570395,284.3539449359345,1,46.440922892665796,888.1010260143119,15080.646163013154,945.5065958167111,403.17829683628605,530.7667217327787,864.180712685843,14188.316757090452,308.6031301103943,702.8619952742581,0.2518790943389782,7.853746344823807,6.355079525964915,0,yes
269.5356546988256,152.3473889301116,126.34789217560323,292.22642393449973,0,57.60444063553872,841.209420127828,15422.069119873808,926.3106892545816,5.810304924713448,966.5019587635403,802.7882483548901,12025.625719449046,646.7667355180283,776.9922918063359,0.18584543255818783,8.01124135371598,5.615830601227427,0,yes
200.58292804751522,336.2160144388961,288.43789247415776,226.4260008064166,0,69.02326774107888,768.9964892123544,19673.243090836404,993.6508407040169,857.2163274300108,68.3565130287219,901.7973638886866,13163.211040428429,631.435863873908,794.7699579808841,0.27137367441059157,10.129974430854817,6.100283786453688,0,yes
206.83364404188836,277.96507561087355,184.84895306180374,226.19515255488494,1,55.48382616322261,750.7603233278599,18592.938604623512,954.837973788522,267.5637597753313,657.9839301401539,738.3141367392896,13276.774033098523,837.2653277810363,642.4495596993639,0.23039598565807445,9.580412114152534,6.142488743324775,0,yes
237.9086984277213,371.8687810674056,304.9625574304831,257.90504859710995,0,88.03947622211727,892.1264815895469,19903.062813747274,963.6355122456292,370.5897816001008,552.5180214189845,971.8190550786471,11757.84156256958,104.61719825801063,727.8691210913971,0.30233950567965534,10.268363257549597,5.346172506927138,0,yes
264.4417275569799,383.6816349575741,374.94553082305436,282.9983442929238,1,25.136116496723446,722.2140718236263,16061.777384529289,912.2794977926812,701.9330128765536,237.37159365983587,800.8479012060991,12430.473761150224,749.4202370302477,707.8771936431174,0.3255275815581055,8.302684983018096,5.80433362307435,0,yes
251.2417768237369,348.0629394635055,266.91547228012325,268.30683527550593,1,87.31902567715073,846.400804659448,19115.684975546992,917.6087447413278,67.73702096117118,845.3333532921416,785.8020960042043,11768.388227106501,845.8410583120076,754.7243297453632,0.2928829233113341,9.85802605258179,5.574666161429206,0,yes
274.1975935675503,360.5650566522654,219.9480459778939,274.0668419247313,0,36.66748652495127,726.5166190879289,18804.071736752165,907.3425385416916,302.50967011693854,598.5611374479737,889.0602819330643,13534.813469172961,687.9258303362299,687.1708457718962,0.2821791432769886,9.674107633474422,6.248795907450391,0,yes
297.5721105806564,292.1780478967632,399.1084965106829,208.1927191488039,4,93.4622053214419,818.9022995922223,19793.30712273543,958.9523504029629,350.5424395519606,624.9550392069523,991.2377440161492,13903.70865148534,684.0849517049575,738.9119638737925,0.30358297655539485,10.196339429840636,6.452743753870068,0,yes
248.71878462511575,349.32990494697776,394.7557858877381,235.04361136204213,1,50.739289746180525,757.4847410474501,18595.82428074215,964.6473877042198,638.0404261150186,352.6400230025487,831.3731434954243,14384.681689229783,632.1505923898484,759.1343209689859,0.3073871570536823,9.584697326216244,6.565202862947934,0,yes
205.9030687123549,120.51560902225457,390.7667898095903,214.4842348265315,1,74.9203600975566,816.2530682245595,17508.452750461245,913.8335809020747,694.0949756374463,265.7592733498433,792.2512248385193,11579.51313158831,831.9949783320837,735.8877557363147,0.20858364997983386,9.047128764756536,5.500074491571325,0,yes
260.24063573787754,122.98679691721689,212.09655434571914,218.434058569142,1,41.214278928903894,869.286799379996,18353.791511215746,907.2684237686252,578.251796747661,341.5530645154148,854.3549920026709,11591.94805758227,435.9409298108071,787.413537380955,0.17725613206150437,9.480825981029678,5.372830388777094,0,yes
201.56003937774872,243.7940578814655,331.2127510479852,229.4037312498799,4,55.887635824961635,734.2614090787749,19258.220933173732,984.2224862046047,238.0623791685129,708.9064559074882,872.9084644633788,11718.565489188579,693.6953615076516,725.4118116451943,0.2580273781051723,9.913460213676826,5.529476511907943,0,yes
226.65742770666978,261.7840386564117,314.06730674620565,212.41348945395737,4,79.9564512750903,768.003301517826,19537.759061787903,993.3291412479917,507.73693883674855,472.8587721346132,884.8544452972038,14358.959488311899,781.8433995560747,703.1926179214161,0.26459036182667584,10.061967156820371,6.627372191844505,0,yes
282.10345366116934,100.69225830838123,203.21980505666042,279.6665797060593,4,72.67166431760444,763.3434576191698,17475.20792486775,970.7005933309695,738.1012781194001,239.9894512402842,823.830690571124,10870.425297930093,372.22460463544866,719.2833709226259,0.19753122998635786,9.02652451257688,5.045481365031069,0,yes
239.208954195694,111.00775185992175,135.05916167017145,218.87128364251447,4,45.174063640450996,689.8671419068185,16598.013064350263,901.2159597591366,301.35851570276867,668.9065532732607,864.2433248303398,11399.132938311364,547.5706552832908,712.6928187588534,0.1669829105800175,8.562173969151972,5.341314758947244,0,yes
240.67281111359222,275.2934071413572,362.98560757611665,249.51805556143046,4,51.79593458245991,931.3538578346897,19585.022592456848,987.5136380613912,880.0222003421226,55.55425326808347,917.142966504363,12806.01770545455,657.8731404699167,716.6910753740932,0.28542914140052866,10.121572886348778,5.965103741780129,0,yes
246.3801717398055,383.3116398327333,208.705900708201,277.34483936115475,4,31.49286018643118,611.5328915651751,17950.04500707329,980.6207150036247,47.6064576205029,949.0689665834598,892.4361683246943,11522.11401179536,370.02012076618877,680.9372087906959,0.3015154675531044,9.231981843316557,5.330233006402852,0,yes
256.79968478920097,113.46405741944051,124.06557011131527,257.08503444607175,4,27.73521753384025,689.0036585303886,16270.887514332293,977.050201340783,124.88879839354935,787.5364248530869,809.4662733896591,13712.303868359653,253.25094898983903,747.8386151265775,0.1734417370836018,8.408831980768705,6.123658588764014,0,yes
226.81582734345324,325.93202162423484,273.4668171930428,223.32302381210306,4,98.81433357697634,688.811887505553,19175.170266887326,946.6945677135233,231.40908219365315,707.6462630965996,881.7541457948856,14704.254770885284,589.4927190213555,750.0275604858716,0.28670299839849667,9.856745927876291,6.687787961643778,0,yes
275.9794347510876,146.41782379693134,192.54711290137504,265.18492516009616,4,30.581087761633654,905.7673978551452,19767.765607645924,945.4240415614868,254.31666364045694,685.275716656671,842.6114330144795,14005.52825536775,150.94789002019712,755.825863651055,0.2047243486278268,10.20130483423033,6.218067034674139,0,yes
245.7997194175866,322.8654103356771,230.48445388379037,276.27714879446023,0,99.45522510078564,936.1224966513355,19113.6323929072,996.2396923429667,700.7963113129701,292.5740165723553,954.3318183259566,13634.57654301903,376.9679138061215,678.6159236693446,0.27395011084506743,9.888177966429254,6.201991262723115,0,yes
284.53966039084327,237.1604468233513,280.6824267760881,247.70098229555762,4,36.0013962482203,877.2964025185995,16061.52449704521,966.8809588703309,596.9318061670662,373.9862731731421,926.4152396015188,13538.55117815427,899.4985179854314,641.6721944822476,0.25691697543691233,8.344682988406742,6.353470560232853,0,yes
202.21216412723356,347.78860509248466,261.04166671396433,207.99701553290495,4,23.767897152772495,646.1226957127617,17960.593183421603,972.1877666479212,632.4219138488135,271.87962351828696,998.0174177450251,12763.843205252058,199.14015532266262,676.1996587669288,0.2773549642827644,9.243624702820062,5.787472957944468,0,yes
256.4396630173417,370.4065559944989,245.80246512633656,276.91136480711515,0,64.35699133909164,775.3489187914739,17323.865500391406,946.8109761440533,139.82409910224564,824.2367577684548,705.3210593215383,12964.681776001233,427.16359541101525,618.170942692387,0.2930888863729837,8.950228730262443,5.842532658921258,0,yes
230.6722789101586,232.12644825930113,328.86955490637615,211.0798608430181,0,36.60837263032636,835.1545944756683,18196.370211335056,965.9812080529564,551.0290670121617,434.70899422457444,893.5260948811646,10227.814345009776,547.5429881500602,674.4593740189952,0.2344789921823518,9.402484605239138,4.881589363691841,0,yes
268.41472682588665,243.99382910804977,282.8999752417734,216.75473509544634,4,30.1484322301583,850.5501120295964,19739.742515238857,987.2120773681479,600.0620963926772,305.4955000702846,974.5775257683595,11164.764585488523,563.485606852581,651.6144282552588,0.25112731609596917,10.180568017581262,5.281147166889608,0,yes
222.33194653310758,349.5815393193335,362.0864322312249,291.3492115595753,1,99.25286098115163,985.7003043138375,18309.510685431673,901.299276332179,577.871504580701,399.7606351997848,873.626397911378,10663.903393903078,576.0222573114486,625.1856652324238,0.3149808512077729,9.484449990551843,5.051877352884963,0,yes
244.9294467297405,311.083946237194,241.90608148221585,285.6708712261632,1,79.9325566793615,869.151977758075,18723.783978831594,946.5372088281026,597.1950865206479,386.35250461374494,904.4669775843731,13717.441196036072,400.7700036294619,662.1227340901212,0.2748353335741444,9.671169786068905,6.221183221599132,0,yes
218.60821454363068,151.70888672138747,232.56694926351463,242.28145508107798,0,75.35943887912657,805.8780277362173,17959.14540310297,953.1761799000085,394.51570626821854,519.5228395009964,949.0711849204185,12166.89966391624,461.9603202463108,609.2598785062258,0.19263934216614226,9.275549589341518,5.626809444635877,0,yes
284.09640334604717,278.01829931643687,261.0840382588394,229.59754276481826,1,62.17003889334245,941.4965439641046,19369.278626107356,960.8404700405379,936.0650149098255,33.14889146005419,806.595131926125,14459.999549453074,182.84954721039108,604.0015377788768,0.2569528519993942,10.012333659945098,6.382307065329783,0,yes
280.18812947985623,158.96288083637629,137.11220366194283,261.0045522849015,4,47.281250674798294,766.5002776400715,19380.47477535964,964.390340949307,712.23344239169,207.66682929461024,747.8706198936046,10665.79513733465,175.24665041877353,760.2793498515566,0.2004511755744225,9.978987804233704,4.851891257640788,0,yes
273.94609397226753,389.85996368983706,100.17134271679113,299.51789379832485,4,67.20064680229471,811.2464175848852,18260.636543551034,947.6972830763312,791.8804597116401,207.98478134298296,929.6119393408103,13656.908369015924,669.9354951437871,727.657212036074,0.29483809706908515,9.426741576794447,6.3255984228114395,0,yes
203.12064574798728,252.62874426504754,175.3187688947175,244.8760243592537,4,93.04197532020157,729.9293233297815,17727.448243129147,916.9182966654728,951.6931918402422,45.15306051287507,701.5512678755404,11097.99460336562,784.0927301816769,783.8020755190029,0.2383453822548589,9.137857204288828,5.2635209865711685,0,yes
231.50225818890138,369.53073136086357,361.5407910657747,212.04266897866165,0,32.57928091848263,610.6951519268441,19774.740694652784,929.9744487696786,396.0777941520618,585.9032980122297,959.2975970882757,12622.765665303752,773.0692433522663,652.6438086378896,0.295765993725034,10.137173513887891,5.952704632911741,0,yes
271.44378056098395,183.90669340542817,123.78745940959283,271.0701679090263,1,34.5796077819619,770.9285233558991,19478.91379903285,942.9001188719284,645.6039120601384,256.90822361731796,873.5591109825826,11204.578248002086,192.2352399849033,620.4753109383815,0.19507333339912317,10.02623280185869,5.103676218307215,0,yes
236.61038042961985,110.2855136540384,392.00506469742174,260.3652781209453,4,91.90198989458538,835.194322638405,19890.918983743424,964.0476078835948,201.5137756694103,741.7794704491982,791.1466243332578,10175.366561092615,714.9494763683474,616.9682549805339,0.23192845063952108,10.249501152774982,4.873235407207482,0,yes
273.61445427385036,398.4658938448328,187.55549667721436,201.32375094780718,0,60.12278283324886,967.2132943703111,15722.021640982292,998.4581330116318,759.1337360130119,216.90933896409126,717.8579363967583,13764.019480399338,731.6947492997575,651.6447510119363,0.2791866995984032,8.199810925435248,6.295128047526963,0,yes
261.9796813837491,127.73354709538995,347.368042365899,282.73149213437523,1,62.191525968701015,972.761772691646,15988.848498505147,906.9003428196481,104.91188600535676,812.6192757886399,902.0968024076573,14928.680493379785,849.3363407889259,691.1383568162869,0.2219254122748701,8.32189933532493,6.878891120751541,0,yes
225.93194346728097,110.2327431770644,264.7968917369493,294.2066048471579,0,83.77528723443461,647.2697268683479,17991.119490750418,943.1134959993321,289.54415576696556,650.5980697818821,893.476235325553,11963.200332837052,751.2827045754419,722.6683902180124,0.19486296105019582,9.25513294094059,5.657291392978347,0,yes
202.1031706101049,225.79297635271524,380.92634067202465,268.07013701230704,0,34.37241764349846,651.4336786395216,19185.700428669028,977.0637449151587,120.29795058844155,834.2488523412778,748.6837407399796,14165.04777635955,149.77064295763762,674.1222314665183,0.24986723568371275,9.858012143678492,6.235084988337527,0,yes
222.7221863353773,375.26341055150465,100.88578839668324,204.84550526281583,0,80.00598175090119,679.8383177664361,16137.033721805066,961.2793583797054,339.02650744828503,623.032787414792,972.8156756717109,11856.20801194778,343.3881068697308,688.509616555464,0.2493414488634431,8.337716411900221,5.481577308005954,0,yes
279.0924236519912,264.86250555891513,346.3401175564263,296.9382779717645,1,79.07445523041483,769.0044362833366,19611.28562227999,929.9200747903226,635.8569088108026,292.28635289041927,795.5115773505407,11532.552281066894,168.32843287210366,765.694666941836,0.28370145423294973,10.090210355061139,5.21673265023406,0,yes
272.1214237712984,248.33964811548393,115.52851905690108,220.19442542852062,0,51.16530502997831,768.6379026437661,17616.511280615232,993.4191187585163,548.2475888098428,444.20812654472684,836.3455651732479,14741.527573986928,668.5656196013341,715.4283651830517,0.20718996075119775,9.10149671518946,6.718944528477199,0,yes
229.56990969579056,205.01639340241874,202.33709041713368,203.27714204872422,0,83.69279737466805,958.8650519290323,17907.75327956944,968.6911441201155,728.3258723079706,231.63631429605311,738.4086523907724,14415.782144660378,751.3475675392369,627.2991889954086,0.20254770393125218,9.286636093453815,6.566508452093179,0,yes
227.5113439529024,242.1858478908134,336.5223632419126,234.4238875541577,1,80.58993483164713,927.1694372362196,18326.464580076998,989.4873340064338,905.0234035508763,34.374381259140364,905.1297449571014,13555.240023373415,531.2445232959403,623.6953020555815,0.2538316872538569,9.491611914773982,6.19763938555853,0,yes
212.89278198252515,213.87789423187536,170.47572903971965,248.4005915790928,0,25.187817060927856,643.9310202742055,19751.395150112858,926.2717193651289,642.9480981778127,338.60954273151026,864.2891437596251,11533.077887480558,209.34597256804102,745.1246411458103,0.19928454047855215,10.132232018802375,5.265479435439595,0,yes
241.49994340454236,277.95693361277426,351.72608263567076,269.87750157685696,1,86.41678827720742,983.5740139029349,18195.190342174952,971.7682490953317,570.2211565925071,389.11713372407803,865.3963059795141,11671.82541882646,392.6140116902193,682.1877773044009,0.2807717542650408,9.43646798656456,5.383339389813887,0,yes
295.659591243402,184.9733584022067,254.21206611902596,244.243653602773,4,70.19298559989144,977.792263581941,15812.103776394952,960.1056090281501,801.6197060316086,196.72436282320893,838.8399957673136,13899.287419832106,780.6308596878634,795.3608900860014,0.23576352557124103,8.241981878224605,6.439322545268854,0,yes
295.0130543456358,386.99818667965064,205.76448831680494,207.99476036833374,4,38.3365627183023,655.3856217524965,17710.010590010443,971.91429306269,693.9536197575704,264.5169151041031,786.0804838363428,12444.082333631439,405.98730209244565,733.528720955891,0.2955478197223833,9.120319048623804,5.6725273102747185,0,yes
287.09787354926027,294.65703186743394,385.7796494610977,260.3771034791857,1,54.20641009208293,735.0619318775973,15919.11263621718,955.0964446661001,518.8643203050793,477.79407290147674,844.7054298641473,11610.050589797376,102.85584559027141,746.3456810384151,0.2940825338927298,8.2400610399765,5.2480944858541845,0,yes
236.83768023791436,172.87942805857722,337.2814502298375,209.40574956669354,1,71.86959740900083,982.660881467863,18729.298744230386,958.952464231694,710.7151735663707,194.31708697205465,783.7502957100961,11035.332204186714,476.3381305294752,652.4186107126827,0.22133909000511126,9.701543283202081,5.1182180927962735,0,yes
261.33782507110925,134.28090765064636,368.589197821097,262.97949808434754,1,47.379599924207184,642.4361880672403,15672.1915404833,989.6525712934663,592.8459961032262,396.273665273089,970.7218992298294,11197.200546605967,190.0213265693739,758.271070538864,0.22289510686659783,8.101036327570865,5.168766921894524,0,yes
275.2627999878914,286.96442114871854,109.19427081291107,230.72546630209618,0,51.076893142898506,831.3819485682003,15608.06485899461,921.0492264272903,860.3155131284135,59.22753099306931,786.056148624032,11985.801855406316,859.8541204055604,776.9279485938333,0.22386580537692527,8.101311949895775,5.67118130172862,0,yes
292.99627803604324,387.8793003466867,243.78438836811551,211.2479809891001,4,25.61254730341,907.981749381102,16672.13593367803,976.202447512677,626.3167173725674,356.27742464147127,920.1260961734827,13883.014453982123,159.91471166152564,746.2891512418574,0.30230016885754857,8.658236283945618,6.208314490462549,0,yes
269.33819070915484,345.3406935504472,200.93668571093514,292.7261186483473,0,67.5313066772521,747.0465404370573,18385.786802830953,923.1391096135291,228.07546796029135,711.4506195247819,968.3426498101985,13441.16294235755,484.74787243916484,673.6820251829927,0.2792833892438843,9.471662477757391,6.165262611109078,0,yes
256.68223985828223,310.9485971835377,176.4841401441714,232.1986622950176,0,38.60140313414569,731.3148739974554,17193.68713918071,962.2280191470301,238.581329312247,670.0829791462933,786.2420270617959,12734.9828446762,745.5017636013524,652.6871920866888,0.2432927723231846,8.877503003291771,5.907271267371165,0,yes
241.4538914218922,262.5773130847093,309.8015368199956,208.85230524518101,1,99.86873581181217,927.2567300659873,15318.708813600311,988.5294509681729,609.5882472583146,347.20931315523126,842.0726184371235,11073.11819346741,765.5221308540232,700.3964335820975,0.2557160094762677,7.9876211750604105,5.285739812964111,0,yes
245.07004963162956,304.2869055256389,142.78374380579737,256.7527846559565,1,58.09170922134514,672.4659824337523,18574.170281408595,908.6753227323175,126.00279762797457,857.5928706342077,859.9252293832644,11783.736275573656,645.5658785245695,741.4231494018094,0.2437803030605557,9.547453363111755,5.538275878697369,0,yes
278.4378653467901,346.84353133753154,391.3486716605382,284.97200833084185,1,49.70124785300144,654.3233313269528,15514.015734848705,906.5870098181746,736.2694020053658,196.117943556843,776.5286328127002,12122.348022378541,355.2989470115248,720.2676511498754,0.31932675004374034,8.013121371024976,5.514396263177204,0,yes
243.26341499641288,100.270473941681,221.13764730106968,230.23931571124353,4,27.900119808529418,753.5391280346555,15276.554784221098,902.8918862332014,186.25370890349976,747.0325873103808,720.3622686995201,13305.692591505805,491.3924622026755,668.2367449188225,0.18051874003584337,7.915718989617231,6.012968461794955,0,yes
290.9163308549308,346.9537651937251,279.89342427351016,271.3301732402807,0,51.594133696702585,948.5316725780825,17352.983122511083,991.893204216501,877.7907696509236,29.376699112537494,980.6092852173392,14372.359236115557,661.9177105416999,666.8521130268405,0.2921700561208731,9.010090951772495,6.608189572445833,0,yes
266.5327768953034,366.7175237695602,293.15354888266324,221.55824463792527,0,33.010836586243585,921.3081784055901,15262.173017168941,960.3259959160572,935.7921795872758,56.22336553036348,754.5210223478515,13272.0901522128,862.3886147257604,613.0738013905378,0.2873497758058537,7.954097944425083,6.16246752415524,0,yes
249.93381046011376,251.3196072106068,311.33368502885685,258.2738971011618,0,99.31212900951428,728.6884558270078,19532.191047194578,951.3769149034359,163.81045558856107,828.1335629029836,709.8640597295813,14672.925463088892,401.59836221293904,774.9052619707825,0.25840565412804295,10.044680287772103,6.541952605919364,0,yes
236.22067418887988,341.74436524567545,155.95316267039072,208.2858976607024,0,58.58965154470014,758.858194787116,18005.167504929846,930.0682408933917,306.5065818865559,680.501659681292,887.8036743676168,14067.548482510825,684.8203969490573,670.5185755241753,0.24664796137783102,9.284919318317455,6.469763000129452,0,yes
211.6605185200223,346.852730357729,175.1622684450775,247.5368869232368,1,46.69150121012812,699.0186944654461,18143.79426360979,976.8639552423981,48.34625183819028,874.092276994148,718.2534143292629,11899.2508386136,401.82121153783186,656.7019522891574,0.25978608779845613,9.347460104854843,5.4107196758636436,0,yes
216.13103574076084,359.991762271055,346.4702878467498,268.75301295735557,4,30.720353012879258,783.3206998524522,16127.344755364418,997.4154301363112,42.86145644604913,923.0932917713404,733.9151207060761,14732.599408596816,339.57532835520885,626.4294921218482,0.3141035612060187,8.360733554971487,6.527441809771275,0,yes
298.42076332455235,278.4019913479282,360.3024892932577,298.0399208320725,0,46.82388546223851,927.2502373486252,17985.923863335684,955.59658567402,499.0495539491295,498.2093679461773,871.6827707215523,12691.625981842968,320.42903030614275,674.813776342766,0.2865246818342076,9.316677424079375,5.769175539926456,0,yes
272.88938358532755,374.61043108378163,273.4714898872021,274.64541247195126,0,57.50322779978458,951.2001581727566,16472.393753106193,960.3319337315096,599.1706357512153,357.648811996493,901.9206469337296,10691.560716035261,503.22794123087044,691.1667302973619,0.30107096018686186,8.566044226368648,5.050924301320822,0,yes
258.7842171902493,387.3762987933717,311.302437359132,299.6539419356988,0,98.60992672593648,976.1299543419923,18460.644372186063,957.2211046357763,503.5552801391408,398.36699226081225,902.6815076225579,12327.52096863281,696.3669681603803,748.6007883862915,0.32212907127264606,9.565471599811168,5.782946074062563,0,yes
208.13518460431675,280.27069203280985,313.56505375729705,240.3234581517182,0,55.33841837016155,874.5586928692655,17282.650442659244,993.2118420197734,163.26529329969262,797.1310404229993,928.6692211173366,12175.876343863018,471.1196944761126,618.33311552152,0.25603308877660325,8.958270340658968,5.633448076862714,0,yes
211.57039283774506,112.69342131166607,173.2967575361114,289.15295112499484,4,57.5765908310355,704.1683605800699,17742.331795153976,942.7502617701473,220.57364929436835,724.5951394234281,727.5728992862724,12531.059182318342,194.64558645921386,715.0979910521772,0.1874293281424228,9.143159974163819,5.595107665889698,0,yes
229.78377863622583,347.7265092040647,303.97168029860694,221.8762305722618,0,29.007443770217726,907.3986677187972,18258.564718924372,901.2665675611292,123.16449389426742,805.6704292763338,780.6580414766391,13911.309618939886,887.5572768469353,652.9332330996874,0.27683121438730274,9.44103179395139,6.435181042573556,0,yes
256.45949250178376,166.6447571978984,327.7646882620794,218.45796565637852,1,54.98885983570667,723.7748958641473,17213.617088633768,945.420603140763,460.4025475848373,456.42751312077485,994.3328061937259,14594.829097742879,159.6669946185771,682.6017282879897,0.21911079093990815,8.883489653066198,6.505157094241913,0,yes
241.16059918530107,277.0571451509258,152.04117345361465,208.6960389615943,1,79.84002149238647,786.7412678628909,17093.58800829162,929.0027534672191,718.8492909304138,239.0664510270119,956.0925301091298,10062.481464912038,686.6128533031624,722.4426551103716,0.22736865010437884,8.835181650792011,4.898596961243142,0,yes
209.79297995085824,114.98709859461523,247.49374171471743,240.04454238563812,0,93.24334466164133,641.0477552231773,17734.72719858754,960.4322303488395,546.1843427932567,414.451401549828,843.7986813208603,13054.387551274283,579.9049128631874,683.5964979542327,0.18162475645416473,9.12796194427033,6.00300580337814,0,yes
204.42449125484367,262.0959371564365,126.98409095938828,269.3184657822565,1,74.64076831907144,938.5631586958931,15730.963396199162,961.683194042645,812.0121395133667,151.33118470836052,809.9857066294796,12871.687128602127,694.7306926189589,604.0647988924204,0.22320435615810041,8.19262099723044,5.952288920758293,0,yes
220.2685561180443,277.41883730615723,333.3848664601736,283.23931237715567,1,23.479640826276736,648.6066414160573,18320.994033274394,949.368107693289,337.6669399837716,661.4163889180651,807.9113908936629,14787.62309585329,667.4181457823167,655.1295137760222,0.2689669928407148,9.421221886289038,6.7185300706675015,0,yes
268.9083305945847,361.3695862012757,272.69550856535113,219.41559693618788,0,65.10230092684658,997.5388082081759,17364.509830915376,936.2918928681694,309.2365235405506,631.9206043136361,720.4236616407334,13508.688197100073,509.9974244853791,695.977428361438,0.28502483032608233,9.01947120618318,6.106364414357486,0,yes
267.16662077103837,127.07236263839278,169.85984906841253,272.09847012220325,1,44.754843194662605,991.102092310334,15018.352324826374,960.7247936622113,493.09811257870626,428.1595890344571,914.7030802745317,13895.132182872589,806.9675584785557,698.8490113076776,0.18249724738658896,7.848263714213645,6.455093083933551,0,yes
282.325269057531,239.82724394897238,271.9530337953012,295.03597832002265,4,84.12190038409638,949.4909521507199,19951.13213071106,941.7500847362585,51.54959213764417,929.987397114544,839.6748864136218,12411.419388208742,222.60165857622133,659.845462773429,0.27147359794030995,10.302464949779452,5.60101310111488,0,yes
240.5718828947172,323.33589279953355,293.5450367089551,230.57223311376777,1,33.72259925209978,943.6801549571836,17969.870300033028,930.1313716739784,200.15053554770887,778.2999939537827,735.633336419956,10869.000288120133,439.666366482449,781.8214569089159,0.27268452294408185,9.308908787701384,5.044971629087945,0,yes
289.09513539562244,135.08580319576416,196.42062233759066,263.8977521063273,1,61.87034652962935,983.211007240571,17495.25765430404,994.5576995982567,95.56990464417089,864.5262512269771,872.0987501430382,10579.781970716775,819.2941668690589,668.4404295358866,0.19430281669918725,9.089573267809127,5.118171799778368,0,yes
272.052566626105,145.61183604811106,120.13900826241132,268.53001485126015,0,61.79251188721857,864.5530102842934,19236.707025785432,992.9165888828865,145.9487320241142,837.2696633044624,861.0495854431365,10133.098774545502,548.1149102324093,742.0080119961385,0.17801521124104716,9.932997573342826,4.839515630036404,0,yes
270.2326902339072,398.5504349980988,123.84587329779082,241.5345679282737,1,60.9939201543095,724.4736033306688,18809.493273560398,961.4419482055598,565.8132247290841,387.0188597726501,873.055846109922,12363.331780908558,632.4363572581533,761.5080326500747,0.27820218324194496,9.683787241273611,5.768537674415424,0,yes
233.21418065719126,318.1347450852814,239.38403879884387,210.23567886185236,1,41.24546322589639,808.2343071671323,17625.965309138206,950.5291004492702,158.9597433731331,797.3105993708793,716.7381964526475,12952.387710437406,156.0123359650384,671.6974132893474,0.2557202994005825,9.109121921136813,5.739658009323859,0,yes
223.7833035633152,101.28982680260253,350.4811107982972,202.27686978382775,4,20.360506638088562,845.2647243957523,18144.841255700707,942.4395344078243,103.91379305881742,824.18999122001,886.1460627484614,11379.075374595652,687.9977334646188,765.284666988359,0.19779400050639612,9.375751277686136,5.399403373711776,0,yes
290.39189176394535,158.89839148707418,273.1548711403743,264.8507722347168,0,89.03459396591592,662.5336315321426,17404.00632426236,988.5837536653445,117.44099179231995,800.6934352978699,921.6494561362564,11653.134559163645,577.0947060018309,733.0634134501104,0.21894511821494797,8.97118671028312,5.473220910318991,0,yes
214.0934275676941,254.44389562355448,394.66533931791594,232.53371700243602,4,33.829071796937114,746.1782506757585,15942.307036626655,981.6543411620509,565.7449589837232,370.1314435044668,808.2311429017352,12594.524596526955,546.208385170117,687.6326072299051,0.27441303260363725,8.25778355298576,5.788481773695491,0,yes
274.26823120924405,347.27349291957984,282.9791013660321,243.44678929102997,0,25.924266249554737,615.4617749213187,19980.836145349098,921.0842190919109,828.3145354457056,164.66974399647336,973.6779264612668,12230.2873507129,869.0972157751941,683.7822312310416,0.2820034964662782,10.240040307588504,5.845492072785626,0,yes
279.1870748583749,188.54346242258845,196.64207836092453,228.1862144074841,1,24.348977530932203,805.9095865407529,17712.4031683476,917.5877364877736,599.4382690675627,307.2993285330016,851.840451246634,12589.037106287027,668.9444962089369,649.8012686108607,0.2026168113419601,9.147303726259766,5.843868239806438,0,yes
260.7551623661565,148.42805341692684,219.14103134723297,220.42751873300597,0,46.77245377393504,896.1245163542094,18981.774260138478,993.3965001906603,484.8947452549959,473.0991525282708,714.4940220702698,11294.064074688291,224.38310019434536,782.4955454764325,0.18600390885995727,9.812742890581653,5.1176941553028295,0,yes
258.0633810860399,350.4489910230549,266.5239381011235,278.4626257448856,1,56.03449461711798,904.3628903371387,17663.245094408398,931.2098013738573,836.2089777755546,112.82347301024652,764.6794521362054,14794.88779524232,282.5639885409635,757.6326951252992,0.29271957764958395,9.14677440538438,6.556822007797649,0,yes
252.16486895351335,261.2249011813302,143.76285710792348,278.90852831026126,1,33.42958975455866,836.8665074968351,19080.06995762734,938.152458128599,771.3701028339459,134.58468174049403,781.556144935254,14531.073543380473,689.7701970966132,756.3878197677888,0.22897970607300835,9.840889338942041,6.614863498265367,0,yes
202.456895959689,154.35708557925113,353.00034398550895,215.76086608311198,0,37.64834785961179,916.9043718912089,16154.670470395198,901.7160321162938,274.57351862598557,679.7632097824963,900.767285965418,10916.31392053029,181.75852183409705,609.7097853300903,0.20570217454060388,8.391309676645436,5.000758146255644,0,yes
242.02765493736757,181.58271258677553,369.7612377765169,256.9712211341205,0,85.5464340152589,783.7772401832185,15833.475918069706,990.6092338481607,863.7641357152465,53.00943295401248,798.5190834570694,11845.453777130848,869.9246084007328,649.439276516879,0.23920508722363526,8.212956353742422,5.606821534114385,0,yes
299.41853778328016,258.3403888398214,368.328730048068,228.77962523235547,0,47.76244829868793,613.9007700154283,19876.14304449214,989.7731599408753,101.47146980935595,829.6111994223778,967.3104309772147,12443.444075986634,514.4659788906747,634.7256055103159,0.2664976954924413,10.196813375501932,5.771383007757616,0,yes
288.4821676979534,239.38704032435086,276.5502849337695,219.16047129524452,4,49.40128538767058,644.2007860026488,16006.779992044412,907.1388229672114,690.4013740753843,254.23024918329952,990.9060297544852,10500.649180333894,270.69992197107223,751.1507167637783,0.2534567333661405,8.257368017682557,4.923404500911202,0,yes
250.2234624605425,341.3967288419303,143.67431885159377,260.4595817529834,0,56.974221231378266,635.1114983340391,19766.28507546535,973.0955125199944,598.2426742814728,373.8433932482534,975.1953588189588,11767.235079125028,605.1964118397179,643.761253387447,0.25605476607162597,10.144193896947726,5.547170187345776,0,yes
210.1987914426962,316.72899520165265,390.8866219957954,207.50022250434498,0,90.52793425103879,710.6824882636586,15283.935811467452,968.1796875200814,953.8478237690287,23.37533792843567,883.8204689876247,12543.15538171136,803.5051827224528,686.7288862599978,0.284200932492576,7.918897691830519,5.90666437451044,0,yes
235.2496050447614,326.66084744896,101.15990169321819,273.5932724939591,1,27.489051950012584,759.6350415882825,15291.569742940686,913.4308360589919,10.47992499034128,902.3842428252154,806.1572720748277,14679.189165952403,652.1285361389698,723.3709018071305,0.24268571482418286,7.9260164313718295,6.665455138847446,0,yes
298.3150700681785,244.34549620481272,299.55570800984896,224.4704674121097,4,50.270016687501844,618.3670216159619,19765.184840665235,939.5135366111969,17.829965789085424,891.6622829818764,842.8507618117837,10497.061887386319,798.6944848503009,708.3824737249988,0.26245859205670696,10.135372126665812,5.063465485548563,0,yes
205.5362330724857,130.50300824170534,196.2709825126737,225.34058012898444,1,47.63151237238912,958.451571000868,17019.332617704764,980.0339465219681,829.7525867531472,119.412079835437,919.6124956168632,13782.860442058689,671.5988748059688,715.8779803027563,0.17237391637728885,8.843898555515185,6.36407782388176,0,yes
238.1440561853038,204.57251355151337,185.81439468177456,266.082062948788,0,53.20423842673974,877.9401940275427,18482.340225782187,952.4609490477022,836.599449395261,163.3036806065162,777.0612367310948,14919.6165350839,707.9856590688688,712.2665272078692,0.2088767865540668,9.553249173889338,6.782850264098985,0,yes
295.90826158218135,163.560992901818,138.4206826809588,234.46575918933513,4,22.21694048444256,745.4868310827553,18360.8489057631,959.7393660024352,862.4818899780017,39.68417868940003,751.8469536429511,12633.495136286958,858.1730597244344,703.6701707281385,0.19608601166565337,9.463874631853406,5.903807001405803,0,yes
299.84914273702316,297.505694979492,355.1359011881276,218.7742422657074,1,80.25079062215758,679.6283346981982,19637.25833320839,920.8662082691894,334.54479821114404,590.3213514265503,737.0396345011637,11349.021585842633,839.4959271443125,666.033161239611,0.28566306154249455,10.082233007401427,5.37476932335488,0,yes
279.08545117259837,265.35119046996954,169.7514893497299,247.41070280552748,1,81.1124911492187,979.7477132651853,16708.44220361384,983.1480962607336,687.0551296303375,212.96123182600934,787.7197223579533,13768.688074015572,553.5304305825665,666.240208132395,0.2389290739384008,8.693785050097622,6.245154877736351,0,yes
207.18711792185593,135.03634312685418,295.5439302371817,298.00975946854135,4,20.701490564817988,661.2163289926273,15847.052960606437,988.6346126750148,183.75166905877637,740.3074749560408,736.4231011651387,12297.510705095765,812.2880722426058,772.0625771476331,0.21739946997578952,8.19242890156822,5.756954024945568,0,yes
280.08243971526576,355.33019265178257,335.306351405854,215.61809462428405,4,32.71883234223144,922.3754283606215,17619.04992186044,906.8998662601043,727.9920752586656,199.73933604131366,953.0875923367231,12103.50896463919,869.0668348883839,649.0344076923373,0.3077159938889699,9.125453450167331,5.772974238864177,0,yes
267.10812886036956,178.32062720260822,188.5743281822367,296.36987293920043,4,35.6242918408053,708.3485328337679,15754.981247075955,953.4827514757943,429.0385703732139,493.63010673034256,923.9398982573705,13213.877844964989,695.1014089455039,702.9496631532761,0.22243876463735493,8.151880541034064,6.142273791065502,0,yes
209.5673555400763,182.30848875492762,356.2832009236551,233.9633778599195,1,51.79871144096717,862.6268791241027,17416.719985212967,907.0310007514607,269.0662036063605,636.0144640411752,773.7008943884327,10888.113503616685,257.1222494666502,732.1703386028757,0.22785563102096337,9.010754421701021,4.978143048459529,0,yes
252.49173739288372,310.61997508680565,306.76828918963906,213.98511462167173,4,59.83642606953441,815.6104070274619,18929.670497771684,966.7657897809535,357.9254779581212,553.7569567423432,724.9127905849047,14448.547652300136,345.96092202201646,692.8491985318321,0.2837145863011118,9.764861628483185,6.4140405372008935,0,yes
291.18325058671877,111.74610000796929,355.98128523438425,284.0086246702315,1,20.391736959296214,906.017848321207,15434.712619642925,958.4792436626115,516.8535361431589,428.8937476418221,978.406087669872,13609.248887711157,884.9957806982641,686.8566012401043,0.2159525350375444,8.036631797115623,6.39920963126076,0,yes
268.7301871642228,126.01318083228759,280.7508479085602,218.3249810282423,0,21.066716693895266,669.3884461858175,17696.017967714175,928.6681040954883,919.8897584186649,34.672543831053645,774.0019220400374,10756.524136379494,184.95456824626,716.3155298917757,0.18671788930804212,9.110436983256507,4.9014419627586685,0,yes
269.02247373910075,121.6976047016713,350.5373037767184,267.62488370938934,0,40.5124946235071,793.2178334041355,19444.12671541905,908.7627265049583,553.7433705571066,361.33603613214893,869.1136319846516,14742.466096387741,341.05254206726977,625.4997904485328,0.2112897884811376,10.0091267970632,6.57895161550537,0,yes
258.5293757926295,299.0204012332814,201.14625002968637,244.36773442388028,0,84.47097075749859,849.4379547713693,18710.83830906728,987.776502127741,22.015882952886734,918.0663907515903,724.8802412222293,14219.924856134134,624.3334349186026,662.621990665262,0.2518877697783695,9.66594376974812,6.433840066903924,0,yes
225.13057760806146,119.48380088790324,347.87664491260347,292.26978113297474,4,77.87004264861227,888.3761599580721,19845.365172167134,961.0153290629156,173.82327450332446,772.8084182432905,894.716155308559,10180.23909970629,828.2985922706235,700.21042378682,0.22994820642315797,10.238302889221156,4.973332781105231,0,yes
280.3840152954868,348.7278879347608,142.2129770845881,243.81041271989224,4,38.26153699027381,917.9069029420928,17638.60320447604,942.6425351962966,166.01848670384175,797.657937163123,774.0392847282146,10195.81194598532,199.71587473802606,753.0332491335381,0.27282965669178544,9.139104559825325,4.689201432237407,0,yes
266.31957000798013,186.82572541794624,258.79734266235937,291.1128780522309,1,55.87522106370206,728.8739740155959,16337.178479359685,997.6870667348624,519.438247669669,460.3346373267716,732.0812423284332,14583.325297455842,351.750464089244,755.1902591144814,0.2292795567986726,8.453616089262786,6.490747866424017,0,yes
293.8784099076761,106.15638738363683,142.1133363884703,205.00156287773495,4,97.42468007582134,662.4676288236597,15385.181996597918,951.8042601082552,882.6589406000612,17.59893739611698,812.148154635437,10230.990416850294,727.8001263449188,703.379290794674,0.17716724266858844,7.956680751368421,4.914477934629311,0,yes
295.6245948945941,393.6781653304504,203.9359131461436,252.17367123314014,4,48.30714298911818,641.9592671035632,19718.232616978774,921.2382820342219,907.583514882339,52.56729152578032,942.0311692518393,10224.157829328477,171.88055002802454,645.9994831918674,0.3080205652751919,10.114531540269954,4.741993450370097,0,yes
258.12866766717036,378.6004116841266,373.71410272787733,240.03384632187888,0,99.53462150840909,631.2005501573017,17937.2697477271,951.639284871933,910.2748379583132,25.193056557882983,833.8122721776107,12086.354801906808,891.4256359229165,601.1545445996941,0.3192104193026738,9.225875264593538,5.722151406486008,0,yes
210.20303991614816,224.07181403064993,142.2754066376681,246.41764107751004,4,75.36922571443523,917.7746086327759,18596.25800717264,907.2700673882367,21.129086412869615,928.9816857555066,898.1583783450618,10489.474542689084,768.0040674686003,677.6018808513334,0.21929363962086595,9.613059197756028,5.071786025230067,0,yes
220.2145419312019,353.03701342395783,137.70703500971598,239.2288748123481,0,43.36262786589033,860.5233687065926,19255.69757646633,997.36919920215,697.3112807939104,238.67764174506874,861.4551376085064,13870.799640039717,666.4895059580981,641.227145662757,0.2497686426956415,9.942201739086032,6.362316018025299,0,yes
257.34713915400465,344.10960520697176,295.48063958775367,233.94091868491958,4,59.362217311519274,952.2887224980677,17485.13625312486,914.921358212384,974.5425576060234,17.64117214544376,817.8811293579903,10752.302032494817,851.2883536896937,630.428532016241,0.29939853548796186,9.06643327580519,5.177745779425815,0,yes
286.4649076081906,192.35715281433409,116.9423289790548,204.7816984261128,0,91.79810066829549,779.2439637961985,16880.058610046068,945.9112229398345,857.6910667464133,93.920033261404,951.4007423000928,12444.545555425482,513.942304057792,657.613428036885,0.18892229891630538,8.729068028159467,5.771067437304408,0,yes
250.48251825095372,145.5667419936401,175.31374210369194,279.31580524140327,0,52.3392384161674,858.7978034804455,19694.97023620598,922.093948749767,812.0111970088848,150.86706813395688,868.6858185947333,11147.884276866705,793.9836368392916,635.7235853807088,0.18727203581608323,10.151074119670147,5.330018046537124,0,yes
297.00277516366475,232.48648730029282,171.0563001089646,270.840409080472,4,93.30967365019107,836.5554714959286,15672.459696381024,988.4378681886722,323.91263244915945,654.0351892872662,768.6461626014817,11649.632362456534,102.47694744633779,699.4998391533913,0.2465340943077534,8.143949567928743,5.224557785301354,0,yes
232.01461613492677,281.44260926168954,128.3950974017687,253.6036303686887,4,82.992276741802,871.9589264467645,15405.172017088518,952.4475641748201,354.18201434427687,638.7045964905242,815.0087375119443,12436.727430459972,883.8861480272054,627.8577395702188,0.24461583052829364,8.013310883910654,5.863167591118487,0,yes
209.9776983565488,285.7445165482754,281.56665946566704,291.17714213724526,4,81.4453044361043,955.5502973943733,15621.524089723494,935.8698537240543,411.0513157099477,522.9461313747936,827.2253033039968,13022.561608738302,876.0733201378928,694.4551717374941,0.2815084367070159,8.13824365219549,6.099881560382403,0,yes
205.65140886441753,229.8768117592754,377.1001588110066,224.1569599375048,4,91.63966983520649,987.7232640098377,19659.359615942027,948.5569987486534,551.14373500437,369.8156216098233,875.4524656522785,12450.818108659498,676.8463731021177,733.4977979890241,0.2656000469470249,10.166311397560506,5.814160135954086,0,yes
244.33742657671533,105.51067963569179,199.8452886817614,211.08773409299502,4,98.73139626487549,852.6083945291559,16476.270807498415,992.4565928245397,892.5541633224592,97.52894884785485,825.20766137591,12373.08884805894,190.9960863387779,720.0771756495285,0.18356660467145988,8.550022758125287,5.576371947443449,0,yes
281.9300292291976,120.37640817456983,100.95881758558922,289.12345757031653,4,30.25642537357424,781.0019835469848,16669.937186369938,997.6251168924725,724.3517036080376,190.61531983183943,853.4046792652882,10430.103699747422,264.3721067898149,621.7987070185056,0.18149057428777646,8.631542712417396,4.816552132424599,0,yes
267.2731446486955,207.1474085460889,137.28449707565989,298.6534082965961,0,60.224995994634625,830.6430788462628,19792.901083117227,911.6305258497874,57.091419255276485,887.8678710655325,795.6046623580771,10289.253293911415,891.3457899170555,624.5176748540448,0.21128123325309614,10.192276905012253,4.992346459300391,0,yes
244.3590457808608,210.64897023133722,117.45945106692002,241.56180978564498,0,48.52678929653146,865.0553096532541,15086.391670156136,932.080748482063,465.1709722150031,471.43557366947573,994.9872808669659,10738.187716450453,256.61070189362624,722.7768742680217,0.1929298964879531,7.8495641619213306,5.009551051407829,0,yes
272.0673627133709,141.63811284696692,212.6239266650221,286.0838530199416,1,71.13351048632349,786.9748963162457,16851.028421961048,913.4776006362222,978.2992815690862,19.690219094552276,927.265653870663,11809.26336050943,584.9591012793892,790.5191597519068,0.20360968350679876,8.711829958430043,5.559717434430012,0,yes
249.24105217903025,193.67852412535342,136.25250656757763,257.9001388580796,1,78.49388697110939,638.765237998702,15238.178364675048,911.9785886202608,153.0081558863774,761.5984541451664,990.221279741043,14387.847244211815,110.24819458041036,681.0904818165424,0.2015524929518463,7.8725419442526885,6.400449456417374,0,yes
216.484902360903,135.55349823167373,298.70180586049423,275.94458678034795,4,68.0641631421154,763.0960901107576,15084.567626352078,963.3961205436282,735.6050545713626,177.4021156374596,813.9808640979929,14550.048688544175,354.4049528788503,733.7262344554194,0.220951493689227,7.830141329299513,6.499230398704078,0,yes
210.88449856845466,379.5032179798158,382.3000309516749,286.16452168285343,1,77.45503554979543,980.2912721984349,16752.062023836526,913.8870455201028,861.1228321763472,117.01101064748173,725.2285173531714,10404.71953808845,570.7701412816075,765.7160640833235,0.3257687742646663,8.706195229344635,4.905346771178452,0,yes
239.34021222205453,268.37421876423707,382.7649334600028,258.6325534701594,4,31.9124715101613,654.720700115254,19905.203356689468,946.334838009321,609.1641918029854,326.05299762441575,814.0013978109516,13742.98141570561,600.2725454948619,628.2137806465187,0.28577274599357166,10.214245206438678,6.263912487485619,0,yes
298.3023926416449,245.226189291554,141.4852366407029,221.16182678260088,1,77.84066381180122,919.6539979071658,16136.082443546034,909.369165244792,534.976280334412,377.263559834323,938.9435743711523,11729.52382063961,766.6427417500186,771.6971125300925,0.2219994945292158,8.383686216663175,5.590844566249537,0,yes
283.1663037811357,253.36014164397628,107.30240184385083,204.06810789566822,0,90.56344131213211,855.4958916152136,17417.124172986623,994.1757088971302,456.3176961264007,520.9961728278495,904.338279722037,12945.456750935336,744.5203189983333,658.4747115883264,0.2106796603532738,9.021338423822653,6.048496723416163,0,yes
253.9762348068057,262.52027732434624,294.11457941083995,280.83093558116525,4,99.81843914524816,802.4869359341465,17289.792288123925,922.371488148373,881.8757718068991,86.27465447353666,811.7995207612427,14658.798656238692,394.5318269593935,630.8508048535066,0.28052837799519253,8.935887966000688,6.551938750693635,0,yes
233.1781063488309,335.3408628904873,220.78344985696341,216.51687189545683,4,41.246758860182155,803.1831324860841,15996.172184682773,904.2137323721439,838.3536934032724,158.50398420910426,714.6619000321842,14911.31459091046,173.70811363959993,620.6281532892568,0.2721344725334874,8.286752976581594,6.528399279318401,0,yes
236.80783198997796,342.53303334296226,217.63799673694064,234.06351751678545,1,25.80554207913763,901.500223211237,18485.926886029298,996.9523962921087,687.3958699419672,279.2112361976739,704.0756736189144,13695.59115789449,301.11708549531767,783.9202707382392,0.26440957944802024,9.56653339300621,6.10620921809708,0,yes
258.48691848475585,375.746169914174,345.6039945562828,262.71581580814876,4,79.18201350513175,984.2892329902963,19412.833864977085,932.8213613893622,119.02372645520072,833.5431263661795,955.0592539750884,11914.471007467197,884.1326696751779,633.1581073106229,0.3304688022235307,10.040094943294523,5.705505649347974,0,yes
234.0539274131549,176.49907151739149,151.54451609680882,252.5981720635314,4,47.99270844429309,784.4449705345133,16580.96717558673,977.6101205964084,215.2822135787624,705.0811638937886,998.7424133796219,10007.715900048088,358.7377819558207,713.351825431855,0.20292477109218007,8.585050498013647,4.7562432411322835,0,yes
297.6538393108977,388.69730100685774,198.28147667854884,205.52033275325238,4,58.54528717841943,708.534463740176,17587.6441412985,982.3133199144546,108.12939097189766,816.9694203155399,723.3455539804427,13001.433499141354,119.10809767524952,642.3091700588801,0.2971108212188486,9.072232682697683,5.739022367709084,0,yes
235.87268828529528,391.11733086523924,287.90217286595225,231.80067739458553,1,43.197063760442646,610.6017317527941,17208.90002258335,918.0612354571854,298.505903619397,696.7874609044513,827.958008763548,12157.719376127985,199.8965871533784,623.4785425566166,0.29951114709583304,8.852602218398623,5.482910095324318,0,yes
288.57293451529387,136.42033667561998,122.55333577993889,215.6367505091368,1,48.94642285943505,803.3895679203963,18886.329076978356,954.480549557046,782.7004468227585,181.8468518093498,806.7759052116091,13665.026715980399,150.25533463141346,771.9665927474609,0.16872024488979184,9.738765027504733,6.072839064091928,0,yes
230.64204240554088,282.43944240950634,246.31152847511223,201.98420468834445,0,45.24675135280404,812.9418741905355,19157.7971465423,942.1225593511057,823.1226627725537,97.24385428342748,932.4357648724979,13142.428721442824,878.4505909787829,600.12262589102,0.23735534450673199,9.874935038618077,6.176637386299741,0,yes
227.67751481932964,261.12520239975413,146.03331360649685,242.27534041418266,1,71.21373504449615,972.402973182666,15081.600474300134,907.7369815565215,484.51319395970654,499.1859331194338,846.1920612054383,13450.764358121185,227.20574637065675,748.9438400275416,0.2237219793984921,7.868306862155105,6.033262944746183,0,yes
248.30382563880767,388.46867967315745,109.65785590274939,268.5473013239961,4,80.1936747658013,799.5552090075034,18678.19416348508,993.084446061637,94.2572884131841,858.1312769517499,748.1147513030903,10353.126856152187,668.0314098836457,644.0071108419055,0.2883742942617628,9.63917646837746,4.91314485131065,0,yes
264.7108224846053,379.1226508964617,386.4201440753983,249.7635483648748,0,43.977859656351974,970.9535061057297,19247.432285004532,942.2496394170646,90.30438779404548,821.269161411068,901.7838773537479,11774.014159329747,456.12777800912295,704.2563536244897,0.3177540108458071,9.955613985170329,5.460532230961464,0,yes
242.37609778674113,170.40121144639932,236.3017675185818,223.43370192962425,1,56.15445333424325,787.2819952065341,19119.988535885674,974.657088794711,648.9677885577378,313.6844283174414,848.8633750098337,11941.734456268,643.3503078318424,783.868802376648,0.20168176797981183,9.854784807655477,5.598922455216445,0,yes
214.59373147954386,230.5464692350327,129.76642195292376,293.900963706358,1,65.49714126696621,854.9868206076653,17029.81714485357,945.7269934156637,628.4753767455708,317.4729693548113,801.7318761034045,11968.371234446362,662.0462958515783,763.7845841497524,0.21619141261362335,8.820879548625248,5.593224200865199,0,yes
211.3241856657026,260.72793943964984,310.5133553349374,255.41444454143075,0,25.32603821626264,749.3257315670453,19676.033254826783,912.6018074275452,912.4018480753346,54.39178627364413,843.5795099956001,10528.512336301896,358.501894496789,713.4352296739571,0.24725423140166747,10.115849766290484,4.90879237420945,0,yes
283.82055971630257,378.71384822713657,337.7247881850684,221.6580168821504,4,87.68420117435292,690.3255260243137,17691.959087492025,941.4025816096386,759.334568495857,218.80669357874717,812.7714237331082,14865.708415261257,754.2418107308614,766.690267122022,0.3261443740811293,9.114745594868287,6.798278977116352,0,yes
252.18807888314493,131.0627415713273,177.26596572254743,262.17902949649533,4,41.83467341105949,937.0494183639356,19467.935386024365,960.530508867354,605.2336285333533,348.3290673671646,757.9764248062384,11995.455483984495,473.12614818120375,692.709577337789,0.19332886143649675,10.060601858768612,5.502618700792509,0,yes
271.61438359291225,336.87107572873856,109.47329413334225,296.6073041811877,0,37.70383424518215,612.9188702294442,17500.462885874138,912.1011579463242,827.8303321406237,117.19385585414102,801.3712503732957,14634.388001447856,415.8090299460465,629.3701047930086,0.2549179284244027,8.998072885179994,6.543135247184367,0,yes
249.78885145714716,334.9689503563659,326.7267951918095,262.5966320052878,1,94.38582681898603,799.4601784517844,15449.191054782008,959.9007742457508,199.81704779365143,765.1864275380846,870.1975822953373,11323.226083362842,220.89427759378958,644.2343356507813,0.2991706006541913,8.020065222084083,5.172930780936865,0,yes
281.50037542215364,297.14371199933856,211.5672100684605,254.3677904060574,0,79.68315075787731,807.426006496459,16960.846762503596,986.5328718576652,963.3988386648184,26.800567884628776,893.2140826195291,10792.342662219511,500.35842469734115,689.5035960927818,0.2575267470120606,8.781352557906352,5.091000390376455,0,yes
217.43813746655314,173.23304014031754,199.85906633820503,267.93971382477844,4,26.09805744866481,972.2083727127597,19999.068181576033,979.3486412633155,510.3863851718997,433.582212026877,907.8894527961178,14266.768962242422,260.4347822293892,771.5475063630658,0.20949928653358216,10.336834867139375,6.3951641854489125,0,yes
247.2350307251889,212.97722009542497,347.78067018501804,264.42335460630215,4,88.77955090884417,705.9136624104885,16426.14678554976,910.1554278094685,145.4049724527205,795.0712260583723,853.7607506555152,12892.35290929237,499.57972438399185,770.3338799426836,0.26592205227673094,8.480987943728383,5.918762758668418,0,yes
244.57059221605078,377.9392789729863,368.6923616018598,283.3602374294081,4,47.02863176507809,929.7761919540103,16178.692131444299,985.8399335032168,454.50722213522334,468.09515919695394,780.0688494750314,11405.639266597844,138.33099278147455,651.3442908859708,0.33429072229632745,8.417815398239169,5.131925048692383,0,yes
238.25055746189787,235.15666588219256,111.17693854002714,260.86357795995383,0,41.979624372589264,704.3088922839183,17908.72028214144,936.8233460384276,339.5990958950737,638.1379412321795,813.8463259072763,11897.324523571473,899.4243969040668,798.2699619069637,0.20374187440098868,9.225571450320473,5.673590779435344,0,yes
216.08997680028907,222.00495543217565,263.0529679423863,228.05585850681229,4,68.24089731810462,621.8858913523941,17284.53590870359,980.2174425323215,725.3751106044798,231.09867200685824,728.5864710857451,13275.242792746307,482.2833601426986,701.872498730866,0.2387969249371732,8.90142329170834,6.008049876836972,0,yes
288.06543828515674,310.5994688725351,225.55477978918753,281.2685415177091,4,82.13772626902154,781.9942087156159,15170.101374467024,985.209603967499,371.94324848139905,540.891856534844,826.141478365663,11549.843454238544,496.8465099723936,696.9617247792933,0.2882269937428732,7.880123776172269,5.356104227539764,0,yes
224.4382859940664,360.889571728967,199.38460450908212,258.41778900212495,1,58.22395925541608,641.5462888817798,17254.29817464872,905.5105898662458,333.4173819982651,579.2369582289732,767.830009941676,11591.463296647285,196.6830088706219,724.159027881068,0.2754843409433202,8.880325706475032,5.2329313558884305,0,yes
243.5083470288538,154.74793693812705,234.0413381954387,275.31468920699183,0,49.6612478432874,692.3302637757789,16297.695118978903,981.0101258011731,23.801813480809365,886.7157773565569,843.8776025404809,10509.033746967714,626.235079318116,797.0092707642931,0.20067149842918575,8.423514195116832,5.011605972176722,0,yes
248.97297503281098,277.83865652327484,333.8334536256299,250.34142899889193,0,26.889703932599176,682.9541042766259,16305.825934651979,982.652343614029,93.11882029954808,857.4671251246364,845.5658565150852,10086.565067811827,330.86431716831805,640.2751353048393,0.26270040623774904,8.425748606929073,4.709897117209392,0,yes
213.38831167758198,372.14632172154927,109.6855023340076,264.1910523829257,4,48.6041183825286,826.9865116375892,16429.67380544353,967.0815611503081,365.05139811359885,582.7137937278735,869.8777716821132,10290.5048229374,429.4199943682424,787.4165097098887,0.2725974963011461,8.517455405073882,4.859688468568543,0,yes
209.42577149493542,317.1551961060644,344.76953638041925,278.47714509591424,4,64.81504750836052,745.4132128985224,15194.951499124449,965.4640996325993,181.3068166601558,761.3716616613485,790.9221645481049,10553.110440949476,803.8206715125801,651.4699706296594,0.3020126974982813,7.881699043004137,5.064219643934957,0,yes
239.17990308063023,305.9375949637059,183.57878244074806,253.52128262151115,0,68.73664568107219,898.9359831834893,18643.51217975299,912.106301256164,890.8220364191413,37.421323984396736,718.7556234060127,11011.945398854654,294.26962545941615,778.3125825160964,0.24854702351948169,9.633061334519796,5.029860373441986,0,yes
295.3283091949974,139.91339908690964,167.6117331665449,293.74260450588463,0,25.614687254807286,703.0755239932118,15944.46173604366,931.0075164634264,34.70631072790457,922.603078926134,941.788335514799,10431.383727020626,673.4956115668211,739.3603840561075,0.1886740397118003,8.242373267420593,5.037347862654317,0,yes
225.60683164525094,188.82955482363258,369.7231856412407,232.81848101775205,1,91.90908932165934,875.977409603217,19257.775540184146,958.6657734288784,615.8833480727255,320.2271773811741,719.7586735943556,10488.19559231974,171.2695060765891,715.641753221665,0.2399911618278486,9.941377331884372,4.764314223132464,0,yes
226.60086642243508,215.02317730061813,266.051049297355,289.1511698204714,0,20.977639997615796,791.653161470117,18694.603370168334,915.4095396509251,739.3695722312714,182.2623282202136,750.6649729911372,14203.940331115173,715.8793187551561,769.4560778379248,0.22820958639767533,9.634924020147817,6.485979436875213,0,yes
265.39971370383137,241.87518368646315,146.85286534701646,207.5663177758926,4,60.48002840978137,931.8564263776564,16103.301052824565,971.748312741844,708.1668313602909,258.56658687532683,853.463985316828,10378.697884424073,259.4911898593351,740.8228608140073,0.22466358050129553,8.378645633481634,4.8168354783067695,0,yes
233.77240780184889,343.6809008033772,275.2196079945887,217.58361770836802,1,37.616960637589195,657.0877184074416,15802.439319069026,958.0259702786843,455.35488290588455,484.0548891003708,970.6863658237401,13714.09388265144,136.94818091364345,780.1572322212971,0.27418994989470535,8.16498947094664,6.150341024889478,0,yes
284.601376452981,251.18925640578934,239.71002566951114,282.50228747501137,0,78.35326847454445,990.8124525698395,18273.11196395434,963.0519886673628,850.5927391669493,108.35722471829911,718.9321745566117,14528.637688709332,613.6344318052514,681.4741673778935,0.25062598731870056,9.475897453581869,6.555739382662333,0,yes
262.2600981943299,308.13494768910874,318.86434874944996,254.53255484264778,1,67.10640986280387,829.1729399494391,18293.040891760626,940.7354609571728,739.699438690071,214.03254543147818,767.934460679657,11223.551167394151,301.10802871600316,746.3047512133237,0.28339880207153645,9.446002460061994,5.1361475929300475,0,yes
236.09208562342104,395.1654271915118,384.23405326653597,201.12101280803597,1,64.43455714721117,675.0728468625737,19148.452510281873,979.3985154579364,931.7509278356284,50.69083178995595,868.4924421294778,11857.01864005386,615.3873272849972,660.0602953219806,0.3169581061828375,9.844883470447876,5.548047526012275,0,yes
224.7375499264547,120.12660583633908,371.99419974665193,238.71283873512564,1,75.18565251496524,939.0563512073887,16302.534497805866,905.5235223062886,760.6197329720512,149.60981389589108,710.6515240988983,13407.799601418086,446.68830852056897,639.9957627672899,0.21193028863278393,8.470818196309551,6.0251875902828145,0,yes
253.68977222309505,383.5941236616852,341.6758841736552,230.94083999416696,0,68.23687963231846,793.3374982573656,19983.910604370718,987.6691691097544,705.1691834577935,267.2727946965623,862.8510281241527,13662.596793526625,703.5781670190709,688.810706275149,0.30848447519065025,10.289896521758887,6.305695676533558,0,yes
218.90947082075655,348.885856650945,317.9120017324053,219.80469314367107,0,26.462500730794353,797.6801569382841,16343.734624256685,911.6623161375792,784.5165336636326,211.33774715010804,717.4566706669025,13037.813067879906,861.264882162342,630.1842558800524,0.2779755610413803,8.4603220912761,6.056248419850722,0,yes
282.8177514678444,169.43365870074513,140.813924546264,236.55574876763353,4,31.65849941607253,927.094779468151,16787.706021121085,907.4629860324685,651.8872240939083,330.20035672788356,993.867920230608,14706.925960242994,525.1195512347618,773.5515230404733,0.19885959759429186,8.710935105814581,6.717016473695255,0,yes
222.30750625913583,189.60063258932394,236.8298912534304,279.76062770047537,4,22.69348074615344,735.5280472245691,17625.601687013397,946.5350345512458,231.71214529193722,756.3601666058329,829.794350128827,13932.200723817974,165.2295511532869,671.0429677123485,0.22599164634924696,9.092230721524507,6.184800199556017,0,yes
296.214216120492,144.156902299917,308.0584879444167,250.046217776377,1,62.137461994185344,793.2795836574139,18193.538253628252,995.9414194123773,244.40367905516155,724.1788308591474,861.3435599015271,13265.48061168522,367.9758908711075,788.9210753869368,0.21842431746478227,9.395844786053411,6.02475673620783,0,yes
246.5294975856092,220.9851654221765,185.66978211423447,213.73682689435904,4,42.10485830086828,844.6060037242992,17414.738120952803,991.9420340355604,697.8937060087186,212.45382336344574,842.6925871052251,14992.182116394639,563.5390972487438,648.4062874883264,0.2206086518505936,9.017384020039408,6.7596148421874975,0,yes
278.96392864054695,271.29630221610194,269.7353653133938,209.3907690237913,4,41.155692065794945,969.6783063673729,18241.71456511474,946.8089871499757,812.8391678123608,143.85795672381664,739.671024504988,11997.472856358723,811.6664519439944,634.7292067331141,0.2606614800993089,9.453088116458721,5.62433874040494,0,yes
242.05629835733197,240.9836287843868,297.10221590106187,235.4923913184529,0,22.421742020123343,903.8610522207117,15572.88589273641,920.0071383833829,86.6700822432195,846.1611598180057,774.818356227709,11222.21289590944,217.17862479420668,719.4348805094935,0.23620647862647243,8.099946887718328,5.098360642121705,0,yes
299.3461818073633,205.22890932991913,385.75894144543076,215.52103560782683,4,95.95469209542321,987.4724914919636,16501.137800880828,961.700895901785,942.6856732338047,55.35590652575411,755.2374117559824,11921.222641206412,217.15990282090758,630.7805686916198,0.2681374738845874,8.588952404025093,5.367464200580589,0,yes
286.92156003222243,163.3425018435187,236.22581167005995,299.4951076619634,1,57.12639707533739,836.4453403890597,17908.43817363915,937.6215530606886,481.1286724563912,515.2382844360923,965.3096028817954,13764.89480147468,607.5197320046188,719.4106878137817,0.21981426649625396,9.254905991799365,6.356528192924136,0,yes
266.5630716052899,381.094360832859,352.4044150259787,292.3443563548796,0,29.785809562631602,937.4118005590042,15306.775834770762,943.6880390724933,263.36901431454334,652.6852286998235,976.6703888491255,14833.570762477004,231.96124163407453,708.708701660369,0.31870643165078977,7.977787210426937,6.625842993876919,0,yes
230.24356286906112,399.92426034962364,272.0722321427181,243.6553464343312,1,68.40406517250553,633.0647662591673,15112.972441423277,919.314621181395,36.13653204058249,945.6816292834525,719.066418249798,10000.205168600003,428.2808808736326,762.7175098327305,0.3046962773442658,7.80969870135288,4.6841908855188406,0,yes
271.2419857906354,214.82519939103855,196.50199679142165,259.73005550588357,1,75.68309594488392,642.7180396489675,16493.973929496664,963.3051545309593,173.26425129359606,824.9995366629312,771.7432778962669,13656.288533055003,680.5689119495811,610.5150563362571,0.22485691565062943,8.508345857355874,6.2508413917175005,0,yes
292.8756789789561,268.4253775389716,218.21287683110506,282.9947266997324,4,60.38544472445713,939.1929019953179,15295.179420466384,979.2257402996688,889.1913407004444,56.25379953354286,732.7934132217542,14241.538699472047,765.1337623692403,701.3500594690715,0.2681088946975566,7.977295851432844,6.507804881205278,0,yes
217.9439262616784,368.20098569179527,282.59509808160914,298.54285567301486,4,38.66406361191945,610.9216156264237,18003.58356987218,949.8696503098871,306.79197630008923,644.5302822737686,764.8199382115841,14033.481999331234,842.3496422584903,759.4938118593188,0.3117974133553022,9.254375608375591,6.47679281135509,0,yes
250.86612551146524,204.50495949112758,172.2472167030219,224.5754493519655,4,70.57851538306792,776.740242025699,18239.815329999758,925.0355853473864,599.2741901246915,360.9290796702171,887.6197573558937,14749.936743442922,788.8862871009768,680.8332892988288,0.21762732835335868,9.405525780519493,6.781923163169276,0,yes
257.80775415286496,235.56896586579438,173.22980486524534,276.02047041362164,0,56.45615664097661,905.052060502631,18184.9645899094,980.443730266948,691.8261879908273,296.3454318373142,995.425696142436,12108.567791133904,177.20555841957486,638.1321206799862,0.22364097914888073,9.414571104817083,5.522088039538846,0,yes
289.56989553333074,119.63948720019096,281.33492292412456,216.68966945120667,1,95.95306590158509,661.2593252857386,18826.235235821154,932.9329037024372,556.4166948826601,387.15394150353325,859.4685114315243,14715.480249848568,218.61124636196027,613.1296754191342,0.20001132483457576,9.674350956289098,6.517611616694728,0,yes
233.27854023597888,286.1025041203693,156.31959903278735,279.10272520887156,0,89.09850701423383,702.552072864029,18206.31700944139,925.1387110831844,636.4461473026109,349.23951892025343,898.4544914159774,10715.19160647037,694.4577963316168,744.8337303912325,0.24209208137664323,9.372381827673887,5.146568767286731,0,yes
291.1296215634715,308.0347308537948,398.0376361193719,204.54637998628016,1,85.28864308528466,979.6303398547605,16723.167970406663,948.69792760461,481.63945610778654,461.498897094273,768.6096760976012,12230.881319898293,130.4667376308127,741.3271847384227,0.2951377289655742,8.69636721247963,5.4689754981406855,0,yes
232.98590820762428,135.72981137928272,244.96721849918495,222.09746940095388,4,85.03374757527888,758.6898034868448,18494.17506070789,940.109021799754,91.90831660190572,868.8163161690916,701.8039225129801,11830.492871769457,666.4302919507021,711.2694636220148,0.20372333066646908,9.53076298320805,5.494922382001425,0,yes
252.07506882557527,106.54013287503275,172.26287038246588,220.5898737201462,0,21.909525813010422,816.2463379449237,15417.119050406485,996.4573211653819,797.1331055808529,190.8279563166608,926.5534920163782,14211.291142830456,550.6687117104909,671.845384684574,0.15568294987474937,8.012838032559513,6.489405727605262,0,yes
269.5207944625163,103.49405404512821,265.7532461007896,239.16813583631824,4,46.95817390338238,728.818404091537,16685.307607498657,950.8483344067679,220.53753983093705,708.9097850070501,913.6339361184159,14981.452609778135,539.047494037503,667.9011588136549,0.1982334193657655,8.62119453664998,6.77907286628514,0,yes
281.1551275619969,391.37585084919584,272.4263473100795,247.3619369469576,0,97.4668534025379,829.8297196128519,16445.509677244456,911.0371983060787,359.96767882386547,571.3828571317058,931.0455674011605,11518.20096294125,188.47014122976952,631.180789459484,0.3081830366530305,8.518317695369742,5.25595465356849,0,yes
290.5862798687321,326.11132816870935,170.9005295762487,224.3592791258618,4,94.78382446503485,840.6693086025425,15530.916397932893,955.5904956540112,5.905973809300534,926.5269395984573,708.303191867777,13950.757151783906,469.1513908062232,651.7775105502363,0.2740288305368243,8.069564264356046,6.254997352989693,0,yes
236.05838912229942,303.6272858552036,176.34523579854545,274.46407458027943,0,38.47512292895387,871.5411367582306,18611.813215633392,966.0778213951619,472.22711484461723,519.1123660647311,871.6204661432993,12205.360102011293,182.84171429916097,621.0502568531829,0.2461664113162421,9.618415391941712,5.511743738492195,0,yes
207.83705351348692,126.95204958203988,249.3865265701959,206.36051890063928,1,27.26796037774932,765.7077628594611,19837.74454933576,924.69811004496,749.8421227363732,170.22607774834387,892.4772564336641,11598.611682272143,219.88797166728443,791.0111375407483,0.17551165919950124,10.201992418030358,5.304840638052362,0,yes
299.185593565457,258.53871010778147,125.5828845347569,272.50587720903036,4,95.81153155650136,729.7362250190529,16964.142864706886,987.385641264517,854.5423446087113,64.35051551179185,856.9053138281836,13960.67150940789,253.54591831575064,648.5708994045478,0.2487847851697797,8.765859681160645,6.229887602838346,0,yes
256.7537694458474,150.75058844103836,290.7325851361796,265.53456626478453,0,97.62936108664475,721.7048287893737,17701.654917008906,908.3929116136434,476.5535528730608,457.8604296465034,846.5905008505488,10359.771829897372,812.7081912016246,798.850556608627,0.21616076868357825,9.121980779888109,5.031092113959864,0,yes
211.52220938976748,217.8339304861364,219.07614523051626,221.1174007095767,4,86.30532851374019,732.474065281496,17878.179305527432,925.3855032715331,801.407210966571,135.34061937120987,812.4165471435774,10681.048423181128,403.67558143807145,640.1624154147066,0.2286402464448333,9.21494319902345,4.96163927717736,0,yes
297.0416065590697,231.4977051966946,183.64471356028793,237.57097498056726,4,89.31216519404016,641.416427701659,16091.864707238226,991.2906806247111,864.9343736588695,79.12955001149601,791.5153126255285,10237.85889372795,712.147024961716,672.3998549996797,0.24150454437364324,8.310877548768033,4.904624397671623,0,yes
271.64336554695745,164.73928442650634,202.25937691848458,273.6764026916907,0,28.392637494152872,667.054175318503,16293.702909483642,923.5757263316057,327.85932940756504,611.8317096458555,909.9171831317653,11466.940060871319,627.8355304419905,632.3395898452458,0.1988697103284499,8.408071062486005,5.4040407174887655,0,yes
266.5991977102676,313.5758982521933,259.8973732739677,217.0219905843697,0,62.18781328032666,984.0029174697463,17932.306500581064,999.2157066847642,319.2042878826765,664.3515921133264,878.4964567419809,12743.016098137756,326.865618597663,633.8037664822127,0.26221037788753465,9.308927179295544,5.787754037671094,0,yes
287.0973728585944,296.08057200558585,270.51647089703187,242.81311969837765,0,52.71791250313903,655.3789940910523,19882.241836162953,905.9391382691344,12.137979170869933,970.613110627773,998.8946071138007,14645.92714989794,655.8452980003225,771.223817037124,0.26389935114320145,10.197376760261921,6.7466993469059595,0,yes
204.8002736683604,228.55233601264467,330.01083060922184,256.2110803307468,1,20.996619182897547,791.5120939322592,18480.920101243297,961.9539868149661,157.62690691644715,799.9692995581901,890.003659471867,14633.075420790261,280.72411209309087,630.2136081978832,0.24107540054922114,9.53443968375208,6.525869277626451,0,yes
226.71785320537765,175.5740842364602,266.65345845653604,296.8303419372331,4,25.052272416940582,768.1297836068289,16286.192460089933,979.1590555624596,556.8592014162134,392.0144469007155,989.0088716519467,12400.911766000014,581.8366281398676,650.2492237170919,0.23061310146335826,8.434248771342126,5.7944727334772494,0,yes
200.59698764023307,180.8737653427815,163.28174391930935,269.5650494337767,4,47.237102794044795,998.5019438769621,19538.666594338396,934.3359881392531,605.5281062256548,311.687290352809,871.5374840712702,10875.356661197075,873.1422196189696,653.905747699541,0.20609647441892504,10.10650422091645,5.249922961431079,0,yes
258.5018433148108,315.5945363477076,132.39346633471285,291.1877459793228,4,77.29390990527682,660.637279504555,17896.247601864558,941.2271990290931,319.05599336163726,621.9769542906774,706.5503614137602,10805.266402375068,710.3785178968589,704.467177028447,0.2692249076178415,9.210359188218472,5.100701954514389,0,yes
216.5374149309094,279.8655209179527,385.27173480192647,283.42764920910804,4,82.85026717934427,619.6289755214116,16096.745018498792,954.5055035600581,634.2727324398779,277.4824685509185,984.3989708530992,12552.239274938926,835.4956699682111,622.2152339147024,0.2993526551143537,8.30348783362079,5.945869143660156,0,yes
224.71726275889532,349.04526717303224,344.5427202015398,233.80446134286612,1,51.436620883223455,980.2098030181027,18431.84675522683,988.5813418952253,282.1382249898172,688.0318996181957,841.503885051777,14494.278921795558,155.21758915502008,652.7541869803433,0.29403763352499956,9.556346575622957,6.405433248101129,0,yes
283.8457754517585,297.54191659691605,138.9405382478725,217.7721213497385,1,77.94964866841667,730.4799685613373,15329.45826083248,997.2744731375055,520.3777460000114,410.0058068750526,808.8908695935035,14370.10823496998,678.2964306828543,633.9517951398759,0.2399206570274759,7.950053359703452,6.544016006686504,0,yes
205.54807666426404,346.91240929092703,294.6669268290832,234.46515374732067,1,77.13762181435669,908.6995780843016,15197.26171816895,975.6884393078461,654.5778135651326,255.6083989570078,878.2054546607925,10930.654599984735,875.8160176410252,791.3982787028583,0.28415257315487163,7.920891391223984,5.2930217053031505,0,yes
215.34104890927503,236.80831727234786,343.8473934992735,277.69901528899203,4,53.38733228767289,763.323891322471,17912.89744836629,948.9862618561303,747.3747420374428,160.24801136699352,889.1811495022066,11962.549471382881,260.3215301741267,770.4426609424698,0.2688440006261088,9.242372241763292,5.460823787471729,0,yes
260.84979737547934,397.279820947114,121.33621067527984,273.5436666190446,0,41.35397837994205,981.8764087880738,17320.693642190097,951.6916509636741,78.1356089552288,833.6024115154896,916.1553873679766,14474.40452180161,313.9913733926147,684.8010728696478,0.2759378173335296,8.99605993111139,6.487039857366692,0,yes
217.27454574050506,212.40838173090668,218.4105671664612,244.83387142649735,1,79.87775961826517,760.6474038329106,18203.871144571698,963.9919737904233,90.09205619100375,903.5987212638166,972.0247544014062,14427.65162487812,209.35963074220405,678.2876110666168,0.2189980918977179,9.389331879450765,6.459256428769092,0,yes
219.50289244004537,364.09308913753125,290.20861411018313,297.63581531577654,4,83.41784525591932,917.4319528086339,15203.508704601934,973.132523456608,593.5955535544366,382.3738175523773,730.4684914275133,13096.110786424004,665.741198586471,724.8020575805278,0.31731847075303204,7.925649663437799,6.016254402573027,0,yes
290.07963845401144,180.81142321540688,307.8975735276695,293.65862537433964,0,41.52637310591278,867.0607935761318,16479.362207927996,965.1433264470595,590.0604666884246,314.6474897476711,988.8712623975313,14877.642580112353,158.11110889733015,769.1257208415898,0.23440819324707032,8.551048970323935,6.625279697495942,0,yes
215.6396345913635,118.68001784262475,250.97728038219137,278.6391441866087,4,99.08587489837927,716.687938898553,17485.422510113,902.8740870647656,278.7944326370993,623.1237775998015,701.6153124552717,14517.851150306335,189.6039083963685,752.6367171680463,0.20899042035486048,9.01200549220263,6.37648234310971,0,yes
290.6325013391827,322.166705811311,247.01539393412395,219.97598569894635,1,74.60571140353184,976.6657672576094,16153.907232264002,969.3453315381848,882.8573238959935,94.96932571381558,991.4373596989357,11074.21971936898,690.7382214977722,655.8172129008934,0.2722656918319274,8.413898601176937,5.313051024107592,0,yes
208.830963625632,300.8249462977474,347.4330566816848,296.98573740766324,0,36.72018535493621,646.8358352451733,16495.70404318653,994.2379154267953,247.9749110170705,670.1567811429757,730.7906651309836,12297.772925563533,565.2362197971701,636.3502541369534,0.28010852510272705,8.514388890934748,5.637254357902208,0,yes
283.3192710498041,293.3464867973528,310.4561250847855,217.29652288803481,4,47.54936320053358,710.7902738120501,19774.683157768395,947.4336806983374,484.997769328367,485.2352105459728,792.9552335790335,13561.999556671733,672.1788851510753,657.6630285135391,0.28056206576022097,10.16143700712647,6.220538996526488,0,yes
214.48177427090528,397.4990658275852,315.200697960993,221.59533794729492,1,98.24228816126619,957.172821868661,19324.93080653058,901.6027212381388,519.058610267638,420.6481804490652,809.3848177892162,12402.867046499001,725.4060744140756,619.5337522565828,0.309701684435419,9.98563362256995,5.775555847153317,0,yes
294.542653836918,378.883991913655,110.45560379190269,218.39642389017772,4,92.95349473275722,956.0003600959765,19981.442512836344,922.6245171823302,292.40045483073646,609.7143455446949,978.9810122370253,14922.039068866976,525.2358260785038,671.1783300672487,0.28212753012502906,10.316491381353298,6.772616717121827,0,yes
273.8374829092086,203.36662897147335,299.83006815149173,283.04323080855215,4,76.86450459619955,949.8206920042397,17401.088253597285,914.7830365519942,250.74810099515093,705.6420399201357,807.0481653852887,13606.110666372253,450.1586319523848,624.9169515764872,0.2580788448793595,9.02382443570902,6.1488167031810885,0,yes
276.75030853839326,254.9256645950282,336.74883928977965,250.2458848871473,4,92.73369780320726,895.4457941695305,17819.26109089146,985.2063628382436,311.6435121891672,590.6087336572932,761.8632032157992,14378.392174420964,405.9000600648867,626.2723275262365,0.28189113401006805,9.230196883261993,6.414711067118877,0,yes
207.09570103009494,300.3990627956779,342.0485535669949,236.4861653253539,0,68.22966151166315,692.1747383030997,15163.324845799205,915.724010238168,525.6537450060371,385.6726054047741,776.3185150337381,11806.189074332642,611.8289280831875,658.4056657456133,0.27050306991105827,7.847316771532476,5.479428610820959,0,yes
259.2741425622014,380.97352998887345,389.1940527217155,235.19581917015483,0,96.34656935947028,914.3979966012494,18465.439674362802,978.6428774384586,258.0611131728546,657.132805424161,972.6885362251068,13309.327626058963,593.2402539783407,763.32362324679,0.3220319488236976,9.556685905187047,6.16619077640027,0,yes
231.50932702670974,262.94528151565305,347.7132365530238,293.63771368531053,0,82.21661795997424,784.4324497524184,17168.287880588447,925.5622025022749,649.7492318799082,346.6630927040833,888.3160824440995,14383.250945050855,687.5744776654041,744.8528811743154,0.2729259717827075,8.871546113167165,6.608473907711533,0,yes
295.7323834689739,169.84278073390118,287.4473057762301,297.4015530401797,4,28.563664185858492,851.6516729903444,15396.11503226059,915.6591269246885,424.76235219713243,564.5489712985839,806.9673829139564,11771.27496975141,575.3232919624548,671.5608555404576,0.2417665205340178,7.999156436206461,5.475576411472586,0,yes
215.1879711873302,274.97265027632614,216.697737888424,277.79205335014024,4,27.80454451349251,602.9807443686182,17868.09570088907,967.6348774254893,257.6121814724127,708.7858823562644,984.308049938171,12151.891633053097,632.2599686190315,631.5625782121444,0.2554637175553906,9.187354469568062,5.713121801855268,0,yes
291.81620492747453,240.38373988004892,208.59345799656413,206.92721812024044,1,33.05419609600497,942.6508736617179,18359.79115234875,989.8285895634109,674.6214900367135,260.4630936954975,776.9080720944837,11788.356171341655,664.810188386775,718.2781329486946,0.2241852802121229,9.51186156610626,5.504862441146557,0,yes
289.74992080433424,253.43329533865406,317.3156116531168,215.043259523992,4,39.66372003486593,816.0801568847359,15280.715246782995,972.4814527707607,623.4517546087084,309.83701844106656,970.1427759836467,10279.592913181055,107.71785611446845,789.6052587776644,0.26534159142003844,7.941278393820846,4.765053779752407,0,yes
223.39611275968377,168.90224753841358,194.8934729753746,244.7181204027369,4,53.6472735077336,757.339489917461,15630.691968209529,906.1235284996841,633.173482389135,274.2300270388995,949.3278441945935,11920.753299765725,138.93790181983246,659.9627222001465,0.20634433664397922,8.094070838735629,5.404970437701501,0,yes
280.2241213963156,277.7484423153973,196.49900147815077,288.711575473847,4,95.75308694912165,630.8056347670044,19828.89403387997,966.9001480093027,506.19561939428905,422.5020285009387,873.3754750278403,12548.74131201138,595.376177418181,737.9082044848191,0.271483066866137,10.173704384852135,5.821554826363429,0,yes
275.02591141812763,121.21939622374008,364.92711576902195,234.9749201206982,4,62.35192805183988,794.5185491577918,18025.786653892304,903.6556179791559,870.7843271062255,90.59610384734674,888.9159427624908,12713.19320143959,698.7447463079524,662.510248885223,0.22695157737986393,9.299550120319447,5.929441677309499,0,yes
279.77715742354525,251.1234533570267,171.79758268679612,298.19294905534684,4,60.67227589820269,615.6687392260812,19543.11703277762,985.3312085560567,882.4272342649133,67.75814060420782,780.2163507969415,12400.85438327048,158.00008715231124,647.0064457394942,0.25332136615350753,10.03006924966096,5.541153676300963,0,yes
227.77679008413514,394.6322252786978,193.12787664997222,240.79762569443008,4,33.702024783843925,843.2562847394557,17077.0858593929,927.7709127244245,407.8271058490163,548.7969253679694,925.5843997085437,11462.838131317429,266.28363943095746,607.4749890594254,0.2935455019432442,8.839409875132096,5.263128337502474,0,yes
238.5969545694248,358.92376726612036,189.65650122780943,204.52336240226978,1,51.54378006113995,902.2292534538351,18595.939102426295,999.7682728715737,985.0698580109129,2.060864055251841,784.3384287616614,12013.070827010108,503.69853538564627,757.7840343694256,0.26292248663477763,9.622096213122738,5.545692060902503,0,yes
252.85501386590457,323.87058074928234,345.2979259855195,263.81013777466563,4,52.7718582247423,928.2408218565552,17101.648894100414,955.305516250279,756.169189976944,162.5104457926235,918.251467058594,12631.937773205624,792.5487535812351,724.6875880883375,0.3058436621230815,8.874725998565868,5.948529453985295,0,yes
269.49676397847554,220.37732367399764,333.2659060579966,277.7858520708915,1,60.26609045537802,760.7758556335195,15632.01563861831,994.9118750413211,846.5108971669762,122.07625340069,889.3229230582524,11261.466959807813,420.04558184622266,631.2883394704047,0.2558825599887281,8.107710597929199,5.234338426530582,0,yes
264.9834577618339,336.86174305009024,386.27662632547737,202.82615554715113,0,82.09482273013137,688.3489444793674,16176.393482707825,905.5561289698499,760.2528649354772,217.93698794852162,833.3874081486933,11062.545662100167,535.7584755095129,754.4863269960199,0.2962598193952637,8.35162263028641,5.196249057268334,0,yes
286.6573494628178,134.81725402202179,105.11458657271304,220.8712269892172,4,47.13486581823527,935.2858641286759,16166.253750827382,967.8926345556054,683.115054345629,249.6354987724019,776.9771439303897,14693.384168456476,272.67664544191655,796.6538190377787,0.17716776284638386,8.410373316752594,6.520156848630188,0,yes
247.3085435523871,313.5537309853679,141.92083580240754,246.7048660765676,1,50.60985253868936,701.4688464851507,18048.608109843266,974.151264850322,333.67061411822846,601.9764184084838,710.2867434496785,12866.676562617404,451.0387722622461,685.7959207541364,0.2446473823644792,9.300030824708019,5.819823600359873,0,yes
248.86976989057843,313.04564071787695,123.23959555070465,249.0842953114538,1,48.318446043395646,728.015777295292,18837.541112947263,976.1549948531768,625.7716087441748,315.80929557281206,823.4598748653117,13493.087169453198,166.53085299687672,690.3092196454686,0.24109315396563427,9.700624361344854,6.003262895682845,0,yes
219.8471620419692,173.1041927536808,328.33723305466265,260.5837792606469,1,94.7704063611073,729.417133085656,18692.779354090577,999.3500670999748,115.31780980563998,818.1861748800459,858.4395365866914,12863.366811431099,259.4582264132487,632.8579128243383,0.23060942231887133,9.631767441423642,5.793888327308642,0,yes
289.32889742413056,117.85033250799486,330.26082828055655,283.17227107037445,1,29.95413499276666,944.8374011322728,16375.394007542951,954.3587787933541,534.2079297638362,408.0760219852523,853.392485081818,10596.370434123974,597.4282210264132,711.6632308667635,0.2140496150711637,8.51526335559899,5.03182265356992,0,yes
255.01275473580532,341.6712638199089,211.78484864661948,280.3949373972122,0,21.420018280192814,683.2592264373417,15457.689843961845,971.5967293077687,530.6177081523222,455.7460174836435,855.1452550239154,11488.62630358931,313.334528374976,762.7156401702541,0.26991080711465343,8.000218608668627,5.288641570953961,0,yes
250.9696016867813,208.36047932302557,132.4479868844048,294.7949808470849,1,64.25119812796709,854.3607652815207,17373.265639442132,909.2777555769637,899.2816170933074,69.27741364527014,947.8610884252595,14401.058256418488,513.3232119132145,727.9366289323261,0.21247120980362166,8.987470321400945,6.563614587303488,0,yes
269.8858251835766,116.07657608079637,165.06530816550384,222.7667894184575,1,52.34555802920856,757.0008245294246,16110.487906637578,992.0860735546339,791.9136334789774,116.57967755157495,966.6411352284554,10818.528157872135,812.9586323310176,770.0948711447332,0.1685719368891875,8.345717320728644,5.255326536839295,0,yes
290.5105184389063,208.36781874760203,252.09619757746304,279.08568607072425,1,39.66693624084055,899.3312560785153,17654.16778124554,964.6631892865651,585.7164043953283,347.5874047264034,870.9395639814317,10714.345301770647,741.083210773434,677.389602245212,0.23517678549263515,9.145692554169937,5.137742305163547,0,yes
245.7314577679386,280.6970397801522,189.840114789759,224.2602007399185,4,97.64511444285604,876.8920875169056,19893.653942294877,961.2950723378929,505.8756354168457,411.66001589090837,712.927916816153,14366.59857565361,831.510136117164,606.5649494751004,0.25431419244512465,10.259885773173608,6.560178255237967,0,yes
291.0488606192851,188.04505579228737,238.95710752230127,208.96033262430797,0,58.468153210383285,614.4730108313806,17087.316101154607,999.3880859790763,866.0442827141223,113.53654433993916,943.1914296217966,14322.597455430276,425.137089588723,637.5102568375227,0.2088262083655167,8.803858662700863,6.4847078073771405,0,yes
287.89368190699923,136.40032600686214,224.62253173778026,220.42503327704745,1,64.94271965302492,977.9207507876306,16863.84203282328,998.6408587593224,286.7717931934392,688.250563638806,914.8870330327073,12327.886754963205,666.3083119951775,763.4766793681979,0.19200847687680225,8.77321217668886,5.787963796986729,0,yes
226.47465986782908,358.8086078740419,398.59381224728605,235.5395582519571,4,50.639836630318634,981.9253356196126,17953.07666191786,921.1030621097213,275.53715344638226,674.1401088136358,770.5794258784622,10398.068325751778,412.6895545355809,667.9205470337749,0.3212220090345623,9.308065983149987,4.840733921589721,0,yes
253.9077516535968,376.103821817056,132.2301009488738,216.11210801745693,4,79.95292973386925,985.4072832906329,16685.336414796868,930.385349906632,198.02233203469868,773.2812687089638,919.7990749871893,12037.136018642326,114.91303583306677,680.5730838480058,0.27813410038102065,8.676270397579664,5.441582685415829,0,yes
221.44650567655546,184.70120328851624,278.96713639561153,257.428556604181,1,79.36571525761275,778.2519895998536,17724.136343035978,967.8066269761525,782.2459811027862,213.26010179165849,909.5206321694027,14488.41271220114,212.9292444976704,780.20020154599,0.22300784747350544,9.153902076113098,6.473743455137765,0,yes
244.89270329906017,151.731463974419,243.6054321546956,211.7493384223373,0,87.14708427610064,999.5195737580664,15447.883956836493,948.5549096333093,703.0283025867641,232.8966111872562,897.791773621203,11409.951672274325,595.371532634437,604.5404040523314,0.19355248889652207,8.063301185255773,5.359264121381052,0,yes
296.8987151199812,382.7068277518544,266.89142104353675,245.14431486901998,4,71.60025766936917,698.1558959063763,17222.47667419583,960.2920900051372,814.8758357264603,85.3077067846458,963.8070296948389,12968.364842063183,668.8997250763554,794.9104268363016,0.3179069171092948,8.88432374876912,6.058685478763668,0,yes
264.34645103536286,238.16153284006458,247.2806985139484,235.48634375277425,0,39.639273718523214,984.4406506322634,15908.18541223622,985.3987009372539,672.2935465292768,312.8654364924671,778.4719810010943,14466.974566801699,775.392046206571,621.4791575014452,0.23009483069273054,8.295051063544491,6.615349652062634,0,yes
288.20059765841756,192.47742339253548,302.3671134378385,241.0515845184437,0,87.49392073778043,723.8106917333238,16382.902292522402,909.744836900185,112.0745811080389,843.7545456392734,879.7940188625275,13303.68882280795,797.70772484882,678.1617875515036,0.2329879329553293,8.463253597081188,6.202868157909599,0,yes
265.80263891984174,398.43598293314034,145.69302179882658,271.49158819654616,1,92.47923238765691,864.9295951300181,17170.003575221166,947.1555964545172,274.8217415423187,697.3764107350353,952.5502503438299,14322.685574983663,485.58448737593415,747.2860833744882,0.2919154675724828,8.893411260828968,6.526115194918879,0,yes
224.66824646471144,199.60344580048508,229.9901789391143,228.10104831057615,1,87.06939452718197,871.1523634940127,18286.5962613582,918.2497201323828,536.1649000794245,426.5928647337561,989.502408731171,10692.64331963795,216.6321365868982,738.9167913398757,0.21468343718327856,9.449149744773027,4.97888400292721,0,yes
200.6782561101595,195.82780807330482,147.83710759765245,288.6207856790854,1,64.92256340172773,876.3536971707308,17364.49079384977,951.1650055141469,644.4546958555873,310.95469694127223,794.8212570318378,10041.053239756715,724.0636296185128,717.5921263961428,0.20303368089309828,8.993787288371472,4.839510442170395,0,yes
242.5454906623853,215.88630568585558,108.52715319726178,263.12644303590156,1,54.14403324237686,967.055281264078,18952.057855910636,978.3991286779088,84.13711119188821,875.5051315544683,913.0325219742051,14624.407769821271,671.7172391208217,707.8106174520603,0.2020281288551088,9.812012403188819,6.698488390058784,0,yes
272.8452638285444,153.5421358785615,186.3024336306715,278.76947965531394,4,25.366492790742512,916.8067441964084,16893.883910275887,963.0378487166893,459.86032521262126,501.71395150925235,727.5258072909869,13490.36706586609,799.1406377460639,722.573875149131,0.20798991917199935,8.769301316598652,6.22385720604584,0,yes
231.8719382449137,285.9691515940847,350.25269049055316,233.3394837427673,4,89.45805050924466,844.2032663177282,16153.756477918481,980.9736953033353,294.0444314651177,617.0731416537155,880.3701228637482,11638.730606386038,733.1972163640606,695.4763710809135,0.28754022166012244,8.385282962864004,5.507460386694615,0,yes
287.2875867431325,356.96738030494805,250.5231251227636,209.06952380157085,4,31.980109362368445,881.54588687976,19549.835866477333,983.1851572264943,94.6887278570648,882.5014033067134,786.9594871371719,10958.749709952468,517.185311069951,664.6106805637932,0.2909243249987399,10.09205402164137,5.116716631425174,0,yes
286.6104605973956,239.13202257219788,360.283204703522,220.1229724198846,1,50.91245758356688,766.9017988044021,17155.02195811653,977.9831487225474,695.0596704008044,208.92640820600218,796.2470875834725,13752.496201185271,337.14919565841365,672.8937698816737,0.25824662156647166,8.868228115453523,6.1569519605354674,0,yes
264.956774198399,250.4299712440795,273.17302422941873,269.906560113825,1,58.055755934774346,949.5263961263581,17927.754661562285,997.0960483128417,748.7537398770667,218.43202984196375,766.7927005524732,11910.70868964445,699.9070325188047,742.2551057176773,0.25345677753036555,9.298426753946954,5.5713901674023685,0,yes
224.5634886092211,148.65937258164448,363.17864265507734,271.44041725716204,0,95.71942076045809,813.31165373631,17731.242421216833,908.9565843549949,410.91420040958786,570.7111108052568,988.9232000523826,12808.58291374097,178.23846577564586,727.0116576016256,0.22668603603781676,9.157199372572807,5.81069909330813,0,yes
281.2991349182714,206.88293395994037,376.4483584097977,200.8488588667112,1,61.622356809971066,864.7545728075881,15315.502277334113,943.0228605168235,470.2597373837145,449.9548709340383,870.9381662165999,11671.90909911225,213.53404010142808,766.2737532520516,0.24539868092248684,7.965553162079683,5.319720118951904,0,yes
248.3146542385008,308.68116981786136,270.4101252907261,263.7637595623266,4,54.235998173285715,944.3278340441711,15239.72547790415,993.933967155906,220.50081144687374,706.9114423470287,954.7572596885179,10824.646528739124,494.2200441287841,744.8788302149961,0.28439099406279056,7.952782130658011,5.124756346532972,0,yes
222.58041065435253,350.2267956235478,361.2653299433317,283.04896120888395,4,40.407651123306806,686.5740305325057,15084.626417319501,917.752136021717,138.1289595347345,780.5496302180356,878.7992608181282,11468.885405865405,309.69979369292736,726.4785181277634,0.31804758096694186,7.807014989000591,5.274625063804665,0,yes
234.45990272824707,281.7987614820447,347.5426708290829,253.32382028234252,0,51.490117239289205,875.5353572945187,16581.374879978528,947.2047198199016,792.8938273209699,147.80232570138855,957.4635020092414,13362.164563988204,463.89131630811215,742.9196208420996,0.2688803060758322,8.601499596441885,6.130276133824769,0,yes
206.7386678156777,312.3712588854018,194.82119822497003,299.195472183416,4,62.93188842419194,791.3834353821932,19092.172892581002,951.404437621228,211.52727047348463,772.1910102229858,787.2889760723026,10158.746019683607,152.1464099724346,789.4589737587775,0.2736772617856528,9.838584350199968,4.668273938700907,0,yes
259.76423377217174,111.13192839928962,100.55936969968043,255.5277184447432,1,49.19538048521592,898.3390977929128,15060.436072825845,946.1473573981781,237.7584320343469,723.0306811022372,943.3684003660295,12375.90154176309,274.4298240473709,684.6253792586251,0.1585683496812885,7.846051752423662,5.649405846569635,0,yes
292.08108814305206,310.03894150369274,228.40576993112444,229.21358193905297,0,90.97084664323198,634.6923378342625,18983.096080697098,948.660358263647,301.4074685362433,646.9785312382072,921.380968673412,14639.051333966436,511.60560219840966,685.8541207588602,0.26378164886955213,9.74913966164439,6.639195239809519,0,yes
264.7497046887228,115.5246402910113,106.8436798810786,263.8263846880328,4,69.47864193349355,758.3186479885053,18458.273762390403,934.1353111127592,842.0146346641915,143.3571019573901,757.9322298408218,11618.665951992776,459.6844131850214,798.9182346327497,0.17842255904970392,9.511910316046446,5.365009278764633,0,yes
255.74474239276688,386.23227940465136,253.45584970071673,284.77493768523055,4,64.92842423853838,695.1670539723447,16860.48390919708,957.4482670760123,225.8812121294102,744.5276273730656,757.1921059016937,10209.320178380682,342.1408565547099,766.6825869450781,0.31850651123131274,8.70227855344185,4.747581831196645,0,yes
264.78544829305196,228.89315927582362,203.1427101421735,275.12068946321045,0,49.57499004788188,776.7722382172267,19282.1226656967,952.8761660546083,275.24181004237937,705.2192281958725,986.4596756558688,13569.077972725305,858.144754066549,636.3339384895162,0.22679110680166206,9.930508141756226,6.373778273499743,0,yes
234.3466179993781,133.99587326664414,186.1889172794591,268.5323062912883,0,74.04737805357476,620.4623890650198,16778.469324898826,928.0705896195435,841.9865229207034,73.8482493217142,997.6440861544871,14742.154493470902,701.2813088801198,697.7962706316056,0.1833515274428988,8.640901089876598,6.783923523556635,0,yes
281.7391278473259,125.4440191083808,216.81648457476723,277.256435991333,0,35.392920842494114,866.5843053664012,18949.901334906004,916.5183954753765,323.9795057724106,650.4252097384208,800.4180447658601,12951.69800604988,599.7762431690778,678.3797284473743,0.18893710915844322,9.77953388212805,5.95374026747957,0,yes
246.21060973712582,322.80293585353536,348.19714510513325,290.47106337400106,1,39.80409681725189,849.3015925134473,16926.142401647383,992.6017620846304,24.505295112633423,931.7068447466778,734.7950199350474,12581.329902523312,606.4261865844592,677.5738773894183,0.29685859617020177,8.774234163322726,5.779387789101182,0,yes
286.57590615586304,180.06682233196304,201.0603292869867,209.28765110902816,0,92.02889054052467,800.8454498600029,19047.15319472032,976.9890163263345,6.640025369168018,914.4462909954493,741.6067772595753,12476.930824371773,503.67540270206075,708.0778112994836,0.20177404554492306,9.821714650960383,5.698451975473245,0,yes
230.0470762021152,232.66328134792806,118.39308758521331,287.6327381423219,4,84.99093910384157,988.0474496384767,17432.945308743798,941.7028806275498,202.4556044965704,795.7199949470034,813.5988665816186,11059.883993722286,334.1090995872327,611.3095856981078,0.2299122977935934,9.052237178607173,5.090529252345426,0,yes
278.08653698978617,118.64227497568172,299.6580095066653,253.06417876142604,0,76.55097912801087,701.2894341247165,18021.46955246509,936.4186997005665,328.1940949104371,623.3048577634917,742.0788723579665,14004.210599535636,635.49279909397,760.6676302253218,0.20265744493134621,9.28122631380017,6.373425647326117,0,yes
273.2323166219654,351.3477120264097,174.5759854177897,211.46819135801067,4,58.78011589559998,995.26665251601,18374.75106720443,999.5002334418896,587.9911243690514,321.44196050008077,785.9546343882159,14559.500820062942,341.53073263893896,773.7206494631021,0.2755552524158095,9.532791632610945,6.49148162535581,0,yes
247.30308396381187,212.93773341096716,165.2069699963044,273.02766748106905,1,20.398709674081175,908.2141529266255,19888.799805731425,933.0788375029327,526.705501847193,437.7660259812567,707.0764513452705,12731.045685670146,477.5986621973852,643.7832862539814,0.21052513517035484,10.260683680091102,5.7733594743280685,0,yes
235.68596511924375,395.9347783428604,150.41837047416007,299.49221144449984,4,31.852842059102684,778.7514431128484,17519.7811994198,967.0059496874591,876.6490231617909,117.49827649457882,980.0283632195311,11331.804140551541,585.2734402592865,739.6904998597815,0.2980303222906541,9.0517251114984,5.38265998475658,0,yes
296.1261083635899,215.69834195341582,200.7357555168545,290.6307798592834,1,76.48745990572888,797.4505978863565,16039.706689334032,997.7949539130865,887.7261336157492,100.20584035454999,803.7151906999353,13597.204011755894,604.6528650672437,697.833105711229,0.23548622318724488,8.320116822708215,6.219646876332306,0,yes
240.5584019759599,252.01344424799444,318.164952824724,247.1968852087391,0,57.912928818371924,838.2930337877201,19727.451066813228,901.8332246838037,127.86415768698095,794.6949030420078,786.9348314201968,12474.833458605972,820.8571382036898,793.1176492479168,0.2514432444100937,10.15993272981921,5.85412261943972,0,yes
299.4165009282163,289.52892212315214,366.1069844026036,282.60691608954755,1,95.5780375664508,760.6973314313078,15533.40341038663,950.4736305051157,637.579810817815,328.68589356970085,718.8664168315286,14811.663480386644,339.443624999991,680.4146065432893,0.29930580421007624,8.052246933651531,6.560116444395107,0,yes
206.6120892748583,201.61813273129158,132.88203958919544,232.88107877669984,4,42.87632462491551,683.4843327262618,16070.773760886914,989.6930328117277,285.9163770265282,673.0487684629973,800.9127203881394,12326.946299981464,409.5046227783845,787.6890883849568,0.20118836620708228,8.309314277393915,5.640290965454529,0,yes
263.25028777888735,215.94932686187218,265.56779088650524,256.42033640146656,4,73.69979187229063,814.2046640186607,18802.04936073772,916.2202691355229,340.5217997344329,574.2437385160279,805.4885853125269,14958.500648533965,566.0932208588247,768.7616697793449,0.24919703568446347,9.693794770983367,6.748787178533436,0,yes
275.44721183599336,246.39499374860176,223.892802887225,200.03185060947533,4,33.16391081274361,972.5529933774451,19266.843172600824,988.1901767485306,71.63053270625102,835.1892868872085,996.2272813270134,10478.58576037195,178.35085515131902,785.7479686316435,0.23821095396300093,9.972026048278009,4.879201914935503,0,yes
254.9526109762242,299.93642360656594,189.476471231373,223.46030319113106,1,66.88429803663622,748.6372248498586,16176.816614970148,983.5561138903329,413.1251282575134,558.5097963981432,961.9892197198726,12594.202087937343,726.2841935936632,635.1561514422208,0.2470750685652218,8.375846105888417,5.919921132198769,0,yes
252.6750529582232,142.10245119166777,267.7488899248297,283.2218720656599,1,32.80770551830674,617.0425562675514,19299.31063095353,967.0002285678952,158.29860698482858,835.1000790526404,875.11531315826,13865.148269080557,245.04512920531215,683.0347106918216,0.20697696112812236,9.905930310027799,6.210349651284889,0,yes
286.57579771429494,178.7325975762526,349.22185017642806,239.5644204849914,4,81.8704098019374,931.0647102882515,16352.557275685322,986.3295695746104,914.4474217621888,55.52657658188116,732.6979318285461,10724.000827073849,340.11387326315105,621.2820062089279,0.25165049353848773,8.505110107914849,4.923613387818558,0,yes
216.62020905083605,309.7932126818582,302.30659659299613,298.66843409040007,4,92.73987904390849,915.1525627405015,19105.63764627816,980.512960364447,954.9728922187195,40.13275709720199,892.0668595801968,12814.826019212222,877.1959801632664,799.2978356548396,0.29903302587659214,9.877215475267173,6.065532283106217,0,yes
279.19457751271057,259.6239807690872,350.4112895047813,246.6097907649534,0,76.65569157516359,844.3048931610015,18958.898779885727,960.5024604903494,509.64120635349013,474.16568658632593,993.9197495055512,10059.431245673253,508.95029806607147,600.0039956126658,0.2680633847557707,9.785049555937952,4.828946975745854,0,yes
258.60029045841696,231.17644148594874,300.8240916955836,286.48608700351934,1,98.04883046131467,648.9136504952902,16809.517603229535,991.4682098021004,615.8167811270497,354.51188252796237,912.2801632794192,13725.311327814336,277.4552731879824,708.7638047000905,0.2588260452190076,8.671365148034203,6.1824442885278845,0,yes
274.48224568146907,339.8714637904646,256.7742670354078,299.98694136856784,4,20.877513086110568,619.493769353225,18767.40717838607,906.015993456775,232.4894529759829,694.1868561110515,854.0717517566588,10084.65965444245,246.68025943276578,704.2373064468381,0.30050261491507985,9.632144390741512,4.683989400073718,0,yes
219.771507987977,212.45399625779112,319.2902554366261,294.7312722701903,0,80.8110048087906,834.2950946765279,16423.774925102753,933.2308982100773,693.3663870464078,300.8407274240392,966.4414392850764,13282.43520668076,332.14214472708017,773.4540508230953,0.2456043663574042,8.51148924243255,6.060725346187497,0,yes
255.27140761298662,219.66234077406176,296.5819944712432,280.4661170124575,4,92.81005267143198,641.8969615175545,15358.078929993706,970.678526055888,304.4204692067452,621.9257864843989,706.9393344872831,12300.10736794012,289.2301815771592,688.8322614804454,0.26308801780192637,7.9412368214794276,5.5262586929069215,0,yes
279.91336912370684,231.19899857100145,359.6078315977287,251.33823517651746,0,44.318517896656275,669.1303167206237,18780.944280075928,956.0584421748132,939.6845474599327,57.34220238265448,920.0403985664306,14972.54915829076,294.92334399539465,616.0024137960035,0.2555043036850335,9.656605838605785,6.682950287351991,0,yes
299.5270395646703,191.8471085684322,331.9883769094023,255.10586096585456,1,42.04855167636664,696.3220470301361,18520.473587881293,940.0943700842708,639.7805097441898,290.52524151370346,865.6920322617468,13804.916309327817,598.5202708938277,730.1555417262589,0.24119314350087345,9.530140640905197,6.3214014967012,0,yes
232.62308364394846,106.62886496447626,251.13499566962346,257.45695464291106,1,59.95861880166263,821.9153643072397,15416.676804000437,920.3455326495099,105.23849628472718,829.0126567901688,708.0212575334912,13921.719637141949,395.43681031476757,667.8319775883713,0.18518988094286887,8.003399014028757,6.216139753124952,0,yes
240.4131805730891,345.36456503604217,329.8863444974087,208.92100716858317,1,80.95962093199557,689.4448460881351,19076.30688435592,992.4841299475358,860.5609923468963,65.68649873646473,932.9034022592263,11053.727240540298,161.13120681191955,655.300198216591,0.29035196582148864,9.813776182303961,5.062431775550349,0,yes
200.02142960059746,209.07232620871073,112.03210742015293,212.11489657882316,1,33.349463141351556,967.5201822907245,17283.394080685313,939.7201404988634,540.4749965284053,435.3779619752868,882.5748049588772,12087.816278248141,298.6734391760192,671.1240802426015,0.18181787225096946,8.972457443284762,5.519855356007417,0,yes
295.1965492985866,158.08553046414787,275.2902648579403,240.24651661197333,4,58.33392008344407,904.1267443292821,16854.406679120795,995.8387613157182,90.61304951496764,904.7098875262532,876.8094271157606,11628.662486660443,596.0736318852506,768.6158019154899,0.2268750516257069,8.75121552113467,5.468445795480321,0,yes
291.3346643227344,309.20709289641366,102.63222402183368,281.1170818926655,4,25.263627527133696,757.3277849241219,15931.575678225017,960.6461208701803,449.75326497983474,543.849472353849,946.12971740904,11883.05756101432,523.9731114666483,780.0210952764231,0.2563202502383219,8.251986460005858,5.570374520926614,0,yes
274.17991626513117,288.34187705808665,376.18495036294314,206.29485494927087,4,87.66446357964975,688.0286879158753,19985.349368534204,930.8150203267901,26.576946946656292,948.5839241098842,964.147120167625,11698.237441457522,579.3206164048407,773.6377821874194,0.29339166833913594,10.259483894599045,5.52238648998814,0,yes
277.20678222083075,280.32972940099927,149.712444724409,214.1779430422597,4,49.15241276589719,944.3110739175052,15609.960871567851,975.009420336798,292.6151368044101,610.0282239307755,712.9264151512973,14835.977673209787,417.0688790247586,757.9405226468655,0.24201029855501563,8.135275037602877,6.600047715443623,0,yes
213.48441137943766,212.50034350453177,334.0412027109895,261.9382345337392,4,82.98823209038423,797.7341042127365,18095.47093491752,931.3106432437148,359.5780809194582,568.3801898282151,965.0902286465725,11104.624681492913,359.91879526430955,669.8969959859747,0.25749453615539064,9.338890438351582,5.177330948424563,0,yes
207.13024651497568,166.1664480480245,378.09360180009463,233.36683353153518,1,52.759647309712236,837.2574252359525,18156.26921093275,936.2939460352175,895.3733682131713,6.679581614290896,802.6456264051199,11428.85277265831,773.520848111488,707.6492796063487,0.2254548013672436,9.378821747775905,5.408918652118205,0,yes
210.63283910374412,105.29588917843706,344.67123878948144,207.5295147535899,0,68.53531389614946,734.6982732275053,18986.613884050872,960.3474236630169,513.9708670258686,430.03520524648013,713.2805464574692,11917.027009584159,801.7547865410553,761.366431771087,0.18767984374136187,9.774454682885798,5.592600456637381,0,yes
228.51393226441294,267.9176599046765,373.7012265774766,239.13348567933758,0,87.79159257758029,989.101363332031,18261.375436415517,907.1130682254608,40.20733639535084,900.7115721819874,864.0238484775635,11282.475904963008,701.8218805117534,685.2094531685349,0.2695343627893043,9.461960732464325,5.348597751310417,0,yes
270.04522002115294,285.87513741535304,337.00452993734166,257.7976335058332,4,89.94507768410357,895.5536269753841,19420.437080134874,918.3552256976686,743.6368373267459,188.0385020953654,820.5352673597804,12640.10305560567,364.81069031713236,681.4452524618366,0.29463286073216505,10.02160991439021,5.737685013244082,0,yes
293.29364795431417,239.18759150829888,399.4913402842636,270.00501209969286,0,65.78273688535741,660.6725812610055,17611.846867621174,995.6203656238101,157.71570022066518,744.993707920074,788.6776668689527,12792.787599591122,686.8658565818007,664.5223237504987,0.2748030117652623,9.075675899871449,5.908653519928803,0,yes
286.53984877102795,188.31920930055102,397.5170066055958,216.79504301412936,0,67.73309375492116,624.8395516679468,16423.920528749823,967.386451297476,65.23220731775358,861.5661280365073,809.8214429446916,12884.13224318417,177.75005009197918,706.762291739513,0.24280820784423654,8.469985318263138,5.758856350588746,0,yes
246.74594224021686,271.40013247914334,221.23559211642666,282.5332226538394,1,31.00199107243992,824.7260603470648,19123.740039116532,979.4571407568263,793.9566550119683,114.015306687431,954.9729195949088,13451.573837692938,336.4165926844811,704.2527849463554,0.24827903014588534,9.86569186150153,6.104455102527912,0,yes
262.8249201907282,191.13882151673354,155.46643583949117,258.5903690001614,0,84.0344977092683,652.4734087451045,17335.884576474,974.3171862733947,363.3301504820006,622.7967737945075,713.0278589416123,14330.873034384349,614.830316004499,773.6057923560229,0.2029322452741692,8.932951659052874,6.4907102087726365,0,yes
273.7688580630897,246.72626345059982,259.6684110469105,271.5223254030228,0,26.971771048679123,735.9505586460951,15241.477406067046,985.2358323454123,798.2465503021984,196.64499497625854,762.6428545358078,12168.654160636877,273.87939818025245,684.5415035240636,0.24280599582942655,7.905602134437415,5.498702251644168,0,yes
276.8433973988322,163.72520074647775,372.7836268974967,255.8076138892506,1,85.0251151061825,972.4873329907546,17225.24459485245,998.7551486975127,288.08642075247275,646.2425580343793,784.7461296631529,14124.267200091,571.2179501557478,795.0301833860132,0.24077259340715212,8.952677488974832,6.415033280092207,0,yes
253.3554033510823,173.0163730281579,363.88795400072104,233.1384887870329,1,35.11612846693388,639.8452713171245,17950.56827820262,981.7238542800307,396.75024460388255,533.3791023151384,729.7084922530805,14890.068581976762,305.0485812829109,732.4265019604397,0.2289298218549247,9.238561080518062,6.583957126080738,0,yes
274.1600777458315,193.58930003046316,109.04116327577421,240.49823772166232,0,90.20059773106901,917.029341612591,15253.590793675836,942.633702948089,320.56733021172323,590.2305449553323,787.2522085893418,13708.195925246862,504.6971751889626,754.7253254106029,0.19321899403233295,7.946397188645923,6.21440151029194,0,yes
221.0531376537866,298.55258438482724,210.6535641048495,253.17574972552185,4,75.08413682143481,943.7513926605127,17513.009320980582,999.9041575547011,743.4053581422658,159.96404807830208,766.0150811797484,13084.254124714033,779.9813401995909,709.1169752732749,0.26544709649522813,9.090120968549813,6.059384535560415,0,yes
295.32375915619605,266.8392682616484,313.7379167004175,235.71349592842694,1,87.25699886047201,934.2299821809804,18201.567686897975,986.9746697970519,480.400458204127,460.06528176491025,988.1244102194509,11488.222605665558,772.1798956395825,690.0639253908189,0.26881210488483154,9.430427963593173,5.509257047045071,0,yes
271.9355288017375,381.3855089938587,343.7732928283365,214.024187884764,1,24.526582109291688,866.1941814105378,18384.205786315906,954.2398017333483,187.93869063789768,735.087994587588,967.9305071689439,12166.327406559263,659.8703071399729,785.3766968580394,0.30545166719162703,9.501772425077897,5.737752628461853,0,yes
225.6994828804406,189.52514543265625,350.8694156729018,209.50156216825542,4,62.248711787622725,751.9869043347494,19243.14277727634,922.0442025760151,16.359408549590338,949.8024969923902,955.053253052429,10652.178428387379,161.6894054809486,615.5688671832987,0.24011751552789434,9.90128490289209,4.911184806455377,0,yes
251.80655485362064,327.9935647950923,377.70063716375347,212.29477364260353,1,53.38376017200113,909.183909120178,16162.560974428005,952.0519829301822,528.4715180292169,396.7713292442903,798.184023723931,10425.464869200065,760.9402923046636,735.3719318623947,0.2916146557292982,8.400391028043684,5.0075837517089505,0,yes
258.8044293871131,267.7527832946091,192.71035182704924,291.0709887394858,0,40.79731995458612,631.9623439882383,15859.590335818206,921.0515419055102,767.308633242266,232.37676245138232,968.8362971572932,12170.963195542445,695.516223846591,766.6385275924983,0.2415785827727088,8.183004970426625,5.762296132420284,0,yes
278.98037988791447,339.6100162558126,105.34742695215829,292.9248513038551,0,63.44306844485864,897.2968807728768,15986.881980704404,925.457442496651,664.1374203577595,276.36302536584253,719.059264509656,11416.913933191341,391.496250710986,709.8564522665822,0.25861975976056767,8.306199781036625,5.2234502952363275,0,yes
206.97328739524062,341.01820744142407,184.9390546293076,234.18931340695096,4,87.91109458737947,733.040526613795,19777.142632006944,968.464355984896,898.5786174519253,13.164329845380394,735.9868472348817,11976.843409678906,245.352285232126,732.245779554567,0.2733287474849984,10.170472408825594,5.394760680729431,0,yes
223.9133823651728,393.94718686321045,313.33383044824535,240.63602099104395,0,43.78538861378154,717.0662449573564,17485.079979512637,957.7373807482629,320.014351558691,650.6355760382107,898.7451692331456,12798.848192089601,700.8195024514591,648.369523230157,0.30205971564686546,9.019436315099615,5.967889833994001,0,yes
261.80888677467567,295.63681042247293,305.96525766289744,217.942729050105,1,47.93022354073066,907.3605784448297,19422.447519839916,950.5912477331873,251.59984873065468,682.6524868710284,891.7763584110274,11234.793053063746,184.04706184351784,725.4389013344796,0.2660341319556807,10.029718576236943,5.137912873411511,0,yes
242.07945374908755,391.8673233409424,328.27188314664875,212.85010116488738,4,50.79718580254732,702.475053573998,19420.08046222986,982.13496931123,320.34694338830104,618.7869712900151,840.5606121247413,14594.358842687496,554.0276066210081,742.9873964267742,0.3178346173206299,9.98709263021135,6.612241723373776,0,yes
278.8239144444386,290.8288875638923,340.5103580774186,241.59661453253693,4,36.36858874973865,790.3197874132777,17064.544757357537,977.3794690625318,137.17897528703958,834.2065618071226,976.6745011681147,14835.309761943961,293.33919157687,655.004744124349,0.2884512969521728,8.828116277605728,6.651625432089912,0,yes
221.62344409821986,122.7096335657996,280.8424212219349,207.3951049029616,1,96.43179510837845,979.0286286790829,18938.92137062358,969.5382575361991,195.4119335707329,788.8337980822,802.5909252171722,12677.044032942233,102.02999425602242,649.5605337541203,0.1907481571671193,9.806976992047069,5.643227035438983,0,yes
236.51810893391382,205.56124100368027,360.19416910185515,286.9156006262501,1,39.421872320438496,710.3972982160317,15203.24732377839,928.5147789868047,603.5222963579561,314.56965602485843,818.1805296263848,14713.288572279555,202.19967435262802,743.2392757330814,0.2503771647035108,7.873036111516893,6.507281171052164,0,yes
211.9771862527055,202.98268553823323,243.37942460124526,209.46374084652066,0,55.16987038917566,950.1391153049182,15953.23318548205,964.6838652383128,776.5430818642718,201.80084719876538,967.8059771028519,13645.626490759518,377.1031526927852,755.6397626897817,0.2053725389942906,8.306820752166487,6.219961416235372,0,yes
252.17176457709093,367.45270090421013,116.89564428911157,243.41745353349162,0,77.65669645207424,852.9923447166619,15499.844208538014,991.3161580384022,705.3182021771502,223.21616043544498,916.0142283547908,14507.805757736534,609.6859671301365,720.2483053075988,0.2605595646679244,8.061737752937423,6.625597815676809,0,yes
284.9788439901923,375.5424259717362,150.0560890111471,216.79242336369356,0,64.41620268859222,851.3918336248455,18932.371675802533,938.2625697260263,555.8385888807314,356.75712900692974,720.3487251716483,13802.969455512066,717.4936627313208,670.1763693579289,0.2675900434274176,9.770321884993908,6.299737590400923,0,yes
261.2678024816244,301.73086897201597,142.96646100798048,232.23490310339312,0,85.93903897865897,833.020038741369,16931.20217748153,979.3449551274017,334.6371676131341,604.6475947992526,754.7397779722114,11753.490156465947,803.3636309270223,664.649082642554,0.2394404731878011,8.77126782101945,5.530978727557804,0,yes
275.77019618095665,300.591300253745,250.72920007789497,252.61599897338368,0,88.79820350606805,746.942992404674,19545.581513084435,901.0822324433889,653.5607567426277,311.3140293187988,791.5158503037337,12272.105698346704,594.607856728052,612.6282366636195,0.26680843508662566,10.04852449080937,5.666346912154341,0,yes
237.95011181577638,334.2968659111026,333.38423413161377,202.47567883690706,1,82.3797133929084,689.1289789128857,19814.592609822474,993.235742666402,51.77565805800552,904.1098913982044,731.905321961432,11997.597966023886,349.43831653105747,633.5201068441417,0.28520269748104643,10.182953958518008,5.436121341835323,0,yes
213.16693676111146,378.6391811123804,126.4273229675583,242.60075844212096,4,85.03911164180697,784.8540269095336,16007.68881442129,976.2147996493405,583.8236590829137,380.62575254324213,796.1837338935576,12700.542490937805,730.585082586545,733.43823763779,0.27877762602298084,8.298309462129634,5.909804060366559,0,yes
296.2711201608229,182.71588299549384,185.12973412823203,223.20657585442785,1,65.10061809141666,796.6985058818263,16984.96705326291,992.6282410411234,97.62789865445006,882.771129992095,708.8888459175148,12670.554379533318,140.3697768015725,685.9070342108558,0.20427395365131784,8.791862067788964,5.622728272413916,0,yes
294.76464464896225,153.63036707646657,385.57219484692365,208.30558021128874,1,71.83625735355449,659.1439042774467,18296.453552174804,960.6037775750916,174.95145967234242,776.7336490208188,719.3359102740836,12646.390701965433,363.28426836466275,653.8972872488687,0.23040390733544136,9.41280141787478,5.698239154671397,0,yes
297.5981335154892,119.17641248532033,181.6662412637229,296.40854718208686,0,64.1352460501751,625.2869971930838,15305.515775811775,924.339693959344,907.9444739528587,77.52841184671911,745.8260707697191,11191.697106636768,256.6128314279183,770.1794733385366,0.18885271591346164,7.904963594364806,5.104324613820702,0,yes
238.9321625171853,293.1259813355432,197.95425146705674,209.76652105709698,1,88.51551015689837,783.8179412696334,16751.40876873743,928.0621262654545,337.3089964929101,618.4439465806104,750.0804816918859,12335.642016790896,787.354437238696,756.9302658202114,0.24400222186154114,8.663312081194832,5.770031705336035,0,yes
272.3157575539183,100.9819202615132,130.82100160492845,266.81500114334693,4,30.85492439709574,682.2267276659082,18620.225641725065,956.2683317802223,823.9139549690756,145.18600197975945,996.2324102507466,13031.742754310255,410.38856046478173,697.2503129587479,0.1741013713770939,9.579145738054706,5.9900816408666016,0,yes
239.83249037047457,362.46027158354747,129.4723050251468,253.7710740954049,1,88.5523440567452,902.3404730381649,19181.618409136816,903.2044236723732,142.13190776941514,773.1778739791737,970.3655584527457,12885.029233086905,874.1896334581037,735.4426542696964,0.26695887237693194,9.901672990493799,6.104232562679811,0,yes
233.21929019811512,340.91700939243515,367.1577420046398,205.48423277180981,4,42.684993289576845,844.2247152834706,15661.922219990352,977.1065354355217,362.95660642353005,550.3344298116253,709.7957340619615,14701.33566653851,454.6857826028911,686.9367027259593,0.30161923022116566,8.138835659970441,6.552039562596158,0,yes
291.778739665927,263.700022880735,323.4140926065048,287.93648546858697,1,97.05229365107587,846.9321095666775,15889.166246900515,911.3773806162129,493.2292420109925,503.5012502135936,870.2842322304008,13386.613678875536,178.81938312231105,613.7776538352023,0.2807188954663177,8.244034804195557,5.9819006424892285,0,yes
285.5570316576712,241.10937612177935,391.1379407400331,252.59678757325932,0,30.178075192242257,647.0331963334306,17254.640303591368,968.4776584263047,396.3842505065685,572.3637532511937,915.6587493620141,13413.006483494499,787.4477285686008,701.6686797541511,0.2649638290013018,8.890334664148506,6.261715668258597,0,yes
226.18809292956496,381.878183676612,158.80595389232312,219.42519157701184,4,45.88031439696867,968.7226289686313,18810.830030515783,912.580731289424,539.5245820495439,425.0880936333227,809.3403054957724,11027.148952683496,357.4412379770348,768.5137995392753,0.27863496378725644,9.732735772846738,5.101136776578558,0,yes
237.40260385593734,291.5998371783917,222.3554780591166,279.6492455853396,4,30.40906535518232,654.6045037027629,15814.037594040492,990.0826752402248,216.8885552438101,756.2081411870363,772.8403189339351,10972.202391617817,657.4329585459407,677.6102912597652,0.2667506413500657,8.174676301515747,5.173691638422766,0,yes
299.9476022405913,295.23909331043257,384.87937282312464,245.18128441493826,1,76.64111217499591,774.6404722862205,18483.063373644876,999.6868069369616,857.7097778132661,104.19282121082404,953.4059880029821,10417.019536712987,477.0271864477419,780.1181896530686,0.2955451256692225,9.536976971999916,4.963719975577398,0,yes
233.41838453433735,235.81716239649862,338.02165903648984,234.47864545128178,1,34.649305345383574,996.8550852889186,18488.445889870276,974.7087262046592,80.11875977181256,876.9544165150089,996.8370948352258,13099.483880927512,240.64288243168352,605.7359123366964,0.24656616731119932,9.586571228815071,5.935866605985029,0,yes
234.56319634962398,356.82473434935224,388.05169018536975,281.81923582763505,0,43.738583895459406,667.8116750121798,15426.8944898679,938.7934654748401,125.55493180912897,778.9841096914278,899.2449906426639,13585.18735219643,444.090080912966,660.6028664070868,0.3117303282923641,7.976918477185502,6.172465025322978,0,yes
277.3973660129017,378.15928901990964,141.1720709859667,273.8074110946114,1,48.8238631032676,628.741877268188,15663.031264691424,926.9583396353263,268.8974170929511,651.7917393998346,954.0165317764184,10965.955224193312,610.5262250851832,739.1488466536855,0.2793427768672868,8.084832290628833,5.225825116278961,0,yes
282.92093400765486,296.5244749312868,369.7751161075816,206.85166885742757,1,62.71258127766032,802.2392556731561,19748.068463650197,950.4516737304461,665.6659653301648,254.7331988599849,886.7537162701941,12655.850023240524,410.98607209082826,686.9908627723269,0.28146367530192823,10.168823336650298,5.7881273879975845,0,yes
246.61415087340947,301.397521649971,171.2061759758571,237.37108772208586,1,69.48312012766306,732.223884424292,19463.21911403111,920.0134908212299,310.5666429953014,650.8683516680487,798.9273361543563,14372.045557963042,592.6829916717277,666.3983741424044,0.24605995955322055,10.006672703939229,6.515080518322097,0,yes
290.6284876069106,118.90915393392295,173.39202538086448,224.63375675335257,1,81.64585629481823,991.6620377256334,19890.812608599772,927.0840996603214,398.7121207999268,540.5035246162538,991.6872334909765,11167.876339394346,724.7932226678761,705.1640760316284,0.17805426718898074,10.280001153230314,5.365409064779085,0,yes
222.17106403093422,280.02316886131274,314.936080736695,233.36818247488958,1,27.30452173954592,964.9563416281276,18837.69190484913,902.6861883305053,386.6332787737812,547.2727954651666,884.7559885053911,10557.725072868,782.015905310099,753.302853268086,0.2570656563647601,9.743950180079153,5.107115028917378,0,yes
227.96880024408256,278.4672474247823,129.61883635498253,232.65635671024774,4,80.56105893652197,876.6308332303922,17617.043912104295,927.2520532305489,96.5021118796545,806.9333633486704,854.4827444010822,12537.07410123148,176.04788406186572,796.1123044103699,0.2386641854679842,9.116843927553306,5.645902893706946,0,yes
295.9117670531864,253.17647857281773,285.2881706655346,238.7420001021872,4,44.045407657072666,679.9115603158991,15455.84618779448,943.2753849239508,321.9233412727489,658.7709047184501,773.9601582670317,14017.918794045549,692.2306224331616,624.2760902715229,0.2649047500843076,7.9946610365943265,6.400405177940906,0,yes
269.61995700121577,344.4520359067276,395.54042482383363,257.42667740582334,4,61.86686054776872,833.523716931658,16696.37230054876,975.825804400943,967.6072797006922,5.961795985749632,867.4728320254687,10573.930366233053,688.6421016517254,759.9055457586976,0.3261123389078955,8.653479233884516,5.075672742185722,0,yes
205.4942411509962,324.3106537525961,158.14763374668294,215.23274422371804,4,94.53522738045162,648.685000325244,18470.00284103937,980.794106018874,378.7277556634227,537.8964776791377,712.536997655024,11387.432889405369,154.61948425726348,631.5276965085383,0.2581425805891316,9.500079035378933,5.100733392891972,0,yes
267.37333505643414,278.3023756813292,169.7710599174561,216.13087909709475,0,45.87956342841736,643.7755190231176,16959.751825192878,958.4210096568498,163.42785636644163,738.6485165740901,789.7923778950058,14351.024603492275,737.7563278290647,747.1182932767927,0.22794550222020843,8.740792311276524,6.563571657004441,0,yes
270.1713586548191,321.2212996447135,264.49677861140117,237.14036507248733,4,26.557886883468484,989.310557100577,16431.97298407322,909.5019296592453,70.74084822387779,898.902875081664,801.3824803298039,14724.578772939894,633.7931438576312,718.3619372508323,0.2821858862769723,8.547633866939007,6.681501595016038,0,yes
275.96026289281804,136.02656711472812,265.8881289832393,277.70601120138224,1,22.626869190410304,609.84129336506,17989.11316076892,947.1254225766221,217.06044942076474,740.657387805341,744.9291692060598,12539.971698496376,214.11077333581375,667.5649275839338,0.2047382120406042,9.24652823576849,5.6088637705123885,0,yes
209.22250370146674,286.10937077188834,304.45072223149657,242.07392601153884,1,53.30079134268554,611.4620341843221,19680.929830371075,975.9379082344772,847.7580570792222,80.81814126554639,951.1073557829848,12087.431406731312,395.4643268724044,660.0061463209231,0.2607768826708508,10.096761114152525,5.577864569764615,0,yes
207.03060046385787,211.85281469391953,218.03735616140145,240.66031455216574,4,40.51771299841523,661.6424568199463,19510.407906145992,922.6377578040292,522.1246061497161,422.9966480894691,849.1615880048156,13694.388684436142,464.23923273614065,685.0923782260002,0.22362552102533806,10.015110925287763,6.212946769587313,0,yes
252.49547089306708,109.3203631433313,306.94319550947034,249.74850169286805,4,26.371819824610476,659.2392032117224,19527.245041970775,915.2025770128744,60.147532340475884,927.5082319160457,759.8268898236422,10651.529966331498,309.8286871357969,670.3345995561652,0.20617677589049369,10.021987110718985,4.902233749897879,0,yes
212.27512816848827,114.87655845925305,364.7621766737695,203.0652056669215,0,59.51789897878658,726.5069888330689,15826.345036388597,968.9680630691953,95.87994719672554,807.9013854469305,963.2947189675419,13093.159431310158,286.0027073486792,633.2694047723443,0.19371110563422353,8.193700248448103,5.934354735486141,0,yes
281.5180277091655,291.6951202058859,186.52085138428106,252.0996550271098,0,50.7231044117034,653.9071635216934,15402.369726529949,924.889829410673,465.1731019401528,483.8504221220779,719.1039055212599,11575.174705507,236.74788770960805,617.4133258105179,0.2462458678244858,7.959708802493001,5.213906683077163,0,yes
208.93848773974983,110.25217833362092,150.05161061080577,256.1189651460776,0,87.38541047582048,840.3669681997048,15612.974413199147,970.0509180130651,278.21631681823044,693.2834403050389,799.6873444930536,11353.756379505478,711.0862405494539,763.184362620965,0.1626126792776981,8.112519426423491,5.369617243215759,0,yes
206.40846253117283,357.1603214832688,353.0883743689508,278.8558378685369,1,66.38434734673963,808.3021343885044,18573.20916297622,978.0335279130343,39.67717771640558,892.4067765383619,802.3561357715616,13323.308418902707,765.1409991051913,650.467462362159,0.307570753006689,9.586553005273181,6.159815330922302,0,yes
226.44962016613752,100.94177040513073,137.55564996553446,270.58826425958466,4,53.451858360862516,772.5650062968089,18554.407679294673,913.4322428274793,845.766898983805,129.58592736457388,702.1311116011248,13624.65353559414,432.14047071828867,730.1528677473319,0.17322768381339088,9.560306769771993,6.123519805548119,0,yes
222.82446759383413,296.71233241809256,135.76053502857474,279.3346503756361,1,76.29196169787959,739.531168721455,18934.9526809298,914.7715380200801,730.4487965213663,240.88664984996296,996.0751320030394,13810.163513646155,116.45787228984857,783.4681497413457,0.24333971315186426,9.743438103930202,6.195566685766691,0,yes
236.5089948724648,262.82491212621875,124.7546780248374,208.3504619568193,1,39.756741797718504,959.645573780629,16418.442752256055,968.4568386182732,701.8565666763873,228.15011093007377,869.3762487493843,10565.867798323981,259.7191367188831,649.644886156983,0.21052264299969842,8.542127747944098,4.881085871464506,0,yes
274.41957933735705,270.64141280541634,355.63151650516534,270.5357055248164,4,76.00606271621305,679.7610800874439,17786.618596082775,964.6893688900207,777.9184236865035,183.82368052444826,940.9620199062323,14588.261800536235,483.38822748500536,609.6697608872186,0.2936132994166895,9.162962169200911,6.607282107299998,0,yes
254.72791527804944,278.2741861297038,329.24304303214205,290.79015347245394,4,66.66582002592367,910.935848261548,17909.019485420486,917.6544737558773,251.44201360367998,724.7668167466693,866.2141196703494,10952.548934876024,757.0983970601994,722.8510865227704,0.29177357329410725,9.269300960484903,5.249445607035383,0,yes
263.1296333690452,213.36647769142422,104.32318373389367,231.67460940937568,4,34.39528822402299,778.6649097064684,18569.20630367365,999.100993273021,460.14913985248637,512.4425776006578,832.8997328586618,10440.362924642333,106.01603493985561,714.0224940228044,0.20600992649813202,9.580862175387507,4.769144632527976,0,yes
206.70180331687493,173.83927835841592,111.78054919547779,251.36216589495288,4,56.46408866763174,671.9856804108068,19613.322687139404,992.5892266842071,420.5436654021558,559.2113273373395,847.7405509117716,14812.689075371489,897.0465331485119,672.5155458413092,0.1912719724722122,10.078469549173061,6.835942583137572,0,yes
290.2217706478554,269.4609107824838,285.1913198991067,205.314377233104,1,98.75521478057415,726.4588135324764,17605.26938950172,974.8159765257138,100.3923735848027,814.4849784576373,820.3503557488987,14158.676518261025,856.2231984663453,726.2761892627577,0.2588711735186084,9.083959664666525,6.545224910820019,0,yes
286.3499873548702,209.71662738303453,135.77107925029952,223.06583695804989,1,57.32027484979181,668.275343281161,19656.55627339358,963.9226461737027,804.1263187459572,126.37362413082735,855.3630374826128,11059.719618525458,750.9765207397909,642.2510513323399,0.20293907583077667,10.09530850729449,5.268623389723961,0,yes
276.6218051881234,166.27262712554875,174.04002059054358,211.34961255624916,1,26.956424330439816,715.3001360025196,19111.694815555988,962.4494886031795,37.21063707801818,871.2259189752135,794.5032898099805,11031.548827383891,827.8737529217739,648.5234623459021,0.18582359701403456,9.833003920229393,5.261574164454882,0,yes
282.1169707223904,229.70788675605982,338.37718929820744,264.2557564857082,1,58.01917995177498,983.1700081467834,15800.78111220317,977.0706941276749,736.4528798068385,235.4121356086481,746.724154069287,11068.211483750238,490.6441925870644,735.1136018320394,0.2592464406403794,8.239903024029678,5.142357305371659,0,yes
230.74306855492708,225.47337417806307,202.13665500699625,233.35206024772685,0,33.997930249540545,933.6569501406618,15654.53895337178,980.801367683049,734.7499468010217,184.53004961326724,949.7918693700665,13560.227125929228,130.21886618395442,682.4187083826009,0.2106064867983991,8.155927758923063,6.062031557534812,0,yes
271.9699937580079,374.60239993464234,260.1580103032999,277.7681763341511,1,43.94243189203066,862.1827580824336,19568.779656860548,935.3406421670862,30.128281295610027,953.2952098197565,949.6841588322989,12740.620590865325,528.4948039882788,622.5343084887854,0.30120868497091996,10.090556999209358,5.894431477918181,0,yes
276.19886744390305,216.39799387035146,374.7749604478706,203.52709334440328,1,53.99190302573031,643.3127109497016,19922.74633973572,935.4556130840847,653.8196461351415,253.08308148276728,936.9790308991033,10448.571968418208,721.5621740773064,783.8744956186292,0.24780062535721772,10.219031366817903,5.060542597907219,0,yes
261.900265471158,254.3549950662119,125.15183514336216,252.0949597858679,4,78.94336685525752,842.3941307868403,18846.851692955734,912.6352514027177,839.1978513784264,151.85902597609686,882.7753908970245,11011.570540605515,753.3368413324214,716.253128231017,0.23609953420247845,9.722028687591953,5.279357184779606,0,yes
219.64509276344447,176.24753010483727,382.4465186338133,217.1253321090401,1,77.37790065547313,607.068928461348,19647.061376115707,938.8950748268874,238.01464948860715,677.5686916973984,868.7549346600324,12013.345516088628,408.31083918900583,700.1505597862175,0.23178419965801114,10.0737693380925,5.523932307981731,0,yes
287.28633765211134,209.64977723599327,124.88605406123895,201.3546575492589,1,29.311846416616252,829.1125052070763,17454.1851889642,936.5475797567461,591.4556505853532,314.40281312531874,934.7511857773267,11455.139833658455,348.90339326601134,662.0866212811341,0.19299140314481444,9.025986235652505,5.296948530704971,0,yes
220.31914369278263,194.93200062774088,282.3415474620632,215.8499253162862,4,33.39064093583619,855.4124393096772,17020.989703866777,930.6348252387205,620.9265189578572,374.33532435677864,739.3149393803845,10438.956257271971,142.8468573421788,651.6492982012669,0.22553765793118088,8.814490397240636,4.740809330326129,0,yes
225.79835914858785,128.58635694427034,259.8457176164276,290.81955153269917,0,68.75280974598697,743.2312229186898,19151.486813657957,994.5018367303242,620.6107654643449,289.0587457664275,746.0227937345535,10256.450265180845,314.8955780765296,788.0597161653549,0.19863102178612188,9.863501760432241,4.7455817333995025,0,yes
280.7390556411034,399.33641519892655,181.92753646938002,204.89754272724474,1,75.93469774332826,671.4997869573835,16031.125601500455,941.9617116280182,760.3382289969499,209.6004886274594,882.1963552267346,10398.84871878631,861.2793507389765,676.4869147131806,0.2860140975388744,8.28027669990427,5.069047154647157,0,yes
221.18358542247583,228.67540422684118,330.82433778952975,230.98493700413945,4,56.72890163659912,956.3306842938009,18307.826223204014,998.4256033489421,416.8265183043365,570.3826045374615,827.5133849431645,11575.701484465346,295.14852237610006,662.9548854407285,0.2548011061271089,9.490208012069226,5.292073736795618,0,yes
227.55698452649267,109.20533726131639,164.0719356923598,294.5832275201367,1,84.27005490110184,679.6034377037656,15542.500741654885,974.7473865505343,725.0166060931567,217.40249393656154,734.9482125591041,13198.398172298133,889.837407847979,797.5145227313816,0.17864979810108084,8.042257565483425,6.153657228144288,0,yes
264.846086415974,238.0450175572883,283.91853260086737,280.1805876868834,0,48.839813053849866,759.4840698388091,15165.947026725065,965.5656158434901,59.25024438423746,895.2432708500321,896.4627188919471,14732.821712693905,837.3893237279736,685.1054932488951,0.24753426009884208,7.870328824380672,6.797791368207393,0,yes
270.4578565358706,387.19897160339843,182.78086070241017,264.3208201395403,0,30.397912730276097,996.5057250183074,16725.979538078536,954.7390409548923,404.7437061283173,529.4587916736987,714.2989557190701,13412.476614196341,350.7071245531189,700.7778332143129,0.28218871633452713,8.702502340972982,6.001392614223849,0,yes
232.6540468518114,368.99300483003384,269.03935593377435,209.98578264894573,4,24.480840240038066,629.5931110151317,18530.958338016568,968.7875102952445,860.1285756556,67.16275844204665,934.1319653976359,11327.229301855261,837.2531932790039,720.9398593349142,0.29176698660816514,9.524732891928634,5.451562464629038,0,yes
203.74580560781953,278.80618526284456,121.06481883618143,299.7072541769908,0,98.9406997338348,884.8044654625878,16469.299060030928,988.3643116224101,61.993963280093574,842.8323743717099,783.7851057383916,12818.956535297706,443.8231197071791,788.8452285463583,0.23375262657288423,8.553240922625184,5.836704347173434,0,yes
283.1512349205326,315.4707067289744,310.86966106649834,241.52381220398024,4,97.70524903785555,877.0912540188173,17707.653729218942,996.8028024013238,806.1860764905814,97.95760382433787,840.2228093126173,13108.935270661717,619.4799848950366,615.4149557452702,0.3006248221828251,9.171843062470407,6.022544387257823,0,yes
230.92957904195063,228.4949605717411,230.7084022814612,256.19483483272546,0,20.92253957800527,633.6990964602786,15283.949632166767,949.9098433901398,219.36183341794757,716.5223729803765,719.9597407488227,11333.414011632225,797.1401168352132,718.1517504179628,0.22047836036683272,7.899521783602621,5.353131185469773,0,yes
284.0688496260227,227.9715517103687,182.37170911422533,239.9008101672956,1,53.87257757287514,776.4950858671958,19263.50502112145,984.6216804621291,504.26206672288714,475.93416855978836,719.5426083554152,14715.284500083822,650.2810783546796,649.4819290158787,0.2222058135292591,9.92552055592376,6.644033449310384,0,yes
267.6298072575257,317.356633705359,350.45607163690454,268.5500308947949,0,45.27907321299874,643.7425249645551,18572.390089916636,925.0974798062789,779.4053560605772,216.94779996649163,927.5569670407788,10517.343102382192,774.0890402355516,703.7022359429945,0.2901450207719738,9.542527572570437,5.106956255490633,0,yes
203.60243005666493,287.75305034941624,121.34866758624752,281.04277370348836,1,82.932631475294,647.6737517333552,19963.58078584603,930.7439003846213,878.4946945273045,88.1896131928097,864.2283069273586,13557.921568786354,517.4225585843842,622.9173870226443,0.23562387503491847,10.239754544575295,6.180476728537996,0,yes
287.34395060829974,246.33417150248818,216.23330401693158,236.63866641488988,1,57.61373923032999,791.5139598498403,15867.087872408369,957.8060466184301,785.1615107867364,118.87867866375257,988.9837086185817,13602.868069318005,765.1781415547929,612.5999965067717,0.23655591912440938,8.22695231097344,6.337519781820224,0,yes
268.42310516183966,273.9501476535348,332.22442528152396,222.54645075186937,4,85.50130931643739,937.9374839374111,16869.156665940878,938.2331475508267,388.8614779378164,604.483575712268,717.1604378729052,11247.205798814355,764.3517744179433,731.2167025583539,0.28109245624733675,8.75834880560658,5.314069715603207,0,yes
287.83942330592527,254.37348170487897,378.42539785232356,273.88178848488735,4,98.57038931333928,988.5020601030444,15573.480018894676,930.981199536354,94.11556908966548,826.8512662367109,953.2347226624515,11402.25756237718,381.8286125001217,602.3342010709617,0.29687139498020937,8.121138565547732,5.290609903370363,0,yes
258.48152005403284,189.9063861313977,226.4286419224395,298.9744939721053,1,65.06475755911771,816.9575191242626,17279.529115928162,993.3272882777944,390.2304243884127,606.2912438461815,849.0558183714751,13100.325761211174,749.2407323646847,704.4361259674447,0.2257739302308531,8.943767859778424,6.098929817598821,0,yes
243.59263341897076,380.59486845590135,372.49023548960304,252.58379172772996,0,38.07718535078251,917.3417686405082,15990.603719012412,923.2008781740749,627.889859032405,348.60921356040774,810.5787667652896,14215.083179909912,672.1137012288684,685.7037430574885,0.3127085506251194,8.312310434051522,6.493347089682828,0,yes
252.59776088708028,313.12736889409655,379.1011157871898,260.7085065646316,1,32.36991972817901,986.1476726768947,19817.296413564418,903.3747152199938,350.54309379404293,620.7596158159042,718.3356980579409,13211.371272045542,230.1251829565712,757.8911788923139,0.2930899064797624,10.238729089889175,5.887006272645815,0,yes
256.58779840570236,240.24632502543972,325.4215752216802,297.60449109949514,0,85.28291334892575,987.4710316178534,19432.136102223765,959.1214759782965,780.3543906954804,184.07987552454813,850.9197352580973,11725.075446340741,207.19516717896207,662.8400286467207,0.26373706973889643,10.054095681732925,5.32284068418281,0,yes
249.75482081970858,270.75670108981177,230.97894705323574,249.78265723374696,4,93.42457797178294,787.5775870224704,19379.69368610337,951.1402103631746,307.7430696356883,623.9844439306476,870.3717700007478,13579.775765232223,857.2963570086548,677.9263495317359,0.2636481342259546,9.98146017985628,6.3300271271582185,0,yes
251.37048068514733,248.17083213480942,115.00636701798538,245.5715163677079,1,41.21037662181335,619.5343278318591,19873.577706321634,972.3939055481293,261.7686911689471,733.0660646401689,780.8532842683132,14920.465305517791,820.0957559089113,751.1338425370966,0.21221682256432708,10.194350718175542,6.833998596763499,0,yes
215.68988214846664,106.8341182281937,321.4500980358457,274.84198486204855,1,63.434099748278456,786.4255171623496,19343.02934460609,908.2550348406511,725.4034677689544,227.33364351745945,993.22944596093,11614.688381383103,419.56006198887115,763.751797396782,0.2011104333802262,9.956994929605552,5.43228495019576,0,yes
278.6206974141348,292.5752181755583,380.9060035527017,212.03881473925858,4,49.39135128598703,973.4932107990635,18501.781296492736,995.7242843205422,16.71261906480383,930.5978314826236,980.6175714146655,11734.075401473327,120.82079253480798,616.1127658584811,0.29292845242361965,9.590756646771753,5.335296302201752,0,yes
248.69870284772293,289.55069500721675,127.7684956922607,236.83410397012605,4,31.56677846391526,666.6111697624158,17110.118817524777,982.0283944670527,25.736541909890825,894.8989344810209,948.8896386685523,12751.405356265548,311.7690157739779,799.0089368883669,0.24002387567323188,8.824227256947417,5.826423502468556,0,yes
272.5676238582836,280.6808496085515,274.9776345580867,255.09321511736005,4,52.093497987158564,870.9132781742223,18125.90106021157,982.1833574148321,910.6040133776005,88.30484482137126,786.5826516729403,11476.867042348922,512.6157869599676,606.6232246889443,0.27516917687942033,9.377543381606975,5.317409505537643,0,yes
291.8855273917266,272.5403091080467,316.579683609105,270.1077569413323,4,49.7075885808962,841.1445047755747,16688.25782821428,961.681146749185,54.40499688091634,911.8090354556059,956.7981768694184,11243.37111598058,437.7027960908522,706.3653590465689,0.28538313127035503,8.649181004114762,5.270689604723408,0,yes
209.14426901158095,189.5834061021264,287.1115022552094,210.19785741614842,0,69.37012817995637,738.6027911446228,16522.97876215231,976.0143361852826,601.2924365875136,355.6442585605454,973.4209829525357,14741.128345445468,680.3072637349063,650.9599011659909,0.21033365192429176,8.545663053194426,6.764915359677866,0,yes
289.6443321604126,327.3934373947954,328.05291433783077,207.14190418026774,1,25.51468502525786,652.5088165740852,18514.78202311171,986.2172023797526,364.20112552313634,559.2175187111043,844.3479316274604,11435.266615602459,166.3504958179403,748.6946461662908,0.28170124904329846,9.524054817970342,5.1936529533982725,0,yes
237.98350905656378,162.788933467355,133.4236598507757,224.83822669404535,4,60.35857261613729,649.9427479889306,18722.500206294844,996.2866819333566,880.7143573559173,100.03105780418093,854.0397847766468,10127.907403527837,495.5284715874569,639.5702877230497,0.19031547875586732,9.628749808790303,4.799758405667581,0,yes
283.5339279640373,346.77061291910377,318.96068780193036,277.86671472898024,1,22.15362407355741,610.9292805494548,16717.016186180157,990.0827909936954,948.2813897099705,42.101901758746635,874.4929652143462,10356.837189443148,514.1126565899247,733.2118044353126,0.3005821344644197,8.616646910705382,4.92061329746349,0,yes
294.0403776210657,224.6293680529203,378.5547576190745,278.7188928847652,0,65.27420511355488,779.3295429067556,18318.45841325827,990.3286719611393,716.5487383813763,186.19010362491497,739.6196495308027,13728.007413094914,518.4241852551136,626.7918389739168,0.266565891001042,9.454418679891662,6.190803609901785,0,yes
261.0363452250958,229.0290915314171,136.69191811124801,250.92356315508925,1,26.135515710888384,623.490270165038,15801.87233126768,968.3843667436311,10.082719156174964,966.9006932056591,959.8964860801805,10665.804552983529,657.051096482232,602.3187806359191,0.20929561989525805,8.15880522643431,5.116484582175577,0,yes
209.72178470792352,256.5451430870275,109.10333396633976,291.720252669092,0,98.54040109107684,836.8468055449366,17235.557789512004,911.5907776838604,877.6910959136598,115.38335135106092,869.8008480536702,11096.658722646462,375.6895408740255,794.9049795108709,0.22156230149794917,8.914992518623361,5.167886388104495,0,yes
225.53092035496374,104.80212602912096,189.30908498049757,201.42615416075301,0,65.28737273452793,840.5422128199199,18686.250323427186,943.6446360981238,487.7220216116526,447.4848185449572,845.2084634671203,10143.461708775387,286.1640101639875,696.1310973367284,0.15666187377678215,9.645559546355177,4.719857990582266,0,yes
228.47736779807565,183.81558973831733,219.51973812192898,293.36800578719857,1,43.65841286126262,645.3210492881485,19858.171330240184,983.3643360903585,302.4423598359181,657.9593736472034,910.4435638561368,12727.3395102853,738.4723890567735,698.6122644110914,0.2143511293904219,10.193784597630179,5.964218037457396,0,yes
233.05030709146666,323.3900946157731,347.73550278329196,272.4774371173104,0,50.77662201566732,664.7670022115616,18983.70130619909,901.8844385169865,169.23441469710883,801.8797900508855,824.689342620154,14738.223973847711,862.7902839905695,696.3921763402186,0.2891183517612461,9.749606819999022,6.785182581565322,0,yes
252.6276139163217,399.9995685126965,317.52605589310565,216.7356338303422,1,24.82326382387601,973.1850239869075,15824.48515563487,937.7561629402531,719.8259768950461,218.96587225043095,782.9417549774822,10882.76535225767,406.66059234926166,787.221600952588,0.30578455723121656,8.244037313675587,5.051455709121687,0,yes
282.92382211662783,352.7078225038467,225.32732079294948,288.954331389425,1,88.43561970957816,657.675744938191,19468.22697178103,994.2386219095881,836.5300103399056,95.39837774103762,792.2953536002738,11919.482232375085,520.8393139977745,708.2359914844725,0.2947026463695362,10.003018822499637,5.504119162548471,0,yes
249.13802944996232,213.81068647485898,236.3036456256119,217.90101389574386,4,51.61956196103085,996.2418740998035,18692.303324953085,901.0833837368216,544.4013757271537,386.93210427022757,851.9737186343202,13565.135597853736,376.4700777827328,715.2328700922905,0.23022417636781806,9.678253320674052,6.129347334826787,0,yes
224.47283729780645,284.2965277286611,127.91429700995931,249.15750852355654,0,46.2631348527308,971.7513469578878,16115.795163816225,903.0755628237525,620.0627295786607,355.3061504341556,800.4769460766454,13452.97336890646,583.7696112409228,644.9623294519461,0.22320192099823313,8.384618324396222,6.143618384403704,0,yes
242.10290445439563,355.0626406071043,340.23397515866964,239.80998164200858,0,56.38614699782683,977.3956388763945,15236.629761659522,993.4463346965617,207.26198654847067,770.2432695029116,756.4761724461689,10307.592803062642,728.4612723906638,643.8310772919629,0.29560263161849243,7.958763901904539,4.925889767767013,0,yes
282.947902496554,255.03413936818063,391.9265552883836,208.2012502181416,4,35.242406059195886,718.8727843210918,16676.15754046918,986.2669079745303,177.91237582561175,728.9831545256526,882.0174080596379,10711.7485939175,320.4678564543692,645.1143470917998,0.2781183181946447,8.61931477582426,4.965040477848407,0,yes
258.9238632225027,102.30811590880602,116.87075939343467,260.9041239552711,1,69.67568505799508,833.5211410170027,15534.563858753509,917.862767591498,846.298396774537,107.08637058565762,812.1106042447058,12613.562670962663,693.4699969646349,705.3203550759698,0.16184461288568333,8.064605794349767,5.861291963621405,0,yes
244.69471204367812,187.62563685817398,321.87534987534764,258.2900624670363,4,27.672585990917902,877.9514181845127,18576.260264467706,940.78081915331,777.773110978506,203.55733511755818,976.2402636535069,10059.361056908663,577.5752555575455,668.4840292188098,0.2413708230763252,9.598606095482776,4.857910993055016,0,yes
211.0823277235173,114.14979064015432,302.392576845957,255.90474123788655,1,69.32738675641212,722.5102238212266,19117.101935213555,941.8642450640489,324.54274749248805,616.6032292588523,882.1052046946296,14673.725000031933,801.9903399930296,683.4872046421918,0.1965970317310545,9.834464446325633,6.752201752213339,0,yes
262.02217370079666,383.6828141745639,399.8584224730251,211.73696562205333,0,40.16424021472964,688.0365821042504,15410.398125117472,975.4392630422027,309.16023142632764,652.8796529413174,978.6507248000308,11505.792421712495,793.5265505769659,600.5898939398907,0.31384090882073284,7.978152222737495,5.512282961709466,0,yes
277.65747016693507,222.6028393174563,226.7707510940042,299.5194539672773,4,23.114466556887223,742.6153497060934,17184.25336745088,969.301751105101,202.31991763599183,751.537990437945,970.5772083332774,12425.423506634324,604.3127503319305,712.5839979746501,0.2481841087695715,8.876260465569748,5.814784766778635,0,yes
262.3813406112636,233.50115327750154,391.6141877458392,280.1970362629462,1,36.74686321651825,759.3168143715707,16946.03059533271,906.0183595555817,516.2648258737404,411.3285986772406,729.3423935782358,11936.86106492889,175.91870733081453,792.6037765492256,0.2694273505461572,8.752164358116659,5.35854179038702,0,yes
233.63608877896655,212.75180429903872,233.91882049958684,213.05596052239144,0,35.56802296397279,622.4462831189564,17708.263507047952,998.0336083024561,840.8593264149857,68.08042680948449,921.4504903094634,11306.540564351957,650.1829731371037,607.8385125018538,0.20837788818775765,9.115878817657551,5.346024999588738,0,yes
278.6777098199782,191.87827166792604,301.2112891422554,251.51412317029917,1,71.45455010453871,965.2826084662024,15929.081303519659,960.7836997891575,252.96359670116485,721.6525415964489,861.060005899139,13907.218041505124,667.1216997827844,762.4582613066233,0.2353865659265872,8.297684012648233,6.398299083292121,0,yes
243.86726377146425,225.3123408475649,282.55657010505695,204.41734012214982,4,36.88904330001285,816.57523112486,15499.889603539317,909.7809187052121,580.6982342758324,327.7251246539462,999.8814574728813,13189.894396878328,354.56117635335625,686.8476711127036,0.23886090334155216,8.042365847724376,6.0227711308327265,0,yes
217.91917712782876,363.8300599740492,349.86137085729035,251.58540661548534,1,32.39504435016875,770.382177381614,18094.091530859496,985.0131221261856,800.2234753559876,172.96008609145952,837.2396058139292,12088.100073473235,339.65066717159596,797.5129618765222,0.3013197965129925,9.339509075136473,5.53461795917484,0,yes
201.0607711581542,129.1552273454365,208.9190122886656,219.73921411045103,4,58.66978338789033,867.9337374412023,18325.064771332472,917.3855593137009,395.4924111842202,528.7315998182012,776.5368680384751,13198.463777475352,581.6684392059743,626.8833489780179,0.186066931430162,9.467538827221771,6.021997780905299,0,yes
252.79011946564736,264.1664682634757,149.2441740492097,266.6118469581373,0,59.523707585458965,728.5336959359668,15298.787634714268,974.7675454012103,299.9290738055175,609.6127785300482,994.7778754442179,11591.622174554868,483.91578203429606,733.8601554528025,0.22815212882799546,7.9311701690317635,5.439527485502134,0,yes
272.75044079091623,184.7546645313848,142.94338869484844,276.94265150344086,1,88.28630476962208,754.3038964446768,19399.948260607805,914.303598030139,68.62870570087856,922.6807615931153,947.497552443142,11699.683430326755,852.0880560467451,759.6441297153839,0.20733526731821983,9.979142769231098,5.625783392072522,0,yes
243.8128020175269,248.1617752281229,368.9053295126298,270.6471018800264,4,75.15904522228205,835.7600743826906,19419.730752338084,934.3766178010823,881.5108590469986,39.75734201016303,933.370471335129,14157.118850113326,341.17784125115253,601.6980391091649,0.28332019549022935,10.009953217000833,6.3683067656742525,0,yes
256.0012511315004,381.4913459053573,372.72532516548074,216.51097021278665,1,22.81734952183104,861.9927667257698,15931.080335666098,948.1684630643485,827.6375250659745,107.29378122432809,777.6115653519421,13969.418292023003,334.92879073129257,742.3194655392068,0.30955076606131743,8.273426239517146,6.248781022535207,0,yes
225.89138977093458,299.54595993390524,380.241754634672,263.59147562664,4,80.37716665139136,617.5796843886321,16088.093326869348,902.1394703215473,759.2429788131385,199.03389846294294,932.0600384467105,14344.2991402808,166.73441802701808,635.9883582932683,0.3031217681000913,8.291542403234056,6.382434372898837,0,yes
211.86344959878556,347.14606953264416,169.56892151466107,270.6066600717129,4,72.63889972451209,949.3406610932168,17348.302168884038,914.6775579687221,828.4258526694434,81.57955317803305,751.9573261251151,14562.246870632718,215.09227428654577,710.4816473160851,0.2786861332258627,8.997306937067565,6.420088613433988,0,yes
299.3114345625817,190.34856754354442,355.00141609729417,200.17355286093823,0,34.74009918570589,624.9300635162298,15665.091270879704,933.6556539092618,238.02580274011612,709.9007322866421,880.4645690144391,11277.596545080612,719.2641405466363,639.6757224122867,0.22926399716750262,8.085949971032576,5.355184901699018,0,yes
219.53371008772953,176.55141792890552,231.4748333849756,240.13555118459556,1,35.546499690063,876.90982751499,18789.177843178426,928.1474564852141,438.1766123102977,515.0997046233038,858.8230380163061,11783.373746352789,436.4580980055782,625.4288960350877,0.20104097902296655,9.70309663870305,5.434589821099582,0,yes
259.0118526146134,276.22720716747347,342.4315922941835,202.01328126777014,4,96.66339304378911,935.4360128756621,15346.612183124465,908.1040315318335,214.16992888843617,774.1787790036076,994.578442508071,13556.347326557112,829.8843622227225,622.3799279800509,0.28015109013042644,7.992381150803053,6.359897856166408,0,yes
201.65639690052183,127.29761915185739,169.3975985247827,243.0540666105589,1,95.75122487046826,892.4765385362241,18286.22124800518,931.3399466534568,914.8960853514275,70.62230156968155,755.3796307219427,10398.158858290137,636.3199006319214,783.8799728977997,0.17482031171667128,9.455581496857706,4.944448339580225,0,yes
270.1590169363958,127.34695272001903,240.00299624883388,227.8909460944487,4,97.53062101042883,707.1149641791867,17999.07471794446,949.2748142797084,53.39365106450125,860.6604700825296,966.2964417444824,13514.355772645755,386.39775382378446,706.6743068756299,0.20680840131610137,9.27307672840157,6.155239995114733,0,yes
270.3974818595282,317.378648862859,389.93037034992915,285.47466685004156,0,64.46268982965574,809.4608834463623,19164.95027030174,945.1515096907556,175.69869304464328,741.0072937156078,715.4120512049891,12877.117397420905,819.3837459119239,736.5213166576115,0.3041953141959152,9.878149207851978,5.97749795557042,0,yes
204.21106500935932,246.75664725232824,221.21540820926737,283.29206226771987,1,49.42601819390383,805.9620065996916,15264.633091410742,914.0936917001218,517.9902784912518,476.64591449066245,767.482797357044,14539.767838618805,602.6599998232311,724.735102567753,0.23551289294045097,7.922952874868286,6.585867290171111,0,yes
259.2918416428472,239.06010591623618,281.76562527626083,282.4817107844161,0,52.79024750741854,610.6461442198785,19937.899295648516,905.3817196091277,749.9809906396108,246.9749906430061,977.929109898894,10848.821638611498,737.8492670215676,646.0386645125291,0.24776377166331467,10.215379934743005,5.237702115815182,0,yes
269.3474395358396,375.32034516706744,266.9675589392352,275.6037351205816,4,91.84888310397172,738.7705902707196,15747.477537052815,933.1740749836721,375.394211834664,541.4253507978133,993.8067216989032,11641.917611713385,441.23348423232187,753.8097957830313,0.32011588622039977,8.15205121304905,5.445827421399254,0,yes
224.29818854264693,320.6565002947362,159.80419151647837,238.66185896465183,1,61.38571819288003,971.0002319230418,15924.659954556444,990.6572760287203,798.0814709017786,154.2579550866667,733.8148120445367,14693.782298434711,338.90455230111456,738.2748653423391,0.24790360950176565,8.300918950989285,6.524453134527445,0,yes
218.01506276160552,120.48293569471417,133.83844233862655,223.67773706882,4,96.60610676182986,922.9686054314639,19344.63400909469,981.4861902354554,857.6061834141913,116.36298182423957,782.8882468294294,12223.691907627714,352.2319906009933,769.1609520018178,0.17527952147370043,9.998629766935933,5.5684676054164735,0,yes
220.50885154673455,113.0360614390248,265.392104878571,247.01005382068314,4,38.80316866351576,878.7778452328421,19010.763984372585,975.4006226181428,800.3944450054338,197.75247205258438,783.4090913028649,13473.432179643827,325.04360730313374,628.4906354174651,0.19632561943882362,9.820814659176975,6.042485477281506,0,yes
209.69938477063187,232.76198422993377,125.02106413077128,218.66157453736494,4,32.41443445728648,809.8878074161728,15668.648800538234,991.8251656052961,577.5888405952929,324.10495855373824,792.451665974891,13033.92859771245,321.40702808120983,740.1241949421344,0.20830457072607403,8.136537585426668,5.870276425741567,0,yes
253.92711907550284,355.4885686751867,253.81420258160043,230.70102739270587,4,55.40247003131003,699.1838338387919,19329.30013152065,933.0093086848564,821.7736436479332,89.82891382541766,983.9676897350366,13960.727187214085,335.0426835891295,694.8718136945961,0.2940385405308089,9.9342109448712,6.318422746925342,0,yes
296.5100005825157,310.81833433320503,364.00552484747345,285.11170572653566,1,80.23001800363937,861.2854162362829,17402.56767671068,940.8173930648602,789.4115383471025,193.5499210196623,858.3848803661026,11977.97397367945,493.3145391888443,760.7563515404145,0.30560360987749674,9.008000236444467,5.556936413173222,0,yes
279.9214074965335,206.67555968237292,241.22185418650122,293.25804818380834,0,85.97554861384961,745.1674985547087,17755.025078118488,962.0858805333644,737.1338852765302,209.994042206441,762.5072038364253,13198.677328204223,851.6346721324221,638.6606183328757,0.23563975829123804,9.161215496860816,6.129139833382779,0,yes
242.06405542003955,158.55883723252495,369.17087628956017,295.2118907037072,0,89.14447259445377,933.6551538156721,17078.378049553216,987.6264690394369,169.93077356217245,733.7729298074269,849.2062229521044,14014.645103131064,817.408838376582,713.5866383617382,0.2379826830035627,8.868792085558123,6.480424654173777,0,yes
212.22367309291963,240.81030409800806,135.5890770652915,231.41709118465303,4,22.217192953488343,974.4426117841335,15683.139052612572,934.5843029240932,252.10011246634278,652.0605131455153,722.3172104933611,12035.796793146335,264.4440045688291,754.9652880285954,0.21522569482858753,8.173218771241144,5.4224928034271915,0,yes
221.13835646788647,192.9088941067767,375.7418071524496,272.5729229000236,0,26.464203064682987,839.1869417985241,17774.61441592584,936.7375271735375,299.9154147889619,642.1764272714712,816.9588070654335,12695.058544705798,734.0835629267843,653.0205341897747,0.23798602956203418,9.188488699307602,5.903641386793876,0,yes
205.2465026896212,293.1272544111108,345.79895081716086,207.2831366965658,4,44.55540019711508,638.1932920603074,19080.776747406748,991.7873864443666,749.4380838486398,186.3586011476774,900.0770190103922,12653.614207985536,490.10217187246406,770.7576227709162,0.2752945224600045,9.804699381107122,5.837417025519342,0,yes
287.2632416053315,282.4367138439608,346.982632485422,266.5781341074848,0,96.97442811259437,926.5543807488108,19921.925635436975,946.842433371596,612.082450603131,315.4209545502217,757.763066778118,11111.829981979648,848.0819742651021,730.5663800107251,0.2840736609069343,10.283315000115493,5.300490573093092,0,yes
253.93057466757318,308.0927082165306,274.0788686118865,227.18968175346444,4,96.83280915268907,863.7408967539872,19207.31000300246,959.8042739800502,741.9135498522245,236.1767351706111,916.8296266410964,14216.957031591895,548.579543296324,638.5307960322643,0.2836406393446467,9.913537304047116,6.481211237661697,0,yes
250.82330142734762,218.02039883280457,360.88302510502274,224.64483832982515,0,87.4107228012988,841.1419280834466,17555.153075650607,923.3364252615887,853.3910905611657,53.543559731338746,777.9138795047935,10342.230321602256,453.3981865438064,624.7488442324925,0.24688563432069874,9.07736098910182,4.826105423271929,0,yes
247.91457574670403,351.468023473166,240.85781410348898,208.83926564710856,4,59.30429741354799,679.6094297741085,17855.259709738755,905.4383166532501,91.55442011860852,851.9290841704852,735.8480295271479,13888.243130301249,829.7481466628325,653.6807260485053,0.28519689648436036,9.189122086438935,6.3870144684648125,0,yes
242.6586958821952,139.7730635173887,391.8652944191079,228.43613487700603,4,88.54004863217546,696.2237252286465,17212.507443140075,966.4966520384824,295.64183227114574,613.3073277524563,804.7760375125788,14738.94035028792,151.33002255815853,729.722741687295,0.23765125223017491,8.879770117975665,6.4887904125074085,0,yes
260.44951296786166,319.4032288431356,379.0778550408531,227.7186402918373,1,98.80833824682799,749.1255720835379,17849.686890449226,938.4863424017685,446.23820463069,522.222923330509,774.779917931844,11211.90062618686,620.0068796622196,636.4795240367357,0.29834348914882775,9.206176307676646,5.249340725311182,0,yes
227.4556420114225,357.32738079580514,217.34913334226025,271.63662105323885,1,38.759390690329845,996.1909907495556,19752.605356839114,943.4766234642175,71.63189767049668,899.941068214694,778.2792945364183,10338.429642399664,443.41493097388394,634.5871601078663,0.27823066065932545,10.214193470125835,4.830897496805282,0,yes
205.78127822399043,285.74196693381305,190.5387908025465,240.12918684970785,4,36.22777455760363,993.0323198589008,18937.68251320556,952.4100221192824,562.0653897827481,354.3671207009438,859.7231250223057,12141.152805705227,250.62382959496307,676.8808058167677,0.24687841886385095,9.807229820980853,5.505418378571991,0,yes
223.08511534006036,279.72669367079516,204.76879648446084,266.19842969794814,0,39.79222973276934,945.6815113587711,19740.652659568677,986.142967365606,431.8544536183442,474.78373006508957,909.0981059494134,14672.9246133911,357.5522715206972,671.5284941828113,0.2391645136809826,10.20247554884694,6.578607268033805,0,yes
231.0456302405171,398.23294988208613,376.1720845965928,251.25913101353802,0,84.37597826577935,819.4202684646075,15209.689908537755,924.4243318173504,395.1352215818434,595.7790273229798,849.789494853318,14109.77507905174,244.97539508786676,679.2386580165276,0.3244700527754427,7.899904784957587,6.297197986913931,0,yes
281.27795892232723,288.55153967666183,386.0312831869653,287.54958514999146,0,49.996098754857385,707.0406962058395,15806.84084100998,904.4323366952082,403.3734732397963,573.6640510319114,903.4211223353876,10713.953542452124,732.8802179353868,797.169249349486,0.291858721964643,8.170802105262183,5.169210508576484,0,yes
255.13463070312127,134.82603937260376,141.92420525322154,265.79771134543347,1,93.10533584815278,988.8640964858866,19270.82754204528,927.9437146921522,290.37155210231725,621.6889402281231,983.2464272837636,11496.412535018157,852.6519219135089,646.6256215880817,0.1833080974554997,9.969479774231651,5.533174296600528,0,yes
204.23772700277493,171.48753468428237,315.07062360480336,284.6423278306873,1,97.94818090722339,899.6472704249968,19556.849656890186,982.1825664844802,411.17100836058916,558.9739157675174,961.66600395554,10687.752700752224,797.0641332496631,779.3649651121718,0.23055057030101656,10.099526255037814,5.204368795958767,0,yes
219.3569158026247,363.4519324201175,176.43492006751754,255.77374934900806,1,58.53641583987947,627.3370398252409,19643.27258767533,956.5621236997625,949.2712294481553,27.97026214626385,943.0504881646477,10284.403533933997,746.072459107832,779.0374745635941,0.27078816093497626,10.078712754948535,5.016123253922359,0,yes
287.26436367606397,329.1143180381654,330.2268355047942,268.1282598408436,4,38.72666422681875,644.4662221665376,18650.90398731456,924.0495139076418,917.6226263062548,58.165342810020206,767.8384049830181,10884.49598388716,675.6252129375582,726.8496866863501,0.308380549175341,9.58179901360418,5.150756142236047,0,yes
229.3605011104508,163.47369551936922,197.6117116533763,253.5496332351387,1,60.6438331034764,936.4698037460162,18032.373554686594,996.6080052505139,868.5852472152299,93.30185057975336,772.7644853971163,12715.68289975029,557.6960013784683,782.399717534782,0.19611567464897953,9.347679094974568,5.84349880312859,0,yes
249.0125209361097,399.4888660660556,360.47311403023025,262.09722626268587,4,71.97672734590502,643.3749128297753,17644.8999551192,901.5717497931956,888.6913438108306,99.11062079131796,936.5048458329743,11037.164880965198,240.3866806415933,737.0566097460812,0.34071184557494677,9.07548852295083,5.108210771802074,0,yes
202.86062473420188,375.8399517526704,351.2041513978768,296.32719879215455,0,90.41917237652106,775.4502249555317,18088.614374083634,949.1793159708081,159.76701339818825,770.9502912467676,968.2965888363943,12370.077841094142,271.858822409092,634.4964733149636,0.3167345031617373,9.332951350470065,5.645308070082667,0,yes
225.3460018428547,123.98053522335142,244.70702038259384,248.04020880698786,0,47.81873104502967,813.2238487853922,15362.425663977312,966.3235366536237,811.2992382762467,105.2099187704822,875.4405019149884,11865.468119747666,246.81305122607907,722.117844902456,0.18251640813399794,7.9806441367038365,5.405885998512068,0,yes
270.61421000645635,241.82948367842323,382.5642871948241,257.0785728399178,0,83.61549493339211,613.7013203306058,17781.647791695876,944.374795703451,139.85328495538596,805.2359451353793,947.2891758677373,12637.711517256277,572.7081498761211,638.5650433376026,0.26925876756921197,9.143256549547369,5.866802955548576,0,yes
206.63317126506035,233.87149798497944,132.4136311875065,254.8354485048839,0,35.21422950231966,781.8570289501508,16808.74905375878,988.2414811167175,346.67710771137473,625.7627004982601,892.502855700339,11951.640250697063,237.3135215935256,740.9869384917589,0.20142657238431383,8.699837167001965,5.453566646339153,0,yes
266.63722163589927,282.9653755736921,227.1281899197905,290.40248327598454,1,70.39383663242967,667.5213471089615,15631.708275428884,942.5431710815758,321.99783021601166,613.3565073840339,887.5402179410632,12033.206367455241,190.2235637624069,676.8508285844018,0.2631248898491251,8.079776681088822,5.451793489908692,0,yes
225.72638111207308,383.3841740117068,108.29901494552905,252.79103689782315,0,59.61996176961404,708.2196541937336,19909.38897490491,915.9966603526311,731.3161455903138,255.45458935747592,792.4794725565462,14711.230383999198,116.807556522551,606.6455313694039,0.2614778793712787,10.22391454591009,6.453509282992004,0,yes
238.60387402811426,236.81453437560745,316.3474032329143,218.2689419990435,0,99.13536328591275,948.2699738510657,15787.87052431057,912.8814420562468,913.6704429309638,30.35653529915328,738.7863376668664,14138.344982555813,108.13297736940672,782.094160625239,0.24415096218787152,8.216600325214475,6.216648157830743,0,yes
267.37615193348995,239.05721470789246,346.6040562922829,290.33462804543564,4,85.54934278827031,834.184553954198,17397.472156672437,945.4857043145875,611.2618214503052,375.240330072386,916.6560986219129,12440.37399879858,836.1405299655083,629.4299151025343,0.28344238478576095,8.999995332143891,5.885507250047281,0,yes
247.72823192250644,157.7080272082561,167.38012477984034,202.87260875131415,1,51.41309928342756,994.6382947990215,18913.912155986123,941.3614869505102,499.71965230355175,439.29707881570783,907.6023194197645,13773.061077214265,228.3093483674561,759.1834638906125,0.17878853185926807,9.794197150293412,6.182388835057258,0,yes
273.7789846216392,223.30780279135945,258.0680682396189,245.5614605103453,4,92.56917211557354,881.4297870979742,15494.618403208484,991.8280506397983,480.4895973319923,483.5033382969757,954.5679256126807,11126.5539693949,417.86218262823843,607.4138789019418,0.25217406389571406,8.065616732780716,5.20184721162282,0,yes
243.76894433940814,362.5759627673273,275.08885492765273,284.1058454250053,4,41.37504188245947,658.7748412242436,16009.650579262203,969.7305184077984,126.84870224505129,819.7308886347445,978.8788194213894,14376.147814795437,158.9583550102981,752.2892571121978,0.30876189468380616,8.270578389412867,6.424515532028062,0,yes
282.8509788577791,288.031968349422,341.1565454361441,252.29144426263747,1,62.77146431920042,849.0783562296176,17222.979300405394,953.1928638041421,162.55578832018776,790.5437604506834,798.3197484463802,14273.099510680302,600.5687659523064,632.7851134740202,0.28142945533136543,8.917156957606014,6.4728602278917124,0,yes
244.32619361776756,237.00436724420007,112.36921959570435,216.90445412773974,4,49.68241892658257,644.7037496007389,19853.701936264395,914.4805392671639,450.9156535358287,459.7250334674128,761.4548053802096,12657.925115893537,804.5438472576018,620.5534499131635,0.21366364038999006,10.181941217219805,5.886215906033028,0,yes
208.11188260217023,297.27657572287666,256.85325731026103,227.0442008242189,4,46.873718734334275,792.1771371897629,15890.250431737702,991.2957907281575,348.4275297139434,603.1560359892272,781.462173138129,13626.391267107685,138.1559222043782,709.7123050939547,0.2637703103263047,8.243310463238242,6.03237061285109,0,yes
230.87594315526079,172.35201210455406,121.17810857409427,241.992236099013,0,66.45274017892967,882.5580695279015,19562.38180509168,907.3623416062552,86.1152425030915,884.5376899005093,773.6601758091473,11942.004761926008,534.0851969525573,673.8504334802991,0.17899049609616602,10.088135052805162,5.5117693996143435,0,yes
251.77894099154025,127.4157066589499,352.8738160753053,292.0508770995844,1,44.194785934490845,942.9996196137416,19372.499443228222,920.0074804148182,666.3297389261097,295.73584340325795,968.2432560510001,13717.73746871325,449.5734031827856,703.0047264763223,0.2212108843959969,10.008681528833568,6.2687464956376875,0,yes
229.6963972253292,236.41413572433368,164.95185364611504,242.6801074515886,4,48.138557896655385,948.4569782890812,16725.24157896562,977.4326376835187,576.6416881461953,346.57777800213,898.9190630633243,12215.620198118047,591.0049623963836,780.4310073657017,0.22705648398240802,8.694200273260641,5.701684751738508,0,yes
212.47902111400492,254.9726964268032,313.5728146502737,235.13243733624,1,79.42725574964865,800.0777667974553,19978.708789634016,946.4156703525198,431.9266496120464,521.7608715085718,773.6728407830591,11027.105703318575,604.2138874964924,770.0564716144951,0.25245395497397477,10.283105852381246,5.184261681971951,0,yes
295.37138159469635,398.1246687263834,193.8093965914237,284.1633844621888,4,31.52642352266284,663.4294506517645,15853.50475541565,934.953111295096,341.98005431185857,610.1297848955533,964.2499950636702,13382.566477696866,471.0994337913934,641.7492016291081,0.3120306465052671,8.188737527665765,6.132268016466166,0,yes
267.35079552588223,279.0271163191476,373.4800482751284,251.33965416595194,4,86.48299021271482,898.562927976178,16185.101171730816,933.0965006212126,451.88171882618934,519.6823992704824,883.5737955345721,11622.856371920818,777.8611195103153,609.138831749321,0.29712075139722816,8.40664346242609,5.517240061197642,0,yes
267.09250703702645,247.50792826527749,175.17981646051155,259.91734474891933,4,51.78071074797429,917.0455702485622,18945.954444692718,957.2497417635064,885.3874781356521,33.44389774486115,895.7687675318481,10258.09556312142,299.596146451493,654.0764950200812,0.24217296269188404,9.794593229413618,4.783535938552009,0,yes
291.8375920264251,241.35568162957946,153.73078619655138,293.3493508179571,0,90.1141827076024,861.3330606791739,17825.52884921574,996.4230730648612,197.48571803339482,801.2419542970127,840.0239422635132,13084.87828893913,781.2031173602564,737.3149708435977,0.23406190573704683,9.227168630925128,6.106580456879681,0,yes
204.16102048874248,270.90753422537034,207.53686550744283,295.09730499147486,0,69.89933212317514,982.4253519158431,17650.516567815695,996.2082797634788,961.7956020031897,16.403751326792758,702.7250597516452,14295.795584003868,580.8773173539223,694.8939951230332,0.24336593846895233,9.167250536968124,6.447442104428726,0,yes
224.8905661069848,178.62447857186118,129.77000649780044,271.62463100405853,1,55.05306875274103,827.253179565559,19716.049577602254,954.5717894268571,619.3222889249176,336.60625302259564,971.9858647099298,10279.190438195521,840.3233607101953,762.4453785414253,0.19095527967685674,10.158978655265177,5.05815905342461,0,yes
285.4105348124302,274.7526834234478,172.23568695022394,258.782407306891,1,80.2263704889496,674.3086376953806,16181.006905244063,926.1925318950646,869.3106001284555,93.6081386029083,838.7889798848562,14273.478286235637,815.9338346410343,716.068936531435,0.2461505427989334,8.35367017274159,6.587648980301055,0,yes
246.69352170019727,304.8034958002055,358.8248242965298,224.73699256539985,4,96.9302286334267,879.3482131731691,16829.045660775126,938.8525762526059,99.34454258462947,810.5073272286334,863.8540475935745,10981.78944470305,227.01162633627305,653.4118695931775,0.2978807786878521,8.725050087191615,5.029899774345707,0,yes
289.1724135874121,145.52515271179158,213.89603610339995,283.7366715597954,0,24.166527941984466,945.8361251662764,15503.031335314587,949.0746826899918,215.14316947102822,757.8928617470108,965.5114875902916,13481.210392592342,399.96878961921556,705.9068939018323,0.1972122922829134,8.078583677385414,6.155098512524301,0,yes
272.4971525276435,287.4673499208421,202.38055659809663,294.9935210140313,1,85.04102506772169,888.7900024557661,19222.828901636636,935.8112647916543,926.542909666374,19.48041796583948,895.9372270214452,12390.005262905723,500.81770897172015,784.9457871261352,0.26347776882886387,9.923662598239396,5.737901832877701,0,yes
239.3067847311919,267.7795887327717,225.89183703973924,296.4410847213236,0,30.159278274545773,705.4513093432357,19053.678804958574,929.8120605668817,728.7254019985539,237.15644904970713,770.186239499769,14199.093865761104,127.07643502407748,647.0931505845797,0.2454974227785047,9.797340732041384,6.246241856231233,0,yes
284.73037978867455,181.36159154991236,121.52987544265736,243.4818129612165,4,30.408898672900868,681.225428977644,16656.940501023902,955.5559825197213,185.96038032741967,765.4942377915573,818.924070206941,13896.562809012892,713.4264098716242,751.7145474636886,0.20124439772984457,8.597185434025855,6.3910809122552,0,yes
221.36238087843407,370.1326951812195,275.6843853668928,260.9487813485674,1,48.11403279595999,788.1775579067634,15338.65131687464,905.2435276358656,77.97027859706112,840.8867062639938,747.1163339932348,12532.965522542647,114.92093614491488,795.4792327668176,0.29328850724186906,7.954785371567176,5.5788831872020515,0,yes
231.97894248058842,398.1053727076158,161.93385166327175,244.2124650364829,0,34.98358026437916,883.3422953010352,18266.170385714035,943.1985529905818,196.17141985286577,731.4049129550899,763.6782959588561,14991.889360649067,677.5568998057347,686.8275042947453,0.27407080934847255,9.44511331327405,6.780902160419503,0,yes
296.9366266774381,298.4333891433755,125.7574710541044,242.94157051185465,1,21.53916813830368,753.8176980603992,18761.7844725297,951.340308629453,585.7694087970903,333.62774619138975,822.0326622199719,13277.080797137429,315.87012865309924,768.5251308002673,0.2372426700472776,9.665031109332103,5.983349248092749,0,yes
244.94304866608024,134.14879840022007,376.17087808341415,284.54733875583923,4,36.446682732259426,822.4300758704098,15364.27271242037,951.1557981224097,76.57865057054431,863.8813536150162,768.7863318775869,14221.483686071235,799.5944002921226,745.4624178363363,0.23722473889574525,7.981538933441363,6.533119383036591,0,yes
249.16978670430734,208.52903804118012,171.34956545694735,284.48209644334815,1,61.19315313116034,798.3022153435247,16250.824418185726,925.7638555996721,602.0748559716207,298.1156961506806,927.8736547936319,10705.04166261559,526.1074512375562,660.8258147930675,0.2176443644712357,8.415934090686761,5.064101595466553,0,yes
206.39708726968954,302.8679218046203,338.04650166894385,204.6535969783482,4,30.333895519974227,612.5909011996663,17464.43549157591,957.3360090137724,590.1904299072983,385.54989530190005,880.3370401035729,11411.899868361581,843.939105884792,685.9528212070072,0.2754722072896485,8.986192188102681,5.468635128646277,0,yes
202.499025628949,318.20549584748255,352.6315097271848,274.5373270748071,4,29.291453828256095,889.1367351356416,19749.74655934797,924.4362519395075,201.7265304346014,749.2267050529287,793.8805183553069,13281.293804622688,548.3871042579323,781.3260944852506,0.29787810464834746,10.185641239478452,6.072816721323286,0,yes
244.21358252086083,202.35562798572948,167.84951625296762,281.07698189675136,1,42.39222514093598,676.4446979952836,18083.71997553743,931.5442603546114,865.4029659675351,133.44135882718808,799.8544779644574,10922.849677056252,320.9877954593301,730.6354068913547,0.21080416995072415,9.30622804527738,5.040745660756381,0,yes
232.6273281496368,278.12313919095203,105.08614330842828,208.1647757779787,0,59.488407633893445,872.656184020492,16484.534776744254,974.7604022883579,272.17251159298286,690.1078529287195,967.0565742125993,14931.408832629659,813.2672054523332,733.1721867209075,0.2106608113430115,8.556227280253005,6.903238165453071,0,yes
251.81629565697764,353.8938887591876,120.13997259383201,263.4110152073089,0,90.44242154761398,682.2638959828683,19362.051839524986,977.1516089430999,11.373719372616595,905.9785323343675,751.1300586154857,14936.206247010494,490.78252934743637,761.1859072738532,0.26134649164744955,9.952949021687694,6.687346097373474,0,yes
221.55624306823847,197.61736348247524,212.88179911658034,270.5236203531764,1,36.39089998610685,835.3372987675451,17524.77235258679,906.2668869139324,771.0684533155529,197.13469012333644,712.4056463151787,13976.636688527806,346.3119986305684,732.9103305920803,0.21218787127182653,9.058534114637723,6.2334692827360145,0,yes
258.5814456054366,114.8077535034776,276.66145767419636,215.58130049127436,1,27.90046431802122,712.2012355027612,15220.735227497846,916.1796313004406,745.014676561598,199.03886987713224,824.1915663140466,10308.911746774442,831.378130413483,777.250797024234,0.1844437898827076,7.8804895113653215,5.007692003851442,0,yes
241.4071454174083,298.29257227268477,254.84904503644893,294.01381296856505,1,51.05542628246218,800.3646812891523,19168.86532888202,984.4076566661045,101.5180213854347,835.00097998781,904.718966727541,11041.975413919983,101.68395006029449,660.8297825025649,0.26990037746949863,9.883490041034936,5.024811697587505,0,yes
295.37492756915236,271.6265576034216,274.6602610460819,230.28661227433275,0,48.44947960126093,621.3581298385278,15257.204457455342,924.8176270676331,673.0124084380609,261.5670310192502,718.115981950831,12171.924872328093,772.7961468639584,791.4661467447402,0.25295362458172893,7.880018121958128,5.687633040691471,0,yes
211.3389921274149,255.45955765634523,381.7567640310493,257.3665057767098,0,56.41761450758775,816.2271302445604,19079.47874156453,975.1816973991752,33.607004407483096,928.1949015946824,716.3755428955485,12935.780791115063,395.59793504140373,601.0708152936103,0.2636955995671442,9.841066214073651,5.820226618693986,0,yes
266.4132687121612,255.14576225049555,123.86594166737454,219.51923262217412,0,40.61240252608655,611.3185905597725,18370.39626370615,905.397436350837,736.6937478062614,257.9499097262045,759.6693598827299,10976.005236438377,438.16053007978894,722.478039797169,0.20939599293961275,9.43177671848628,5.09113931382858,0,yes
233.08067346442252,388.42209521927754,390.5087676418263,267.3091635364456,4,94.31824909382568,771.9095715454902,19891.384648380088,980.197519891062,450.45731412198427,545.5640790501011,786.2415468180957,10603.477048379276,679.8724831347208,684.152543436115,0.3441305176769192,10.237828381587342,5.044573733730144,0,yes
211.0371601362462,126.61262850366836,292.72451448945196,218.89943992537687,0,75.20347773578939,937.8819480430259,19218.783481498067,998.1969911672994,765.0245676952231,171.6640369965737,799.1817418618248,13640.213033194914,725.5700954965854,720.0332263383413,0.18898058549127353,9.941427654286672,6.279270868187218,0,yes
218.29195160806228,173.47801957681702,160.307834448339,226.12083402674807,4,97.97842666102946,775.47594060559,19572.26979160303,939.4881897602856,489.5394060438444,506.8895411215672,752.2389947606222,13718.738352554856,135.6450870244662,743.6579243567423,0.20246762368205112,10.073453150579873,6.067309906344518,0,yes
244.42500208672362,192.1295133331713,330.882894071024,279.5995123370611,1,90.0835870040068,644.2828764297753,17766.731277231178,910.4529535694599,32.22137694166789,915.0672830052482,984.7091360467571,14632.164100552305,220.16033961727243,679.6432350375,0.245047412134666,9.137813924840637,6.54422510335096,0,yes
234.72839217988735,236.53296523405243,309.9143293273485,228.5346175780346,1,20.15113492294158,866.8044203719613,19277.18168451061,944.1206051889096,456.6848929904558,501.97117553095296,957.7861403341876,12598.921967682632,259.39290616848837,758.7733834670865,0.2383856987828851,9.947006395973007,5.7478864948076795,0,yes
223.48664744248666,382.1037089101231,224.80149147042596,216.66201150671753,0,80.85915551670541,815.8515659227857,16692.660176895763,989.9562580904434,574.0815510537019,340.9873142300446,729.3728937954262,13805.023151101015,174.42722658672932,742.9801383509476,0.27942783003394284,8.649618285073574,6.096895345246736,0,yes
248.09911465109644,124.1186700369006,337.1069615452958,260.07657388400975,4,20.05895371516803,804.8621572566558,15559.779553763978,949.5241716061811,682.1178743681882,283.90559785532764,882.0908618715017,11784.078346103892,694.6074807702987,750.7625509761663,0.2188452330671009,8.075137187847709,5.565707176376298,0,yes
271.79585138826843,316.22796036105376,306.74140832782456,213.11297395149907,0,97.81469781168646,907.2932292129153,18101.944099467953,920.2433586154152,383.83735409598705,591.3604583668107,764.7210460958113,14276.21411283166,416.46636452210134,760.5970906915468,0.27699581272319895,9.365288604712232,6.406932402614508,0,yes
212.03928700792218,160.64260823938878,345.4087863804346,282.62230064286115,1,89.69489310051901,642.1899157462713,16881.035156016427,926.4942240346232,246.29937190191998,679.8177912084677,841.7042126968321,10884.034577514947,897.0621439982249,618.5783954317836,0.23182276314268288,8.696702537737872,5.247625089780937,0,yes
213.16177707488637,124.30594735489925,386.63891747579277,237.5260404262942,1,84.20524102846726,786.4984465179432,17015.462814683327,939.1512682455988,99.29802716710185,807.4896562009046,869.7870153744152,12615.5486762505,770.5040650803743,731.7537576971627,0.2159661951506533,8.797456707868127,5.913081943152094,0,yes
248.087033818816,279.98245529406023,395.9004226338246,294.80086985660125,0,82.29467461922015,803.2423002009998,16504.842574358423,943.4605106446515,256.7032353573828,717.5568702307864,794.968188326023,13725.488484595127,290.7175690044878,719.0420568082537,0.29171581390444945,8.54647329943381,6.142797257344183,0,yes
205.21142526746306,342.844042426426,323.5775758336511,291.08184798854256,4,85.37852155651439,958.047147768611,15944.072227570843,943.9358844570147,101.09366315224538,856.5248738800103,763.8648880544944,13156.52553772185,461.9495496893375,643.735333162835,0.31262447132977567,8.30119829531104,5.9590561621631855,0,yes
255.20503192247227,247.93571066143593,213.46692557553556,250.95072917947596,1,90.58135967214669,991.3592914944679,19130.106354330794,975.264306928005,666.6726585237222,284.11804017911857,984.0632541308364,12630.532124294827,688.3528526934163,779.7695755256607,0.2395825811609696,9.906207230438465,5.9443412335330095,0,yes
283.0912974616685,353.3655003612238,395.8044349910406,206.40526121812553,4,82.43463991899043,844.5796095542097,15225.779048081926,913.8061607522714,276.33371218277773,706.2594598196873,934.7098876514457,13373.692399358966,480.0231251264498,735.646843251102,0.3238178900317384,7.912143747595966,6.137049894612612,0,yes
270.52929230868,332.5793280660664,278.2479070663935,292.09426166689855,0,67.70952577912234,918.5868668904072,18981.89870018008,928.0113075279764,826.8846043317943,90.19193227224093,888.4078438955423,12268.598397904525,661.0569505610131,723.1951841946229,0.2896878815303184,9.808900283891187,5.738242770427367,0,yes
251.105461570669,106.79042069255274,184.93746170128026,259.3656635988975,1,61.2836886677125,783.0335334688842,18153.49118780483,928.0067119889067,420.15754147236015,539.5712093360328,918.4561942789746,10122.711196848551,818.573901797098,666.2141964596892,0.1748993438499294,9.364171046233917,4.953255303300492,0,yes
202.3453271175139,269.8308686645885,114.75842702628142,232.3735751889558,4,89.5376907329544,980.1282819180869,16401.649000893223,904.116703701687,64.31390225760929,899.2553566333377,724.4574713435724,13910.536689786742,120.00276094665318,688.4254703461697,0.23007512426644539,8.529617516475545,6.114808499087147,0,yes
294.45151040370376,167.37710166419865,216.38778880668426,234.04869655301047,0,55.85127588547167,726.8315253242158,15462.716586418877,993.6774157796094,184.5682029919384,748.2018448994125,925.9556723546546,14113.29105144064,599.2036776451623,735.1468779411866,0.20116511006222507,8.015377630793129,6.470129667105285,0,yes
258.43164846631106,232.04139480212032,319.70956516074614,253.09291273469506,1,33.2040096695437,907.5329473627419,17315.32276005044,948.3876039756466,932.1867292370921,55.853035021033406,747.1300930807789,14708.931884634912,408.92316364203964,604.5203642769798,0.24809676630549654,8.975892301453538,6.551195270748175,0,yes
207.7810618954936,294.06163343397793,186.08750950124534,205.80440797072905,0,52.45433446798395,737.2310114190325,19612.03650186144,996.7903356388744,529.9089990220481,407.809990554456,977.693691236535,10356.06162323188,606.5055710129022,602.0482567878157,0.22874292697465778,10.092767094483627,4.97404395113467,0,yes
288.8581206010075,202.15124298350946,349.05186283609544,273.88922211205386,1,62.660781038454616,832.6789986533756,17398.89217262861,948.6536318237632,146.93571777232114,764.5341101994504,864.2054959081267,11826.069295069788,414.4871535138572,788.6230790007762,0.253722870673401,9.000802896348718,5.460860183710355,0,yes
204.10855204267108,115.00667230991253,111.46759767525776,253.1774154949017,0,90.29043917905709,926.1765688110394,19196.529395151647,982.9071127963596,811.8494228369526,143.00886471343472,847.128559667274,12297.373187788693,620.2121904362461,641.5217776508011,0.15596519562903108,9.92550606716784,5.711335779690471,0,yes
225.57570686632613,313.51186228123845,192.93879079586668,241.94710858964967,1,58.445725084324245,762.7120105356229,19180.593426524938,921.1551082492009,394.7599410689539,514.4166279888607,874.9802362086627,12851.767829443754,482.6762119657353,718.7267866536039,0.2521214847314734,9.872266967388686,5.893116732823984,0,yes
214.22243410955207,243.92411509267635,351.733710981597,271.86119434145485,1,76.45128868748009,836.336583045881,16431.93674307642,976.7052405174202,518.4175935899962,388.886551420553,860.8796459881019,10820.89227633078,548.0398515532127,685.1261911051733,0.26285832866538217,8.522014645000525,5.096581598000941,0,yes
279.22155233538973,202.01241566863135,148.4656324337393,253.94377876566634,0,50.97943798619588,625.9624218066018,18246.753722032965,905.0150864466112,915.6591216098262,34.72656186592303,881.9444242597533,12560.17882478573,152.22505919558557,676.3406155799412,0.20287195287045204,9.373089127361222,5.647142484782365,0,yes
205.10932313035312,268.98574556408164,390.70817783404766,297.6318473219439,1,98.91713863904889,820.4972359745619,15076.97730075163,939.780698327548,757.3858422719486,175.01523690094905,891.7765351535784,11641.809956007704,333.39489311630456,783.2848616628291,0.28750713082450385,7.835894851783718,5.36789843584485,0,yes
290.1328445867804,358.3398457773673,113.89067435983105,280.5961528007994,1,32.91251359505014,778.9864275316868,15257.569029390403,935.5914313545859,194.24968758984616,758.2437508580522,852.072272110875,14649.39019639988,297.8434710936802,637.2911372284933,0.26692983167000317,7.9163488975330365,6.524293366819041,0,yes
260.9811543982887,157.67607435909645,185.02412056545177,229.70010155552944,1,24.213522400285452,835.2445056507584,15650.409221930293,974.3330343268815,60.9875265318965,920.9418579027686,714.612046558667,12907.782361032478,806.9483467599918,755.2875056264597,0.185927638953551,8.13067768713068,5.995933547848463,0,yes
242.44757999170378,360.90793947206214,327.3181046577348,200.30808790513657,1,52.77938099709854,854.3148578269171,18786.691906240783,988.5239450325387,829.6149755996929,164.32039329134489,973.088677561246,12161.562607533899,636.823673729819,770.4787319964951,0.2910473904868952,9.705072375359473,5.7364733329607684,0,yes
224.02302852357653,298.3146442862913,316.0669509773611,244.36194376952793,1,34.88112454089021,740.1942871436477,18707.31913351996,973.786144243055,670.5303358237798,311.3289873294816,861.4529286398524,14217.510095619024,295.86881710521595,660.1607722363442,0.26799323983408907,9.637877211305328,6.36155345745305,0,yes
225.00450871938557,164.21015711657913,237.8313941506128,261.79476739603956,1,26.09523357267556,805.573626869019,17664.719385283453,961.6172461183027,148.64376301850132,835.4782040636675,934.5625067910983,12513.291319653363,169.24074028819024,665.7420266990407,0.2012106807788751,9.129431356328118,5.659504504216538,0,yes
209.32097637467822,163.2220629838703,106.84704186895932,265.8522023495462,4,93.00793479213321,904.790876912208,15580.997253442032,956.1213899204472,729.1491510480099,211.43925253458565,950.7240158750581,10888.584524289015,321.0896638155685,690.1534312440841,0.1938617548838058,8.10917037271356,5.074034199880442,0,yes
221.30622124566145,340.4984002137538,192.97023922094215,248.09412743691837,1,99.71678267712457,746.4031863817688,17227.19404288376,929.0231421797824,156.32271535478316,773.1879361094582,813.7931852717415,12846.556225876175,864.9694216960706,777.6112383828902,0.2688021708197999,8.89302936329096,6.03007965510389,0,yes
270.58874221000843,318.60094574950335,161.2750456824558,209.43091774248026,4,30.61531794929102,876.8384155818796,17196.846875014304,979.1907150176614,955.0471589846536,10.173634675813446,900.3679203709232,12858.962701841136,705.4558400174686,771.9689702741429,0.25551425191649507,8.9139415373121,6.010023696698592,0,yes
242.81394976271818,373.65847592557316,312.85466063967283,297.29896665439855,4,93.77944403475223,753.3749552005842,17768.129972567218,964.6363161591823,705.6639979575265,196.05198309839807,921.2125214549163,13877.145967763074,498.5400196569366,617.3154361893669,0.3298544227596437,9.169937532530613,6.313765568641046,0,yes
200.84812986459778,290.8830004974235,239.71544592425866,246.18514241518105,1,41.004328566897726,910.0314314989814,16305.931464389094,953.4782521526488,327.92523590436844,591.8989472693588,918.8539418487152,14491.667459990069,245.57875908105657,799.2803610716189,0.2479592285100913,8.472465398050709,6.4839633450677345,0,yes
257.2218747582766,324.73247236862744,114.68293872394673,299.68454676051954,1,37.58074620436758,990.0162967355327,18186.95083622067,909.0881512392007,565.3130092800105,404.3999079576686,952.8775071325499,12735.235578453427,758.8281035796135,686.7563392963764,0.2538832374421308,9.425229382836797,5.99221420745356,0,yes
271.7951938744806,366.517104466954,109.18555950025315,250.70591061997845,0,29.910508823501143,772.0251085500661,16705.40043666026,910.705716119501,857.9139077897111,80.85669006086687,757.6268848355701,10309.29444611736,470.36376674809173,658.3119253922148,0.25658195280281204,8.635310775628257,4.820353006228812,0,yes
237.42596822361241,333.56366595818827,328.12827156642277,287.68629037776054,4,71.47844644155944,744.489269228837,16152.165669121756,918.7172401895515,203.16555688948438,719.4539883366224,871.1312735589722,14716.905519128544,841.0598677861776,771.2119189814015,0.31146341743460904,8.353680902156613,6.7897934805438025,0,yes
220.11277873140844,294.8958267620177,139.89302351771636,265.8480140330433,1,28.92953903460361,832.4186727757839,15160.548138790316,900.8623454466608,308.1276406984923,629.3411978122537,711.9565631326141,14416.952032472649,526.7674444066996,712.381630162779,0.23444639182072846,7.875029824422531,6.474650498068224,0,yes
263.8848072256936,294.0585423602437,284.5058048581956,200.74408754458457,1,39.712195345434075,807.3656340027171,16253.58448334891,937.8942543234307,926.597011876702,49.02357571432299,850.056260132736,13211.593845730276,627.522340586246,658.5825649145324,0.25690095644423266,8.421001259436803,6.086219577570631,0,yes
284.5884899069181,392.8373639120236,367.5587024828636,279.7807681019534,4,60.75865615377745,932.9884308540165,19367.505590055232,950.3716695513289,464.05216889162693,449.13790107716727,859.4723038340792,12659.134586746042,578.5140237239132,634.6298409373624,0.34609696351248237,10.008059705719308,5.837682411698307,0,yes
257.14465215128644,137.04312511620918,324.1451340745365,200.48802034767803,4,80.90172560512016,626.9692818460347,15516.046813684672,956.341523537774,12.947133405170318,950.1111364384573,944.6948669583536,11641.375822736032,458.4930749764674,602.521802965334,0.2182967096590311,8.014989392746786,5.419312669371295,0,yes
245.86844314701816,372.5449360612725,250.44889215937414,227.09205815463065,1,49.04188289873916,841.0424309450025,17616.487277812113,985.8810027363086,934.994711871196,49.41056980213136,898.7031921288551,13664.89295431232,487.3071694830333,695.1186089305158,0.2856477701523308,9.116617203949989,6.236932801897797,0,yes
246.85389232894005,296.5748683167319,134.57202516029002,277.2235590735969,0,71.33797233893853,769.6659479220142,15368.278727636069,920.0363151914934,203.7535111014554,735.3334490263536,744.8792028019107,14176.809098574571,701.8392565962872,621.2231944084109,0.2410380725647211,7.967500762172461,6.450039181028241,0,yes
294.6570346753655,316.9366201160156,160.7228126966103,284.86554204422134,0,83.98883153306059,855.5754137201441,16267.165076393894,955.8965569219745,588.3137288133375,312.88954641389375,803.5207154235177,14734.711617950488,397.92328584834945,635.1501934823473,0.26358293991072884,8.441085249723049,6.5717287502655495,0,yes
270.04150768053466,271.17032614595627,300.648139813301,294.8102030064156,4,33.769182979057604,937.071985625083,18297.359070429255,907.9145091615942,560.6608049799703,371.46175053351817,771.069061539964,10931.939357860634,298.50682658395044,639.5361244257048,0.28181958104757976,9.468102807963332,5.002672841494682,0,yes
271.922299450414,377.6311506615912,367.80554659149163,262.2298472070624,1,73.52429265658579,758.6825743357626,19692.90494641464,924.0792665006085,433.2701836773571,524.5684327600889,835.7547012357867,12733.504134918468,678.2233217406738,747.0086679284788,0.32455464825200026,10.127928856954107,5.918762031082888,0,yes
251.69193092144772,194.64777853855702,314.22203944355294,274.2604832757903,1,22.02157914956534,722.493854214385,15698.52758379103,931.9759255736603,460.80275351638403,511.5651023862251,718.3276524408379,14631.153959297573,656.3027577852872,679.2735893602171,0.2340175962955953,8.123816861613687,6.61513322104439,0,yes
261.50705286197774,353.53863199899837,320.24685330519435,228.31504274102696,4,94.09588550391948,868.7998819766906,16757.904964015594,932.9498593462026,60.39374350816357,897.5469255808725,848.5809031458548,14673.326337504568,177.87234915489654,607.928206779978,0.3118917938486646,8.686285399209321,6.481398154317405,0,yes
274.23013502505813,392.9478505655248,108.27000192072407,266.9712773274693,0,32.235147596125906,859.1791042293352,18235.724806201386,902.929840023909,427.1856053076757,504.1500907855458,735.3967705270319,13435.569975574092,150.04325747763315,682.2392565646913,0.27082460941214825,9.41891984711512,5.9359673536413515,0,yes
242.1409633742715,363.3412263753089,200.90251401873797,242.95823643930544,0,68.42264292930128,924.3185034425421,18394.475423780517,927.8199626189012,599.8634872801263,300.85220469267995,887.4791802888627,13481.056450679378,786.7866740219021,656.2361536597405,0.273195369055829,9.516469362831089,6.26209081563839,0,yes
210.41622408096123,347.4184645791202,292.243383756048,231.55375643295633,1,92.745421996198,761.8915761790843,16490.500654080377,948.3731665298161,437.9520410110561,502.63817022558914,922.5368783542733,13434.423059157009,338.0037126220099,678.8154542101565,0.285865111206814,8.530771647649566,6.086367884162376,0,yes
243.19438146885653,229.67635203430032,395.7959306870176,281.7085085362454,4,52.1010279687437,801.6935414690251,15409.574227576866,939.6891057659565,378.4669727215691,594.6671058541658,722.7625687022478,10491.300033587648,405.7792261339327,722.8882965008637,0.2805395314338302,7.997975290692641,4.8666176804188686,0,yes
252.69651750208078,186.12450034036692,223.48793446765572,243.42886033061887,1,50.09388287020982,659.6148027254803,19197.806887110586,964.3866712664358,455.4041069365772,480.2723507313229,936.4087903229861,12214.846427788236,399.5724167664303,641.618712946652,0.20995032058926436,9.864102696357682,5.62315775267101,0,yes
243.88397193877222,394.4864138640243,224.27990899405927,296.74914541890746,4,73.93553032046455,998.8245442420666,18074.226846681035,902.2115670981896,795.1116033446528,121.36835429621613,745.3253762795806,14481.398880734538,245.67287212765993,672.2754086501739,0.31800053593712846,9.36996658413444,6.393178289378654,0,yes
228.85073642484156,234.65308482145076,248.51848732679935,257.08882206387466,4,64.67982202704356,741.9932760190906,18448.219441995374,953.382912261365,393.9216606538438,528.7672848456632,973.6443421939731,12375.975410908652,472.2080063408018,799.9363177567454,0.24791960533566892,9.5059112780405,5.750734162182544,0,yes
276.5751135213181,182.60617554191725,395.84406678377655,234.64523982129884,0,46.32538749220884,915.4059940402769,19015.14651753166,996.734886562816,628.9377899093002,287.25652911457246,716.236195923954,14138.402446756807,696.5105315317044,746.4524200154206,0.23980534484735122,9.834276160080325,6.434440637886537,0,yes
202.94288530853154,290.82790253911173,270.0197754525128,216.2728066584777,0,63.676987642004775,786.7444060011579,18702.138594401484,911.0095057641487,18.618431470855192,936.0483040796491,729.3317575254816,10476.195881760916,695.9696025984308,622.8491940550798,0.24712979759016357,9.636996610130167,4.963581208651226,0,yes
234.99718269061034,277.26830745992174,299.9549830021885,231.70732606652228,4,69.63153268043894,911.8254059765231,16810.143570761993,978.0445607568677,200.0918036950916,760.9825338552672,778.7697657290464,13813.42590577865,251.9330428777983,776.5745676578775,0.2715757222214978,8.72836940037121,6.161803159921637,0,yes
299.01631370329534,118.7688712547077,364.8222611869731,220.4214494328797,1,29.86328505065547,979.7068074476799,19055.540974346393,973.0185926668546,429.3163611506647,513.2330092901245,704.3791500701158,10602.625487823127,672.2365872234972,715.781003621858,0.20999554970427625,9.865923914452729,5.005223511956277,0,yes
258.9023340279007,288.8108548444673,199.84923273051115,256.93225347268134,4,92.82988142162667,892.6459063964053,16955.458061247875,929.7540785287896,104.56502605886391,837.643378399064,971.6199772583966,11062.118673943367,119.10958029002315,769.8530787121994,0.26715585733018965,8.79002098076229,5.081798479417994,0,yes
204.41641672481435,215.11107701109222,371.9084095337402,222.60476416062198,1,48.25862470549609,995.7192209250803,16974.05948780972,962.2190950504041,3.739730155324511,978.8332725792983,924.3938197213022,14115.30311727422,209.57434843131358,700.2004179904005,0.2407349838157389,8.827390973424038,6.3166965657099405,0,yes
268.32488159951185,278.14545500642674,145.49637528552375,222.39697792121706,0,72.2841223304957,807.7075170906878,19746.19590974903,950.9763873180993,357.63498756375463,597.5193208611644,952.7432008506213,14964.87170957842,872.8495371671672,656.6491034851483,0.2277206995281215,10.169181001575406,6.923658992040433,0,yes
216.7499497350428,334.04285970041826,386.27570209023116,239.96762069407245,4,92.35179556720084,833.8951649806113,15236.831772618283,964.1590987598327,694.0910648952428,212.10881760102484,886.4442635023731,11136.366816280413,890.6069805696875,741.3195778689811,0.31375411332993103,7.92218123572458,5.37730187654619,0,yes
278.4708334994213,227.40691062238568,350.4970446722647,288.27185939678395,0,90.04383588525722,700.0470425883907,18960.069808035365,907.0761188826857,199.1006830623541,761.4235245121954,890.5686601394909,12436.809510872503,330.2841922252666,784.6073529722692,0.2651180320369164,9.746238537590173,5.6882134406359,0,yes
270.4983778848506,109.75357644669222,296.46020606645675,203.33272342121444,4,31.64627627339657,816.9685743482596,18578.747996075886,967.5362425201182,432.9984521627856,474.0190589181826,998.6056528246352,14821.714832520895,396.6462828528493,781.052419859269,0.19791082590117967,9.589810726520437,6.70412274185865,0,yes
280.8678281825038,131.84165371646202,175.87416035809753,213.579870774461,4,62.890544164915845,713.8781115186193,15181.33766484828,915.8414252227225,338.35924637824206,639.4591131539307,884.0964371846794,14994.521111554666,164.74025819651843,640.5940766963474,0.18991833325360502,7.861113940526496,6.625840303852112,0,yes
237.22328017808266,398.8999754890462,370.1677129237799,286.31438604407947,0,62.676312584407334,631.3850401486303,15731.05654162989,987.7274064461534,453.5175351481344,458.1884462057804,880.2083189981095,12299.653145443368,365.0103565963118,738.3853827630398,0.3285992352030532,8.127792230496825,5.630245551486422,0,yes
280.64584734460084,279.6639886906826,162.07901812430387,279.88591611667306,4,25.318740862200315,737.1160018940923,16572.723009189285,954.3624199054008,442.1127449255488,468.5941835012976,756.6141941570316,13492.424549308998,408.3589462000262,694.0984333627435,0.254798961318836,8.567219218556446,6.069262537437258,0,yes
224.8497194386234,292.0769078175721,343.83983756693755,245.63131395071213,1,40.99467335124575,938.6128306739542,18511.443638088538,935.6189119663825,417.76700579319174,542.4760535017851,839.2435144324252,12494.061088052493,808.6350803575804,602.7030583072942,0.2721793604043712,9.57928806941998,5.857898519866165,0,yes
207.72666494829585,304.89844070268106,151.61001993191346,279.5814647916424,0,59.59007335582538,606.5252157519348,16816.20138107129,924.2485657249125,185.12489125444824,788.1681002859841,858.6659244220132,10465.614136233702,604.753333572255,626.4708061067353,0.24182767999577004,8.656213583493075,4.977637926984813,0,yes
245.74199757525574,324.61852550936794,330.25188028283475,215.13042334904148,0,76.26228986515213,814.9341323945162,16506.384322080263,934.0017027439163,739.8090727729522,180.1668775108974,936.89933691812,12949.75031611386,822.7809926656754,626.3879056288025,0.27945145546820144,8.548559879045461,6.082456413666752,0,yes
277.06220568689133,129.1748653988079,367.4050606694757,267.0760099094937,1,43.56133768817141,690.9068796392978,16244.251056096391,981.9218679595472,201.30958607519142,791.9944349753013,722.576462747149,10748.601251420563,676.7871278053607,790.8031242344409,0.22294543864366356,8.396605716842794,5.089695725817572,0,yes
286.96622489395264,172.8664703690551,347.1191573039365,213.3915259597947,4,35.019492860678994,675.5604131985644,17501.022443536494,908.1043777384618,657.538197399434,282.34992782279494,920.0674493579265,12647.839179754916,289.5213145542237,795.2983542512889,0.23780883652333681,9.011479567411556,5.766710647946361,0,yes
212.60026373999222,356.1272172205851,167.26914979224512,201.7759037327601,0,99.81100180756312,932.5809528479227,17865.418914109683,903.5646221865543,655.301174749855,318.5826121878688,741.1016156849013,13245.625719689318,635.0615109308703,707.2368422143809,0.25556256491905044,9.250512714446707,6.065430574077407,0,yes
245.6598517201836,332.33552699559425,271.0144368596027,224.10491138880138,0,20.399439066154308,967.4456653384232,19198.835025926048,906.2200705657231,843.2041056765855,65.58212428492345,999.3928790309435,10501.822944456042,366.38677654678855,720.0471677756856,0.26545354863456977,9.92557620917804,4.956509478402789,0,yes
210.52109426281518,182.0364950243728,185.43818527254592,204.398688917759,4,63.25730131597072,839.7871544464716,18534.757236381032,933.3501222694471,372.59527860592084,589.6101970662955,966.2958883098779,13907.304612091764,720.4808880875271,601.4997995467166,0.20122566719687188,9.568230356602696,6.438868988098542,0,yes
235.8584579814295,160.64613414256647,161.2553837386916,239.93191679319455,1,35.50422282621531,763.6438320202824,19465.883233593933,949.8670797455053,204.5187445057346,791.069088864986,717.8384492835094,13829.922088264342,314.6349746351719,644.8704387611651,0.18265090124448038,10.019057299547706,6.156477372250602,0,yes
211.68398656579132,220.74205636477484,267.8137260618951,217.9106151692913,0,75.43696580726902,777.5353096562407,18712.08277895198,950.2666576088606,368.2681044638335,622.6872114304338,991.6481269516684,14156.38259425117,628.0503528672184,672.6804890343384,0.2215634334540187,9.645298869182202,6.524957688197632,0,yes
278.9142926996237,223.7383085083699,323.91358371098625,232.28180722928485,4,48.9842578007371,624.7151709468674,16102.996422040735,925.9286285181767,92.46204632113486,822.7177274988583,810.2169023500373,10493.008390617784,851.7086721627977,640.3929798024418,0.2580298126891588,8.303796951185966,5.0618335411283075,0,yes
213.9228389764246,148.1155943337572,216.47366366189073,279.9801164282157,4,34.2372765238738,801.6047055552872,19028.750120798482,969.5307978129384,747.5954561588786,227.0909590340451,864.4425676922646,13294.177846346913,236.8320788390653,721.2792194237815,0.205762425238465,9.811652035906796,5.97686350743048,0,yes
282.07665345712076,381.67738619842595,106.48905417940983,241.1194370132661,1,81.38166001575556,613.4642338328417,15819.88203002239,992.6435423308674,64.9274573682836,863.0564488470613,907.4975088522422,12030.326992914805,504.55500200596015,680.6032509674886,0.2719614802298815,8.16898602757597,5.583840577097479,0,yes
294.40486534730053,104.76647723795777,357.22057218010826,208.87494502688955,4,86.02455328179025,766.9567974026459,16041.432229072598,993.532439286092,75.8966250791936,857.8961678169239,802.0315433795927,11143.302576770933,124.73465523584775,755.7186020361071,0.21904035273664874,8.313599515219618,5.045649506313301,0,yes
272.818144979338,355.7185013790147,127.50974347343607,241.83366658883784,1,33.23347525693247,775.7264719741804,17083.135911869816,930.2121360696351,573.3259501861995,377.13524110936453,969.3321467035067,12015.771123855113,341.2789009208569,614.9415878446435,0.25870001015693317,8.82766963867379,5.531924159230031,0,yes
222.23768781442843,370.3092931402777,295.0983116363377,263.10021066664416,4,68.50761289011132,697.5235213792974,17242.41700333913,996.0923664213364,246.27489822131272,718.4260004453542,704.0336874937603,11899.16491318196,840.3552716999149,690.0948678408276,0.3123463494870965,8.899106869724141,5.590607308180343,0,yes
299.9578542104559,308.7236280923608,175.31821298788788,234.9788083138309,0,48.2355957105975,940.9012326997375,16907.492241629836,976.9031812794368,796.0491600878738,115.30236960797345,959.0304676702164,11357.424935934889,241.94275821170814,614.2102195768231,0.24941657219450605,8.783521918615413,5.219274856922969,0,yes
267.9383331892963,391.06206646594296,364.65591205108683,284.4120180122746,4,68.34692354615896,933.9108787662071,16465.585858914714,953.2895003440816,464.2295084589432,489.04709247998176,915.5271887651711,14602.601996352678,202.00370009961546,777.6503559992756,0.3445783334981537,8.557712162377376,6.511274277345313,0,yes
221.10530681343573,322.394051239434,321.60854460719474,263.9084691727114,4,84.24440407207089,887.4234707155899,19940.94738889338,904.2205579919237,666.735040710248,236.8360950732207,727.9319481517122,14774.042579399476,200.32004279810832,619.020811246772,0.3004796459687021,10.278091278781254,6.476399512087215,0,yes
200.95647641863192,305.9653950227539,172.27046178921643,224.7820456236532,4,48.475429246049224,772.5295289960713,16795.681655961704,956.663168901063,455.30610887941924,450.69837496492863,847.8168502783734,12815.43954450302,258.05401018507916,676.2518011102059,0.24917527187608018,8.686865678231786,5.771835946211377,0,yes
247.96625832323173,267.79771229667017,144.87831720540993,259.54096151624566,1,74.91898573625133,886.0594715819183,15077.064136103618,974.467136199123,547.0992306084714,414.44206011610345,992.4070039919952,14824.668269251571,313.52867550824186,771.7924658793759,0.2326428220474103,7.855484239123616,6.675819692472639,0,yes
237.58023993226385,318.3608084206543,218.51643983004007,259.54119261276475,4,70.94751601433337,781.0282261509308,16897.672553631364,973.5266785880967,54.40868283214636,864.4154714712596,860.0298519953694,12629.151947924867,316.53041362310734,613.197389076131,0.2777836311136443,8.74207797971726,5.719089482618837,0,yes
290.5621557683746,188.8165246347532,226.71184459713373,228.33975190565133,0,93.91239728129501,981.0295726326492,19794.974102737313,952.2778460117258,828.3286560462918,77.94249330823777,975.6045334919274,14905.228928001336,728.5404490371607,790.8541746177845,0.21495660672238381,10.233085475785154,6.862293749245546,0,yes
277.02713398625923,387.99511919243116,286.88757886245287,265.15340905617427,4,84.0736561816475,717.3888935441778,15188.748697508221,923.2731754422025,152.6244036539839,819.3832870944524,944.8911249964332,13004.800467969992,711.2348082460512,687.2110060585098,0.3270741266339271,7.866609600641542,6.078185125664459,0,yes
223.78406783518426,238.9053100749719,161.9766772768151,298.3196887001742,1,36.33030867795843,968.2130016011806,17580.149131006907,910.2545992340755,924.1602642879594,37.84496534543155,707.2246720119717,12264.016123055679,161.78213080460378,688.4138025961618,0.22435495527999214,9.116960414176718,5.4658016844577135,0,yes
270.8671129826195,340.5417948348055,112.13661508859383,276.29688714862783,1,61.93981227553116,615.0880351348045,17162.250386018528,935.970066191591,603.5728915994667,362.77098985058103,919.5830541818502,11595.387969283605,610.2064704131943,626.7299450217884,0.25980855067094893,8.832705427734638,5.455169818706705,0,yes
257.4286509977087,153.5181628634635,268.5661873176871,256.37177936185185,1,29.18448571448853,798.0909272843944,17129.48606458159,961.8940658913348,856.4724315622502,68.69819825241291,701.9577093378392,14198.268792912433,574.5353189009177,609.4322478261595,0.2064825428258381,8.860181879278844,6.387086656974184,0,yes
216.57751445825104,379.0520186078419,390.7199017976303,257.6275963854108,1,54.163223307184474,850.6023887397428,17661.297906555934,924.2358323712715,498.5746595968328,474.494161322575,905.4032890189394,10027.862700165262,316.4245122435617,713.4240858232079,0.31935532447256915,9.132684685024637,4.717296169670901,0,yes
288.8344358834307,112.1681206822245,129.11533202258371,215.16646211845114,0,83.37965198221141,893.2025842323253,17314.457933770493,914.5957114388265,465.2086228447606,436.3296797994161,953.2307986214835,13223.397248860314,136.46450714122523,670.956623354297,0.16059975257166617,8.967573055439686,5.927243653851316,0,yes
224.41168075766234,145.36834023087377,284.6088686895192,250.1675684865959,4,41.731809292373526,802.0219863802473,19100.853214773662,957.0937171618991,535.5402976315565,393.93541568091723,994.8970749369669,12468.240152044355,793.8986346089431,672.7119641009415,0.21459431677040172,9.846081517689752,5.908869649993986,0,yes
274.96505960106117,362.31089530105083,156.03760790659203,299.15853453464,4,91.65861312304571,799.8232203322395,15031.88076931667,909.990355746502,649.953465914564,314.43420475415064,963.7423697731019,12562.426502469021,220.18456236749734,727.3598637704492,0.29812426302312445,7.804645206708754,5.716606890448915,0,yes
272.9857731560908,207.21340835809374,392.4526534051572,211.88270547040295,0,79.74135960987176,766.190510522089,16659.5612341043,927.0696578044843,518.0831784028285,384.69374763652786,732.9222197015005,11367.433578373313,742.1822885031172,622.0237300405199,0.24816388120495653,8.613332680648233,5.332780698271572,0,yes
221.24271456070068,263.4903713857618,316.5237405760464,240.43606934467033,1,65.76239325827754,624.9030960580975,16658.035220597965,996.5460183985259,126.37491391172381,795.7588166160003,978.4926792417566,10399.530951033725,775.2856860489684,715.4462026422495,0.2569002695663642,8.59109294128364,5.072007628091847,0,yes
254.01426913365745,135.9949988568446,159.7087200265074,232.43210635735502,0,50.96783344092944,957.4559607772474,16553.536949495297,966.9401410815015,549.8537447114603,384.80782643228133,980.566890085691,11650.191330887112,381.08705938717964,759.7097233758518,0.17121982493292856,8.608962664295246,5.423010321796141,0,yes
292.1923455911769,297.16728425594613,272.8660092100922,269.32021555149333,1,35.13717388995266,682.332419642604,18477.453499519113,972.5172895623512,727.6646460004342,254.43867496216524,984.3927782277889,10044.816056229747,417.7876287832526,705.7839425318249,0.2725412596930789,9.510024290671312,4.796458630487629,0,yes
209.66005600278092,116.11473600539372,177.3144053626582,272.8917789815781,0,23.659513952037443,691.1000908136957,16658.544594402116,926.4476315704823,320.27492924752994,631.7498411176845,931.1280319716295,13103.134581625909,770.2771987637004,701.7832158045364,0.1658451550553098,8.596157622265766,6.134796472738495,0,yes
258.1076338999716,268.82878789771337,329.74308092335923,280.513958512074,0,92.63889644196892,740.2464004478896,18799.255387777972,955.6431116543723,798.8459388053559,145.19118664945915,991.873350762196,13492.92940301129,292.84485954500974,781.6059646822181,0.27373359442134076,9.681353991224709,6.13353767443203,0,yes
205.46880557988106,282.0270352322804,135.19639891260564,222.10510296217188,1,62.82778140647074,939.7158978412708,16376.865198437987,921.9662987736518,60.14233034776947,881.1544966549532,803.8241652181415,13013.205560412982,737.4980507319864,779.8951655127138,0.22202320454790447,8.510380792563028,6.043684868188871,0,yes
296.12319942334994,299.549391218133,172.6234687441114,263.0949672636709,0,80.58278761274681,795.7600591904561,18285.724882643095,978.5861698156018,211.18538648135515,712.4890509500938,961.8754812547156,13199.883103278034,557.592369753386,772.3615780446199,0.2544116018203804,9.440086410171046,6.10619287365347,0,yes
232.72221722055616,115.58013025959413,195.7757738796297,280.4248696295515,0,32.359251014272,714.3948887865944,16629.756228755505,949.7020757535693,141.8272125507495,816.6899386318134,864.2629372449314,12557.66587974962,472.49316455000985,628.7769031783299,0.17483565997584194,8.590079574986763,5.7620558829869495,0,yes
273.2050275529441,318.10864146341896,251.73225542016735,267.42362644702933,1,24.233691132868785,973.3498979821804,18982.285898447597,923.8794871643128,855.187163830179,100.75836958406171,979.10676810321,11251.15396441045,111.84528306431636,608.8254250751745,0.27253649791340584,9.821073810591232,5.138170878899064,0,yes
211.7366469316589,350.1862192839193,125.34658395246792,276.0547195171248,4,56.29408974881877,707.9440897351892,15306.217809165242,907.4685488529683,986.0691864117617,8.257910138589637,726.5131667472004,12156.998970896579,813.6724519894211,767.9248297981671,0.27007653562752665,7.92110365676593,5.706471114786831,0,yes
218.93963521179677,259.16692007637823,290.4398750252559,271.68850782989034,4,40.00645040222511,991.4706031447727,16851.45279387208,997.3361123377806,780.5426939993387,141.86717545519332,874.0163111163185,12471.357035484885,629.9510630856913,785.0925731776719,0.26467630359561223,8.769964137972933,5.8101087281462584,0,yes
245.0398770967796,372.0810377404845,160.75896484222278,297.30599998027026,0,65.06152045687983,952.8646458165033,19305.222152501494,947.6948510458398,22.041477180399745,887.4411988888625,977.8097287168096,11526.286273941298,629.7788309518395,765.0099246561308,0.2794760095726301,9.981100506865252,5.4690827067632695,0,yes
228.72193148424157,204.0995855343923,182.49129708198973,270.50970707689544,0,67.4288916820545,697.9859896820393,18751.562697786496,932.0945357335095,584.9122182898848,407.9780628195874,706.0885284759934,12672.044065535445,601.7580593961367,700.4225262896663,0.20950628167064045,9.644953455900025,5.8104034425597675,0,yes
242.8142092843525,341.31899517166426,385.63787188172705,256.41749288493605,1,97.63712857869604,919.5843730573213,18439.39961942717,967.3046430635505,176.46874472345363,759.2091010281274,977.9819948825832,13743.891088355143,333.778289721424,762.4475470643144,0.31178422027991287,9.543280805626495,6.241036645870387,0,yes
231.2164030722417,262.27921819539984,149.86143284426663,276.4504686386065,4,66.49152208988228,918.3121641884552,18993.24676793277,982.3347714593256,358.8196566324618,608.661612245568,811.0340199600673,14098.444117450934,861.8342476711497,682.1040838818252,0.24363757515812207,9.821992009843248,6.521042085965284,0,yes
245.2585350460447,133.4094075418829,183.18007854917903,252.3346232990005,1,36.22732280878343,776.4691277426846,16942.74769879817,992.8646206141864,880.9419107119426,67.87846026186673,895.3357915945842,14990.895373932202,553.9767986881943,669.121175360692,0.1799005915612109,8.766278703937278,6.784322061778761,0,yes
274.82367995358817,236.74180770064467,289.273541318958,208.2264284373125,1,61.62395522404737,861.2849418417043,19107.649869393812,955.6953587546561,204.37513729930342,775.0409881403506,776.6462460172459,11792.09206666976,211.21809499085006,632.3367645451151,0.24056301059909008,9.86258710738493,5.319620504369474,0,yes
238.37974380368638,305.04430016253656,183.4578887095647,218.66473020892064,0,94.60683329520292,868.7538473580806,18054.946459677227,962.1281049686878,120.93259222073141,836.6647615974956,719.8767402069444,10177.271740492595,115.60841199219576,633.4271544944219,0.2443462001643516,9.338807546873586,4.609871079838869,0,yes
218.60507518978022,338.1570890050055,110.00605276755746,240.59052622654843,0,39.90624590909319,617.3935242500182,18408.634396505557,910.206602268364,540.057458295725,449.16324216055443,863.6401758965677,13370.082598699895,772.7460808827676,664.4979705535129,0.23791117506802265,9.45287300037223,6.215797315470462,0,yes
234.29647622235748,106.89093076332965,279.0303458328768,244.30453865794362,4,66.17505088100337,846.2427324584635,18373.507513772427,995.6818086327369,684.5622519094181,297.55584945845476,736.8200000167268,10643.786614508248,532.3232393920107,716.9195976215018,0.2012362009449623,9.49765579267873,4.984305663337281,0,yes
202.23208124021863,229.4483697594278,352.9511190312358,250.94360772153289,4,32.20147668352888,939.7690449169409,15205.157385398708,916.1694520123289,82.36715860807584,829.7300916304166,945.7008565951478,14523.581985553088,882.5246978600643,648.2157000366516,0.2580524694369528,7.923746322148899,6.741186293771787,0,yes
296.7254139273516,244.72064214438223,155.50354405808346,259.14478883564,4,78.38008112184481,751.1899322552114,17418.121815594655,937.9345772065801,828.7868799972966,122.1529181840948,902.6994474792764,13412.374526939497,597.4200651826801,670.8341735489786,0.24406544523976653,8.990775332495936,6.173753113937123,0,yes
210.0158447198284,195.96664259256062,289.51211437402844,225.2446996912209,1,35.065386751180185,891.3005892294541,17722.46272514943,931.3249712031534,561.7320259349641,359.2340044503237,954.3666986075584,10385.953303525006,864.6694233235447,712.7304052804769,0.21617437597648745,9.173433497498227,5.092160867682778,0,yes
205.8316980068621,326.45707512601257,187.01303010297244,229.64386907041188,1,67.67976643682559,697.5270264070267,16696.676418842213,991.3058612547401,149.58075612869507,782.5108273883822,758.6198355804848,12260.704622820987,614.8295598178623,649.9899747542886,0.2523220680976328,8.625573208830414,5.657093184539097,0,yes
238.446834972217,321.55496217617304,149.0011028139191,264.4954266139745,0,94.22031010966907,941.6400751921236,18439.411541982852,940.5986207554482,649.2431083316292,339.14679785177657,774.5576154557177,11957.233927611063,546.7483385122196,743.7329424806935,0.25318511077806133,9.544648166585336,5.53497170083872,0,yes
232.1229039570302,286.98965951018755,315.1459088837451,281.4636162722834,4,96.67395881597909,627.0824379043128,17833.818478380876,995.6220980949081,596.1940121270165,339.2454315344854,776.5916622038621,11593.417763454847,191.06350182359125,641.1303188313404,0.29149115417411253,9.179330870751977,5.227159422785835,0,yes
283.00872806583214,341.98198705153334,330.8616585936053,290.84250808975753,0,56.709501135118,768.768517231762,15025.065882895131,991.5479983617231,160.5107868274351,830.1576388453493,906.9685376753368,11615.293974101962,806.1508011950593,794.3093295630275,0.3039186416249031,7.805543473246179,5.561978634059827,0,yes
232.72871759348436,371.2393402544038,344.13711616257206,220.04133496553519,4,69.67808066744809,742.4165222425477,16404.50563802663,900.3352652637461,659.9558182798576,279.1894904374633,888.3293047534411,11861.490644271942,296.82597487528807,736.6475165877482,0.31538660791010165,8.476882888150346,5.434481503825487,0,yes
268.75204566791535,367.3298600260127,157.527523465784,296.39685062879516,1,97.55485474135749,663.7550415954125,16244.735073582671,907.3519204558096,617.8440221117205,296.32682000456407,960.1748106470469,13647.958887835895,829.4015690193271,643.4458641708004,0.28783262046836916,8.380647941028734,6.37513587429627,0,yes
275.6346380957854,346.30423368586867,256.8222618054489,259.0041186194556,1,56.80935969695082,835.8017583716816,19312.287874494355,942.1070621511541,108.98222596234869,856.9067835930102,700.6058686285951,11940.222044204547,297.2875399338734,734.8099165007159,0.2875507073729945,9.95730211684174,5.39450620548801,0,yes
280.4771100205385,225.69480207310863,356.47618270911016,251.4741682424598,4,31.447030103083264,680.9607330386496,15106.733620498904,965.0920670850265,285.5504872898906,706.3904447308938,711.0975040252862,11436.992107156915,760.0968306410052,632.989070028212,0.267157165277085,7.823338328606876,5.372732852254078,0,yes
256.6537309477641,224.81036147817986,304.9181962018848,264.3730574242793,1,75.71087648720871,691.7884384513151,18214.253612561126,995.4372633855453,642.4808040342266,321.4469398145021,731.0723930355076,13457.495261732258,691.1749244405847,732.9840338083527,0.2496204330710762,9.383674013720073,6.170644395664963,0,yes
269.3347284789265,333.4933727983554,270.7506841415495,234.50520278863397,1,65.20896194582097,641.8887671142213,18502.10984816648,916.9462161493142,716.8602191055825,261.1068948432986,934.4915302519408,14634.446723049245,819.7228683283431,611.5968605738537,0.28057067787834183,9.505867826424508,6.760193583239005,0,yes
263.48002975876227,382.4864900608484,318.75744597168654,285.21721421541355,0,99.83085643978954,756.711785281309,17748.282259596705,904.5820083924739,211.92412805888864,690.7570280021196,798.2517565463438,11705.422933046244,177.6720058883364,727.4112870688471,0.31952446226636094,9.152516523045282,5.282149241331277,0,yes
276.81413690526335,259.1267988188429,202.22099849413155,290.8307581688062,4,34.76820680268736,644.7248342813481,15863.732817614991,900.0153847773832,213.66116651258875,756.9034275728563,924.1709676117711,12752.756348450346,303.2817415091661,621.6732311489334,0.2575037934094217,8.184987461759313,5.7971046065342335,0,yes
207.23998328121925,290.38959110589826,259.4742413229959,285.59774771548234,0,36.950124741672006,899.0119942977176,17744.189150505765,992.1164764934163,641.0727216854937,264.54298519785607,754.4335215740766,14740.220301874886,446.1402462914431,607.1470590103731,0.25589313600971714,9.19442826935695,6.570529308313211,0,yes
274.7402083932195,197.7442703367949,360.1794381688256,234.13491602679414,0,87.03750363483427,759.9885878015664,19096.825456518374,904.3816382169592,304.1618780915117,619.6010534850284,791.0306740205301,14273.074465395308,364.5919931149341,646.8026921428338,0.24351162440522048,9.827487563058154,6.373351968349394,0,yes
272.5510974346752,267.99540090923233,247.97253767098871,232.55985029668588,0,28.208273915767244,853.9765320132776,19095.203880798254,957.7997680454857,952.0286896784833,19.290333506971137,761.2317467231247,11391.96917089648,632.5338243211047,610.2773635587546,0.24118321550123975,9.855006572646118,5.317932039515956,0,yes
294.883892494497,153.7207068538172,243.25800321346998,203.170182437753,0,40.815409053659465,631.1837448081625,17478.43738342063,994.6748416160887,463.7222457824602,498.2775988245882,741.3136200255465,11780.645425147713,361.9020691855686,706.2204999593164,0.19306579325849854,9.002402275657353,5.368484799069738,0,yes
289.90312091067005,195.64031065431055,359.3861381101359,229.9655895443184,1,44.21300558816454,712.7783921153,15345.729961125533,926.9596665298646,411.67020454139447,503.727394034569,759.1946282381821,13168.441314191728,470.2808912121063,762.6743215516549,0.242214160454909,7.944588893197382,5.975196309776029,0,yes
214.06902305665798,347.6105775599211,137.69716103856373,281.91487286711777,4,57.084609161174775,742.4959615786292,19208.68435174811,959.4252730054194,875.6294535444283,117.61078764283434,897.120299800488,14252.190872479088,519.3860760377186,727.1108919503422,0.27308220630810676,9.887087155409416,6.489502866748374,0,yes
290.5088163100677,215.7238635604565,134.61819992859856,256.7511267417489,4,20.588306463646255,922.088845706274,15723.510840633344,934.7200813307591,348.81775618440054,591.0428889682202,813.7429262644889,14132.615513608867,207.68077905867148,738.6133252416498,0.21975876303962144,8.181424262857076,6.277797809206174,0,yes
216.30154343133296,147.31949777214598,187.90409920370917,229.75304770361538,4,95.18732263885693,919.6928735349211,16244.840303848134,909.3469658344602,517.1214190018916,451.87455685716327,976.7756807360365,10948.774485001595,231.15172954749409,758.7618634724282,0.19764755570609488,8.438070977955503,5.085551476371638,0,yes
258.2559415132267,366.352554034864,205.09669034826163,202.55459092227522,4,26.430364691253637,637.5917615454258,16105.205753946904,998.395870397764,13.282283015849714,909.6203357961074,706.5646383742998,11713.530338358058,428.09276711290283,626.260434060724,0.2799174882537152,8.317699904429011,5.338342999920247,0,yes
279.58461735976664,152.13294499312988,336.7724731066314,220.2274128227847,1,27.397174329822267,684.5054464508132,15986.828451255828,957.1541198526263,185.89082010335935,778.7460306541777,720.7178766129834,14916.26615885755,838.5378899809959,686.9705153047651,0.21492033955574635,8.263069092141194,6.8029741171967295,0,yes
247.145274840226,101.98261256914184,157.10085698256847,201.86341451485762,4,66.3738662767683,730.8356533177048,19615.59557901826,999.0943790271069,287.46292002921547,707.5702423546388,814.3351451576558,12027.54560465694,635.4264960374771,642.0251786141305,0.16804764520828078,10.093453327066166,5.601992514966136,0,yes
263.7838970987806,352.61599615203136,318.1177337357775,206.60696651027567,1,71.29775040807317,811.3730446095066,19436.170250974934,918.5822930639471,265.79830553769716,653.8673375101035,947.5800985359796,11638.308843807734,619.0776004845054,683.7063212473226,0.29217652890724044,10.010544658901996,5.4881452636818455,0,yes
212.46751877776848,100.87946185040877,297.20357977578317,238.7635229638961,1,36.580916633485415,812.728201884187,19520.970617988805,949.2560447283557,597.9760277370698,340.61336789843153,959.8502307587805,12855.937553226078,730.529215286992,699.0260638718776,0.18288147995011597,10.05745441787537,6.029297081865183,0,yes
248.79672289630338,317.3575858135581,318.92665850335175,271.9951523998088,4,51.20025403141046,622.2007736305327,15788.988164760467,970.8287026443525,857.2217363798364,89.68744016198457,775.8528117609853,12285.057047043847,670.9612653149601,694.4996929902553,0.2988905075385875,8.15241998728242,5.704064629516121,0,yes
278.8561227271347,314.47008926261924,248.07243017135164,208.297372344309,0,82.05246960633932,808.4136938837585,17609.03767099927,915.0176597964994,110.9816658639659,834.8199851559039,977.9085305122176,12466.075223893742,593.7019625748217,657.4458954012894,0.26250731357818785,9.095829380893841,5.821365376068841,0,yes
252.69296014348419,126.82046724781478,312.85817461546253,277.5680654952589,1,28.360904515834882,714.5735820784894,15622.271273036651,943.4657738263384,223.41291301061213,712.5304891744609,962.1228078986958,10051.790057313334,392.22031278154725,654.1555568216565,0.20819867452097326,8.085519192268503,4.766959132136713,0,yes
282.3642631811974,106.04077724150875,237.695927576951,277.990972985634,4,86.55498850430968,977.7277208742985,17441.951167225638,977.6906866321887,483.60471971910226,420.187757776774,940.103626359985,10326.483917103276,395.10499421010866,632.3190676424645,0.20800949860491164,9.059318597384967,4.861926257513775,0,yes
288.23079867660215,397.4148755034607,364.35034276420413,230.24393619667865,1,46.86216969940544,754.8562181401003,16043.830278166832,913.6561379436513,97.23331226335607,869.7952656380194,725.4846205738016,14386.388898096626,759.2792662947385,706.1868852463358,0.32409357569834735,8.301117751266997,6.564090724243568,0,yes
248.9031077323425,258.8529914058378,311.82529145601575,285.19163047396904,1,48.90416930354789,909.2761957762922,17941.23439219726,975.0273132973539,607.4410663001009,391.89367310068894,994.3663176537407,10103.33650457252,408.4002503777116,778.9089317214737,0.26443253685306783,9.29291750872821,4.832198884788539,0,yes
257.2041463480222,130.33495281536028,298.93044626771245,243.46105117557227,0,29.529739389243872,631.5287939750935,16773.503548762437,968.1088914563028,566.3113340821197,358.9413572516189,794.4622821154165,13819.468665135988,156.5057803893752,715.3821930556056,0.19671495725248433,8.646333555025837,6.119277018695675,0,yes
275.6762526550327,236.86844325676344,345.92404242019325,227.11814224161208,0,52.13999822540017,999.6380379299114,19838.98840937647,976.4148238065789,832.5478889313199,84.16932090772309,806.3067619894816,12594.607422222984,269.86771369019186,713.3662315469986,0.25063787964414397,10.262722517146504,5.677980898712033,0,yes
214.45111541515664,281.7854110834562,321.30109109089994,272.72804515665365,4,39.308161035414585,670.9253167581807,17016.318136530386,903.0337826239432,889.0926091980999,12.458255955941695,820.7065504633991,12964.438868677618,417.4902180933785,788.6679626996096,0.2794494211604067,8.767420207950888,5.8986623855371265,0,yes
230.4720964699892,129.23464444683913,111.6346691391549,204.65897532611075,0,95.96243695432378,974.974727315069,19492.72117854504,913.7966866901414,59.92310684069881,847.2425617615859,730.29536349334,10429.489064822868,375.9163761324225,671.985459069819,0.1560279318217136,10.075286954098551,4.8171896243739845,0,yes
227.06404397959145,103.28987971774166,157.82680857130654,226.95297863902272,0,66.09444069455675,794.1126724215974,18118.968143405957,971.6324241309219,3.05025875022328,916.8074885042761,844.9794292032278,14362.237482066008,324.09952039715284,607.3457639614667,0.15516098226264732,9.355379311276812,6.408709479170115,0,yes
255.21063258491137,359.5244863398609,171.34609531373158,248.23178413931333,4,99.7627058819259,830.6377895046506,17452.635815118232,924.3596273063063,851.4080550755926,95.87954362521884,773.2386800359767,12113.363055008154,149.5891692963138,702.652229658403,0.288405639543359,9.023883455352111,5.426920017886897,0,yes
203.03856661484465,399.8157172455027,146.15441061798495,240.07635051074752,1,53.25707403944679,639.4264929456717,18507.25214560599,940.8169676630897,277.53358470518674,701.3195620614235,987.8878617887651,14701.512466719003,278.8169685274255,634.5728804238028,0.2734147839736613,9.511172194954225,6.595139401677732,0,yes
299.05102219347407,278.700598509631,372.0280269271026,288.6922087532979,0,57.12847563364778,697.3607525293528,18240.173163986183,969.9094373778144,312.19041789878787,658.2665566808678,746.9179625484253,13087.755719627312,402.8581262411213,661.821043175494,0.28849485163423333,9.394324026447514,5.905274801250419,0,yes
258.62474557177853,148.1282274725701,347.1837181950791,227.42228501955202,1,43.642241018847216,971.0371312420036,15362.145690083791,989.3760287501334,196.88070104257707,726.1337468459049,732.1896466954873,11852.90173333863,884.2874582184718,673.7612613055045,0.21622852966737782,8.019492669513307,5.593060004539541,0,yes
271.2961434784687,249.62802558291602,353.14890401398713,270.3139107229715,4,89.23170789662353,634.312320889348,16950.656771562983,948.4219916316905,101.05861624799417,848.8766053278255,707.029126994935,14853.5081518837,616.0350130566651,750.301760980796,0.28593476833846454,8.732804388614596,6.6897476845763935,0,yes
238.69239747875102,124.32032057351435,128.97675188588732,239.75871855478613,1,91.14369698533338,853.5789587050232,17414.835577159578,902.9329564427297,308.57792988709707,634.7890742941873,747.8293435620749,11674.858149744703,170.07566312452872,693.3004164272854,0.1689831280304667,9.00721359760828,5.247776548318306,0,yes
258.3108121736904,181.8576756918196,351.47317820722685,243.51046846271205,1,32.747666760524496,848.5904624604325,18493.46561074235,955.2455726294496,106.1503000931322,813.0817528027436,765.1784527905317,10617.435053636813,226.79094902190002,673.1788944497157,0.2323868752975905,9.552572898112807,4.848476247940583,0,yes
255.53233131179857,270.8959981079503,266.24123098088,290.70659312719994,4,52.65097934691696,643.2305549780115,19003.741383260247,997.0735141446961,326.7112750743408,645.215455810519,719.1309880796165,14887.368785777075,865.6852078268616,786.1360425020717,0.27454518324150423,9.76801419897916,6.815800243731939,0,yes
207.59713073723805,126.00434689067475,316.625425725059,263.81724048936604,1,81.69118017106638,862.2570980990326,17334.37812252606,950.0410564428923,290.19313684645306,691.2334593644497,884.9137794646131,10237.688861278308,869.9521272281954,695.522350978998,0.20688261799610744,8.975392306177577,5.013234216300622,0,yes
205.82396542208159,111.25966249110276,105.81323905975803,264.97067511945903,0,41.724184457381895,762.1622993366373,17918.359344066495,903.2496072999398,712.9939622811689,219.35366977822628,956.8188436405503,12944.846037883099,834.758548919992,674.1715369100339,0.14980487408846918,9.23858244937564,6.101210166683516,0,yes
285.29909129263586,223.0493268717379,307.1971190543229,269.17978959643074,1,39.058630018934515,764.0254205135009,16917.755852256654,960.3368174410124,792.1327483181244,201.6185990377228,864.0196831055133,11224.620448920019,862.2841132131873,783.3467157392251,0.24935166575759524,8.746519923907076,5.409944844362243,0,yes
227.03906803927632,268.58548909522665,223.70224676713784,260.130980865517,4,29.18442874408899,942.8894900726422,18973.71581658346,989.9320335795014,745.5427041032956,179.0000000657269,933.1334805223994,14107.339751425676,100.5932817435779,753.592378283699,0.2524474195048441,9.81889286967908,6.272498453187082,0,yes
257.57192747089493,377.95781905572,361.8463844311696,257.3773799354459,4,99.48925314865355,896.7328145564529,17318.491204734215,923.9531073852798,176.56508942155958,750.5789590668497,860.4977811473798,13796.70355422763,140.24747725466142,644.8209555718167,0.3359724154407314,8.971670416958712,6.121055993303358,0,yes
269.6992362200438,173.81528347224182,139.55372677969828,238.40488057418878,4,56.66949461552566,983.4787865718341,19941.799881366707,923.4188856254465,965.9919611334877,27.286460148140918,744.4319840325712,13716.335754842035,411.0405348242019,737.4420402410045,0.20221262642805166,10.303102919263322,6.17212203290913,0,yes
281.0323451928449,310.57845929204257,258.6822710516888,286.6895633683262,0,96.23030903011536,602.5371617307151,18731.7783756682,917.0718721377807,809.8646314323795,98.39457924535066,929.8991181851696,10961.242004369768,287.0108853930309,689.2689951685597,0.2808097071359769,9.61215424596064,5.076593663542715,0,yes
235.9708070706309,212.92376952842125,111.15786721515288,293.99023674183,1,94.0784927969882,942.0300558721295,18032.08870994081,907.0570494418024,728.5885734936581,196.84384671814234,749.1785559082093,13732.603711891341,773.113545766361,710.6249659138936,0.2117322305267466,9.336485035003065,6.312456421656386,0,yes
223.86852522227065,263.8882335422533,120.1235544526481,206.8654653369363,4,47.54552966587637,793.5612024381633,18621.92327481299,924.607244693928,338.02976594094696,589.8260192974204,873.8490266811359,13752.738427366334,440.0612562598905,723.7653021230677,0.22110691367219446,9.600267447559128,6.239227464210378,0,yes
293.5617538023146,213.82367986175234,319.3762717892703,291.8790573805339,4,44.698707398226986,929.0916563123121,17967.053675738098,926.1724847416513,685.1249234691657,216.7508174036874,819.2285750240122,14417.128163658579,220.76769362197606,707.9272150365331,0.26639291645974705,9.303622306846385,6.389773280980761,0,yes
257.5830024397404,383.034447377879,173.33674281146995,283.68211214120214,4,49.14103468580841,730.2964313812295,15327.45971671746,939.9007593422667,221.95235822635425,777.8110485923567,939.1381567950182,14738.821183952974,639.290323207285,683.8956002615356,0.2992329599321401,7.941092423674419,6.74412299742724,0,yes
232.2884464511813,135.57694811127774,281.16414346998477,250.7981643286646,0,51.30246512105815,700.0347358982287,16099.863820551891,944.1679880626599,76.48945408577865,848.0139860948957,874.3570767636476,10044.392595074376,458.2473754759593,716.2769761788844,0.19631281154425895,8.32121148993851,4.7619168998857475,0,yes
226.70449520690931,204.55748440927135,273.01296163873985,272.0600297354978,4,84.56610578935911,915.9484159532924,16292.170571369457,990.6791968814152,468.951811651071,482.195611819511,700.1656985456118,10181.205486122797,815.6906781678775,634.4723848771168,0.24600377735424028,8.472071493741906,4.882841781901595,0,yes
215.10308911217183,294.4005935974834,312.03843401234406,231.31894603952512,1,25.04496873413231,874.4442930534626,18687.31841878742,998.9216229239307,29.511977440522475,914.4556620136452,800.7360020954749,10991.1108923501,544.3150536500054,786.7836311692533,0.2606508947309371,9.661371092292681,5.1576256510963905,0,yes
282.12525700442427,133.90408222322725,329.17275538239716,271.75232541135586,1,57.17314663489773,921.6730871724956,19769.589757955684,971.7750626934217,499.9821577046769,442.45859188764194,838.1198499915312,11587.849071467548,652.8503472261752,752.5702511275372,0.22047804483815642,10.209469359108237,5.449917879493358,0,yes
288.88756533501055,378.7639916846187,337.16361584262444,259.13430040203605,1,57.35039775690492,748.2583437339058,15375.323572491436,920.5548124370024,242.03056662245123,667.9211886224566,799.0794988405828,10671.77292856973,435.08832697015316,693.2743052713045,0.31837550738666,7.9663456069325465,4.968468018634468,0,yes
284.25596464299565,246.53248706963626,349.6364965911217,293.1440845140157,4,39.15783833385842,955.0342397784066,18212.981847827723,989.4703437088721,184.62558793923463,735.6601612443072,747.8828845893885,14319.7452834279,482.6617919927049,621.6097243625557,0.28390599510866527,9.44124564464643,6.418218389785041,0,yes
206.1494033365658,115.10752803852844,376.77746765747185,245.09645882284892,0,25.004457253199313,829.2242760709157,16114.194853824074,966.8999757863066,491.8224586136459,423.0087167488411,800.2874523381774,10981.408298530647,676.5791330334132,771.4734395835065,0.19950179166954823,8.360192753277076,5.200434642058237,0,yes
273.2957425406343,243.2984232242582,243.43194980073812,291.0960464081719,0,79.76404535103738,637.7636601977205,18401.349179776695,996.4659639507615,562.942027513683,357.1262097929016,930.3226438965122,10516.939427168687,684.0416058603319,668.9101650150792,0.24867850731297625,9.465541121911407,5.056789308683121,0,yes
215.99770158911738,217.63911726217117,140.34883815025415,265.1956968778756,1,63.46592508658701,736.3723321292792,19153.299420738447,988.7428221873863,778.8327363485076,204.82335854625876,885.1277432326689,10930.78143367428,368.2058793478406,796.0448389193032,0.2073257844403962,9.86209232034791,5.1035199252878884,0,yes
209.18216551110578,114.90021287320829,200.83228900266084,206.44172828626444,0,67.03800533197145,946.8386773886434,15371.012818848138,951.1869077442406,797.6551957366776,151.8653779574696,750.2957374648246,11488.141111927953,827.1251790224813,685.2428890318977,0.1621648911888892,8.013094661674403,5.436680440490644,0,yes
243.9248586435535,185.88841375192726,379.4740371487973,298.1422660628474,4,42.5622786949807,782.2289006646602,18584.85292262432,917.2284187406386,545.5617241759311,442.985906718886,732.833872339003,13992.494761667418,107.12239846307581,644.5114004604222,0.2619401223704754,9.578197856869194,6.143476037134461,0,yes
287.72689188761944,312.9841703005302,185.5143278061248,205.23421303193277,1,55.056543761890815,631.4651639094462,17977.07823530041,993.0909234592115,37.717659331846804,945.978176985889,929.9434147861865,10156.883156955526,420.83978433227713,720.9267650786583,0.2505183020058832,9.251564242006848,4.822948844905088,0,yes
223.00938834502583,167.32218438889151,396.0641845482839,209.8214081577384,0,22.453440668142555,869.0931942485186,19074.644273530546,986.2966661389457,110.12804042082581,870.2598124617709,862.0140507095098,11601.65033740356,351.56344466642213,603.4166071438992,0.21899775006371885,9.852073476624005,5.330088837390729,0,yes
203.73137633209177,122.08652010551802,295.40308889118984,260.8190471098662,4,34.86987498323827,895.8876017848828,18748.58067463069,983.2572835092755,585.793218827612,389.7327908797612,942.7889459786096,11693.607606031404,277.47688835906274,797.7546138652442,0.20609774469463793,9.694687014844273,5.394527314230894,0,yes
257.1687841753315,225.2380087420392,283.9166221167658,273.9635123755305,4,94.2246109359737,968.5551072566041,17211.299649784574,960.4049318772754,435.0726901427833,509.1796392626058,833.1239899009911,11793.198796958372,273.6322119630979,739.5175899309005,0.26190258468477434,8.939493714837807,5.376887290948597,0,yes
286.60288995840114,316.23930819952244,349.51541082757376,276.51511210620816,1,94.85613075586566,710.7278036050924,17458.176646888474,940.3514392273148,445.0002685739735,471.7082067038637,739.9535588752877,11899.656998152659,586.3096021829456,683.1502542904431,0.3037385547728324,9.002196927600249,5.496049180873967,0,yes
298.93352641984234,264.4087128851207,369.0711482938194,220.9887085979639,1,83.21439748879479,732.1637547415489,18293.308635494806,906.8168967539327,91.31619464171044,864.81120374702,782.9289365800121,11336.86569059703,742.5696531014662,637.257573714158,0.27591079122296264,9.419901427443193,5.350012605443622,0,yes
224.96676252147435,209.6554873137374,268.38425892928103,254.00365607883828,4,30.065595615700367,777.3683260478522,19602.22446410204,977.4088493450053,134.1833360231176,811.5450571925932,789.6524485921306,10407.387611480664,612.6169760183546,649.1457320645693,0.2364353657507487,10.094076267232625,4.929055605392625,0,yes
245.14667300360796,115.63033763198791,370.77948846626686,234.61191099650316,0,97.82778221805098,746.818998167949,19876.157709871703,913.7517951664664,244.9466624866112,738.751054745274,820.7846898001076,11103.190623913015,691.9752879075088,705.3777070835031,0.2104947798674143,10.215513975286903,5.264207389157621,0,yes
241.7138491104941,240.9760044598222,294.5197879921817,295.23016679096753,1,99.92242066730184,635.2464046178785,18182.336194921263,951.0162546147178,730.343913325649,231.70689874477796,824.2192899008879,13722.57507810291,224.3629951165455,637.5228583588117,0.2613343175971442,9.349204564783454,6.114380794872398,0,yes
209.13731958544676,375.23374997042623,204.6567640103575,274.4067307546663,1,95.45033716563644,947.7868269021849,16473.120427303744,992.2015472508383,365.79988058069887,607.697713025046,944.7527302217561,14611.072826296724,723.2716173450548,608.4235988967532,0.2882232912642833,8.570031669519137,6.715336305948991,0,yes
267.4584104632186,103.06765843046848,137.61736995282465,205.79997906409235,0,78.39843626832416,678.3492355183195,17398.243035591055,978.21565881084,69.58470768616642,925.0501322867207,890.7905220195919,14455.406928900378,643.1673745916938,623.5123281043541,0.15345349939988517,8.970333278336112,6.604339454175876,0,yes
265.34427040771914,195.12677750924445,304.0909443605758,246.0888167749988,1,45.0040465503616,760.9220970002625,16268.623248061725,965.8797966617966,725.6773243982569,175.5455747169425,751.6257277190416,13780.343632910264,793.2398935921639,674.5790544299113,0.23116401067646408,8.42202931862683,6.332523506936154,0,yes
273.9578342616238,246.6664810262169,130.14046978158376,291.4799978348355,0,75.70459301367444,901.9145347821532,19091.99344987733,986.0033256300062,490.2493648881893,499.15877411434343,700.9687775734176,10469.498747795597,562.1838231231197,655.7593170712038,0.2270176132259682,9.86814227341353,4.9051495475452285,0,yes
262.2048200027041,151.08012357259372,210.71196523881463,252.60730899244626,1,62.85478301642419,984.601163369199,18172.336972685156,906.0150622368585,547.7588193725056,429.91693022514073,710.1238249097526,14851.081253488059,292.84087565725025,669.678154707012,0.19801985474819025,9.41625244420501,6.553909981472054,0,yes
277.27387143240065,214.2700143565816,309.12301984846556,210.8645353787163,1,47.72027781270144,699.3090770072438,17156.05957284289,922.0644123213565,303.6437587658104,665.114966169462,914.327263646127,14007.70437630956,562.5912190420031,726.984704078469,0.23463433192163033,8.846119098318258,6.412468183355761,0,yes
222.62949413907668,354.9349912420895,246.152962887821,231.36904804681,0,84.6389857147914,610.7593367697662,17053.246517833275,903.8865965768349,594.5971147540471,370.1309737808692,945.822813136211,12034.60534648304,272.463372662299,611.9500366376988,0.2761391094974649,8.772874233339463,5.504103067383861,0,yes
206.13769464014717,109.69780989175693,348.1678040095237,219.1451190787114,0,51.896255543573446,686.3819691506611,16293.39095926116,942.2096474542548,539.6830856467856,373.96030772139943,899.8786094897447,14661.816058286247,355.45222284591864,610.5442994033082,0.18980406247795564,8.414706574498998,6.562609227190558,0,yes
289.76473023909585,233.76436366919046,241.1123121399605,202.41013630653336,1,89.4432757541102,893.7298090261672,18237.163004815717,974.8714806653969,99.92449161440099,814.3069861329252,723.4290524331736,11915.160350110738,396.27395161786234,636.3922828313873,0.23396679535872245,9.43732844016773,5.413152202415944,0,yes
240.2468033392283,299.87122554651035,329.23776987375436,270.75748684662767,4,66.85551587199552,669.9245194513323,15339.170171674235,954.28984017847,195.75489282498702,771.42514957772,775.2835107710183,13595.60426141839,554.5372756203323,625.9928074233007,0.2945978509496446,7.935649176156296,6.175287923792276,0,yes
204.29597749521014,167.2525801555897,182.83484508449777,250.45933008859254,4,46.15821867314499,832.5288201251465,16726.904391757824,971.8771623734355,631.6967864306207,287.39081016987757,902.8955070113993,11075.584087774072,378.0267055688111,691.7915513317968,0.20106858509522552,8.667976253647122,5.149747081502508,0,yes
244.91056189171383,322.4809675220443,204.71866162240292,218.84247927236152,4,30.94678538860012,998.101352213418,18629.636937487638,924.1442313114406,821.4802518562262,159.4844460621856,849.9939226393273,13757.652734377558,141.2550017403439,630.3860424942773,0.264430869566002,9.650500269618457,6.10715785164366,0,yes
296.5329753009586,397.6414828673374,176.53923849185836,290.1143431970558,1,54.957152132905094,962.0481231949792,15433.065029640906,999.6971363827565,157.99140897388648,749.5785267734813,761.9066447193071,13166.165478126743,706.920338305036,773.1364553487591,0.3006657205613849,8.054317166807818,6.070351923838632,0,yes
215.13292690340077,355.53336888958336,390.77800976867553,215.8169856047316,4,86.88738653213947,986.5964635318701,17441.862459955173,910.8188906197566,317.1148050766623,629.803624976407,770.3166540632618,13655.02886660437,516.0533724530835,629.2882125200475,0.3175292897010119,9.052131486534503,6.179317151426161,0,yes
294.67834468173635,351.5411925162939,241.18837874790586,270.7731199874856,1,36.349663802378046,696.199867139494,17201.55705159767,952.9878259794743,876.849440879024,110.22450258115305,899.3812361697469,13460.033995344238,599.2831679258011,627.7350311490316,0.2887133327950113,8.872427921900226,6.191576073804498,0,yes
292.2155117019188,239.41251669805666,295.13048409699036,231.19829613514906,0,35.30006676934468,888.7062567223452,17643.350884114825,969.8712815809915,527.4112283693344,405.01967035847167,978.8736137127919,11262.803615189545,566.7958432328219,738.597427726764,0.2422912718029504,9.138592431519099,5.338549940380335,0,yes
236.08197482928367,158.26863684754176,335.2514274835464,290.92379673433095,0,85.90284106102314,698.8408433440422,17242.45387901043,963.613622028897,248.81185225584255,718.6078403444835,858.7881240694668,12499.719564410738,189.90613555548458,670.8887179322633,0.22906144349007565,8.894920905509968,5.630399170948586,0,yes
201.4448963572606,140.67435539909144,161.82095918591827,231.03474772236103,4,79.04126152602375,992.1650511232378,15748.558131624162,940.1428367057752,811.629108399029,102.48942656703002,997.5548400403675,12949.718307437917,105.68732407858974,728.0758014934597,0.18612370526503702,8.210780889331648,5.832443761137024,0,yes
226.7102177842287,101.99189195664627,365.56283905645404,235.2767307305451,1,38.37064891244285,919.4030167825624,18768.701936820864,985.0309894184015,361.7976653797897,567.7939399517657,736.7124854554527,12581.935708570783,426.0589613559108,629.9217137126788,0.19832421916375947,9.710341561411337,5.698345200900691,0,yes
238.09562758385024,317.040913079147,292.4088166141026,218.004192306258,4,66.53490463781011,769.7368675224802,19684.636467212073,912.3820678148983,814.7812723338103,100.4203059649816,925.349617539085,13114.902488459564,796.1938127969519,714.8673640608324,0.28323711285101516,10.124649220128548,6.144237823210808,0,yes
224.22950267184285,329.8039033932604,243.69539348213013,259.02830053005135,0,78.07730707586214,714.082546222564,15422.632853153984,994.9860141939466,897.917759923225,39.487107976195034,753.8558382683061,14693.964785794542,142.71338895706637,753.0755576870753,0.2705039638176217,7.99270561467324,6.453979584843143,0,yes
229.70130829355344,268.9313491856814,231.08904772077418,272.69751221984535,4,47.19183204146341,969.910111677833,18646.49618659722,914.3121279236072,162.14883414413777,758.9540706923447,865.5208591730245,13450.076759885998,674.4455749774834,674.8258697848388,0.2591759137419311,9.651078646884926,6.201204165675313,0,yes
239.77780461658242,356.4106788864617,246.38571295123148,264.31816464304296,4,59.52867715052249,687.1975060871355,15812.317191696766,952.7193924039028,691.1064123891789,239.98762683615575,967.0465423248337,13854.690302710353,615.6143557621881,710.2870898809472,0.2983750029074744,8.175793682866203,6.386169499177655,0,yes
264.0876073076932,150.26713024205895,109.99254796619627,214.04878580524527,1,97.68725991180582,636.4170554716472,19625.5160770378,940.1787155673001,66.87213097482321,907.5967484490366,965.3533700716021,14606.26990428475,183.7923496963282,783.1743318432125,0.1744572984826845,10.06956022120065,6.529048038583511,0,yes
234.27429673119912,306.66847938632696,357.79283123244835,240.2316656269541,4,68.48729927427819,846.0715809578193,17022.812837266072,990.8264428780927,599.997668877445,380.505295327117,863.1846680671598,12921.851944087852,691.5066208101034,621.243434753527,0.2963730363211321,8.821596318261054,5.996956107837478,0,yes
268.0959614619146,126.27776529986473,163.5619743782928,267.85568853842216,0,38.07187225324391,638.07576626191,18383.185503507575,947.4894112474174,858.4172718743938,99.67267087312393,807.3007332499214,11371.771212121217,284.4474382267855,743.740242610283,0.17534894170202134,9.449761080981723,5.20477745291153,0,yes
256.5829063266942,365.1094827803484,329.51129185137165,260.0066602103484,0,23.703248802342358,615.8667553034934,18347.965873020872,998.2287841400787,290.7292324085349,631.8043671181774,766.4906895613918,14911.03875655225,480.84996082545,697.777785226249,0.2992392523388088,9.43432561068051,6.671756983862199,0,yes
253.72211393414437,311.771471345681,315.62782984111107,242.76406844553802,0,95.93056792740707,646.1197688486093,16187.900161546288,926.6148713310154,868.9885818180055,93.86603620690255,942.6775888144336,11014.635450673693,191.89305105518395,608.8801140731991,0.2803969679597212,8.35100927762225,5.061970168794295,0,yes
279.8681925975631,325.2252315936952,328.37370610163885,265.7024429962722,0,59.75808969243653,820.6002801433939,15507.465935523782,909.2209837112703,347.04903009581545,641.8364042232531,932.9508147210438,10392.422676027842,210.28245064058302,672.526356659137,0.29167580845259156,8.046978887813868,4.8284803935876,0,yes
201.90884063713466,243.451521681681,315.43315770325637,290.659072102055,4,67.2673599264831,744.4470824960804,16404.25860122884,974.6797856390137,536.0994807769034,419.33496382522594,972.70102289538,12557.861529257792,612.1541304403977,776.9900470954847,0.26846007643959435,8.48741141354053,5.880516744298277,0,yes
241.42269323666198,368.73425452312193,159.62412850680437,212.60428219324587,1,89.93521885886118,844.6842878964162,15973.103460012793,910.4669843530721,909.7443943732815,48.542544688140765,886.4964911515683,10564.708443678739,832.6138813866152,667.3509894975095,0.2676403628352803,8.285373448893582,5.122836944294177,0,yes
212.40160352657907,114.2446822910629,362.30984915016774,243.59124853810982,4,65.67307419912002,951.6466649053623,16468.912846551557,922.264028669896,465.83663388057784,473.20405900481745,976.4724345015231,13993.475665837086,237.90864513868922,693.4768040683409,0.21786284409617676,8.55917834601143,6.2932431276873535,0,yes
208.50983983387343,237.29627878757972,152.490286123589,286.6964615278743,0,54.884119340246926,862.8323916822555,17981.75845196465,955.1001883745175,539.8662633568175,394.7467254090784,892.3617515662236,12457.98607356687,431.0746489768104,628.9285869955502,0.2158931474096446,9.299908523961767,5.71358988261163,0,yes
203.62523496944118,188.1374015218144,370.75039041387834,233.63761434125126,1,35.36432654393839,606.074306886778,15129.069481583378,944.5263075113863,636.7012606817356,277.83744989859235,716.3526329669874,13150.082217808922,480.4920958590676,640.9799286199969,0.2302000203130436,7.815330706648201,5.938619965301254,0,yes
298.76593414820275,333.86383248224536,360.6640429610746,282.23139092092606,1,23.116269140601613,649.3897381540149,15355.268122919751,987.2061271273315,183.42813908148156,717.7301533793855,887.3804760564574,13404.697640135519,684.454259789033,748.8693574973029,0.3066842221042705,7.943753531625169,6.202862797315497,0,yes
208.3176052078664,186.716642147472,234.07977981311603,295.6729745206941,1,94.01925338132276,710.8742775531151,18720.223787288174,964.9782854759651,521.3770859763997,465.884909187261,989.2002927195183,13981.524961935365,798.4295833860206,690.3023700890827,0.22267085282144505,9.636642117956745,6.523994338147629,0,yes
239.3165170721616,294.73470837986656,140.36567671051503,286.6999050736319,0,84.29797320882011,781.8765078197825,17913.47273835118,923.56416463154,401.1517561340132,566.8697546921552,937.5962869190885,11322.048084011143,422.55497174477546,717.6209212408517,0.2440328654231853,9.243295953544184,5.290157582367145,0,yes
203.1017187437317,341.44492378128723,394.6335180968582,212.08828515316532,4,99.18583755122071,638.1959795769598,15647.063696568313,989.0550613777865,690.5090280866502,215.97131932827153,868.9697071329664,14830.171132439722,173.14449322241146,719.0239075472043,0.31194763299963046,8.087464576637498,6.557932520021738,0,yes
242.99833352136596,143.87944722159682,163.10232686627623,239.20061003800686,4,81.62818009650644,995.4762341085483,15635.990220318314,923.4811311688505,732.812093539081,246.89090556587234,965.2519750897623,10456.739131154347,715.3342793808112,741.1871568234394,0.1948678444689047,8.152978700803946,5.076944947844208,0,yes
280.71324430595183,298.2770410145926,212.6992202191302,237.20197730945478,1,88.93276872185976,677.1805803472622,15746.1429776621,912.8632294787221,928.882591820268,46.53901415629798,705.7887148700858,12964.922333296852,745.5683440600814,679.8561167487442,0.25983678662643206,8.13504469671536,5.979829908170856,0,yes
219.69008033153528,340.36771911646156,250.26174241942502,218.99820894555512,1,87.34242632375204,759.2064613227525,15148.20204652908,974.3702271719932,840.2607247599702,81.17770167098377,841.5818239830803,10043.069849835398,241.02842737493785,778.3807105443333,0.2726285946283138,7.862610625137579,4.669221661045918,0,yes
291.23225948565846,165.65913797944705,293.74964964920105,204.63812316537536,1,88.46719901159513,649.7210495211485,17332.517699253123,914.0541970508076,573.2890213867927,332.61132586266547,915.3236380024049,12070.469564832656,333.6967531241835,629.3524073864352,0.21776097640246342,8.92238633843371,5.524944884182718,0,yes
295.0809440169968,132.2322721440125,161.88224239460783,283.5182742502662,4,55.936292363396156,654.7915020908068,15347.797273240749,966.5035797350866,44.221761771076274,871.1450423126457,879.8260110414894,14714.605630345804,244.9346428772903,602.9485615939491,0.2021904504385727,7.938335456094842,6.5307424146101285,0,yes
234.1942669553461,376.94278109673337,176.5940803682125,260.2439102923077,4,99.94402536724476,956.2974878457682,19269.916250429666,910.1330577681608,220.00563131788104,714.4277191559163,893.2887707201951,11137.174028295472,268.0024412823053,796.0021371189064,0.2961911136077009,9.959089085649017,5.142471275718424,0,yes
270.4304850436122,396.57690483690993,165.6280130998671,259.44949978350945,1,73.9300944974629,723.604908223913,15191.454639049449,995.572553950143,277.6684910422475,682.5931557666717,767.6697727237107,10327.362743417432,262.79598465148536,632.1989929006448,0.2910035615359162,7.879297550980192,4.748106251551324,0,yes
264.31321762153567,280.00067603620954,264.4875142129624,270.14061774736183,1,41.1933677670466,863.8519245244504,17230.306554575447,969.9639454864064,152.98962162470963,842.0638690963215,841.7769540083832,13181.273767229568,243.71827498421376,718.5480261473804,0.26139382545393924,8.92646222745319,5.927849686188871,0,yes
226.6492553467762,168.007472693774,180.84701467535342,248.92370437288716,0,38.46105165666663,724.1642129566484,17253.056208219485,910.0340857130428,375.639852324275,593.1378963166352,951.341666686589,13179.42597544047,512.4534731660181,788.6844203101507,0.18652034356145863,8.898448050352515,6.084120469261138,0,yes
224.2800381387816,335.5278291038695,141.95190141264968,204.1181830666763,0,50.10941605988098,982.700871510849,16679.943560436346,986.4623957636134,402.6747655347862,507.821851996892,909.3038533290426,14025.876774875458,190.1137504956873,677.9477469677955,0.23795319748739593,8.680675986632147,6.254265668768302,0,yes
228.05469863524,222.44434659802596,231.7140899086758,254.44879749041846,0,63.3898598067102,861.3626829324605,17509.533360437163,928.3861614755898,502.7659153455294,398.4169105342071,895.1271859162921,14662.230564797232,689.223422910114,790.9199509123126,0.22288450848700878,9.05979554114756,6.716491590926394,0,yes
256.0210176411163,163.4470241282981,289.87232347378676,264.9592789727135,1,62.83969756710748,942.9749593450339,19528.6280458421,908.1852542885985,861.7153108352995,89.75084968114163,819.4300999563878,11782.684741904504,405.92597722137975,660.4367165178901,0.22048493233161756,10.085124976409448,5.4106788190636825,0,yes
299.93256222420865,199.46815116277472,187.77449065802995,212.73098303357702,4,42.85463275351583,959.6971290760818,18781.074134868446,959.4977397840048,6.8634602857459,950.7565802085566,794.1680851642978,11952.026409365568,878.7950503157916,793.5830526252923,0.21907653486156417,9.722219534623628,5.675944299724937,0,yes
270.22480990426345,150.71585888667317,348.3914866253557,249.75367808190703,0,63.07382450371427,905.3616985257665,16118.692027121902,949.2359149277434,500.7552086924034,494.60676775829864,936.506204331446,13235.182876345638,740.8938866713179,660.6395748183356,0.22188176784249397,8.377199887782758,6.1785883440769425,0,yes
274.428347101278,196.52608787716355,355.0235933912714,248.75718211651997,0,37.458239727133964,765.3844979748883,19376.189349024564,908.9774407273696,40.04062215871553,871.9896752070068,883.8618717027377,10365.206145605905,134.503422726364,644.420087217521,0.23864532950750017,9.968994112918338,4.7533855210528575,0,yes
281.814943483582,191.70959482566397,202.50583749660277,296.1260871933293,4,63.11041910464054,916.2608130660791,16549.104500721198,928.7747630072653,698.9240130458134,286.7939643719383,877.6867620426334,13823.06911004645,109.05117162278755,706.7963225802291,0.2358486821976411,8.592077782659413,6.142217110071557,0,yes
220.18254432665378,239.9082439229277,218.18262077776893,270.97641184764063,0,54.74175159206616,924.149177966804,15128.904933193691,947.8201610870959,630.9274167696937,296.18536935299903,830.6667206503721,14248.039478379245,790.3216402356866,662.8987359658882,0.22838800322729177,7.886390237686307,6.552053669898958,0,yes
243.07171439034258,219.20749420166834,167.31167660259797,224.63743601959004,4,26.609768900839335,947.2729434239161,19317.82851983255,995.1805747936487,117.17703804622079,828.9767587234054,825.9534439874815,13993.935046082963,227.6552006743885,755.9649123995292,0.2160215849495759,9.992681304832525,6.2383693071078286,0,yes
294.31193991328286,203.3482199678943,335.9133272184738,253.44684948244213,4,78.4074082636153,976.2619335792365,18064.84836908387,950.482955760966,75.08944207769721,847.4675205764737,765.1641536707609,11129.559688822437,763.520352795459,687.806826958556,0.2621563659457388,9.366676441134496,5.270391827040298,0,yes
280.4285651743216,160.3009823147213,171.94023116969987,271.626620448477,0,56.13025465401806,987.1324603638309,19524.458325437892,996.8898187140118,240.19104396394394,749.2410355353875,914.2848828768429,14702.839056673776,757.9902767274468,696.6528676066522,0.19521917768051464,10.105402615655136,6.767516004711538,0,yes
204.21517754109092,186.44073599760122,315.9148815654405,267.64715952082446,1,71.85415450556536,823.2369395032853,18451.18541535285,980.7749646238302,521.6332351752069,458.16093847330524,804.5205695495894,14745.677953853243,488.05019693822464,671.9727078392214,0.2300173990195928,9.529263151557787,6.628185678363748,0,yes
232.18509842354598,242.4204089453613,163.4312050909544,285.30235950788574,4,93.64222520114247,747.5939944411814,18879.688053873797,923.9093415748189,578.7119085673994,411.03065901227296,842.2224317220695,11643.855682740636,458.8163538516138,646.9626467446299,0.24371479955067246,9.718839739326476,5.38894012466685,0,yes
249.47885361212582,280.3160925551754,108.09499927550758,261.1108755478734,4,31.5396275233247,652.6466180210193,18285.047357538213,930.3545891522614,327.267336635291,604.009244810861,794.0575129509236,13267.019541571517,836.6060895750626,781.3847754075317,0.23734591693666612,9.40152068105858,6.17977119731449,0,yes
228.82172082355066,233.97546144021476,200.21270208560838,242.07196245956032,1,57.40884285675769,624.9227884353709,19791.25884643178,995.4159385929727,955.9559034297646,36.89568377328476,934.4205027894515,10258.609922745665,300.06602364287323,755.7081155783061,0.2220663271843495,10.157552167776197,4.823004526892625,0,yes
204.5180790547472,204.63591959358638,322.6779947460631,212.4446345412475,1,25.2195210864911,848.0054581949362,19702.90031005745,903.2073942809827,783.0375238760301,154.36619697437948,783.2913464176538,11348.858052383835,762.5151693868756,737.4550727034798,0.22178406257939043,10.15002853867802,5.373557055084956,0,yes
212.2632020216828,110.82670492392934,373.4321331029405,206.69711982861915,4,95.69014115151874,763.5393860739129,16475.387475145046,915.4655252726512,766.6649109433791,149.07950988315667,823.220895179314,12246.23715540755,374.884318395027,619.8846451356391,0.21509832288701985,8.519069685057048,5.574993206632664,0,yes
222.0527961255231,214.8168422420465,216.27750852527817,271.69155428330475,4,36.689437815011416,684.9990517414292,16048.674254597558,964.2413850099599,709.2691065391217,250.5727268636474,905.9771852258893,13524.622618684627,431.16422492598343,695.4003568477383,0.23208061442009756,8.2950772423375,6.157920684929575,0,yes
208.9310664467337,119.53898237271524,300.0521177312479,201.00618965914836,4,20.550745776506485,764.0286446722155,17328.05665186818,931.8564007307284,214.03215752299874,719.4294359822522,908.5242328839236,13353.605766449402,123.34606485822866,649.1944573758803,0.19290259528426548,8.947756278483133,5.957705587439657,0,yes
208.47660134372524,114.86145395028043,363.3152081433849,232.62482520588162,0,63.18659998242669,987.2415715047157,19622.460394085538,945.9854827459883,168.88305631060223,777.7297114493767,725.3983960812528,10916.805882494262,695.6721241237723,732.7846073473896,0.19930935980741313,10.147396989826076,5.151487251920802,0,yes
227.69839236231314,258.11228784292535,399.23288413898086,254.27453591185306,4,36.85208416101065,868.1336487315019,18577.042667835587,989.9712496386711,374.0944170901966,607.6348325966676,966.6232318080248,14572.668675474193,263.14004638044514,620.9709598686402,0.28323990495209217,9.60356525044642,6.527445737780232,0,yes
239.93874653631406,220.77708315995454,153.49474697480485,238.85119410450005,4,92.94255691778395,667.8289553688286,18951.567720596056,934.5868137685657,78.25135010298246,871.0299520826728,767.8038300238892,13708.621299423565,772.2897075273039,771.6175287521687,0.22467167721443476,9.738681697833602,6.321352501945378,0,yes
278.3152148360306,332.8795237705734,370.53465436620075,291.28109342227333,1,82.82582986347866,893.9772210547678,17056.127759562638,946.9766090252109,61.532583724195206,854.9475717877776,902.6565138174859,14442.733814535113,342.62346731317405,680.4363244886254,0.314989029152001,8.84302162389465,6.480498246735399,0,yes
287.34977154534806,146.43166544519374,296.96666821009063,203.80563125134861,4,30.814009197861516,931.9603098980442,15213.37163230552,989.2479415184588,795.148268764497,193.78097532807396,983.1645687232992,11213.808770256093,123.6269676747682,632.5286738478535,0.21480729682264182,7.936126335353124,5.137220592370797,0,yes
223.6716718809772,297.7790202404205,306.98582104154787,298.3343973989695,4,35.13986427959963,837.6218046214166,16582.316644237188,934.7154548349016,702.0064086217068,240.42952888776983,769.5325779235268,12628.334625300926,660.2693247919333,699.5550226674447,0.28874540122857356,8.591710786147983,5.834622832375712,0,yes
237.8846831812083,233.5710516908911,365.92907034942584,229.51422644406085,1,71.07716498575671,758.8683754710097,16939.828528929665,915.9795148214935,177.05640424758863,814.2637524845508,720.6469519993705,12427.885542318418,337.61372319851694,748.3401972442391,0.2553996332357711,8.75032401184664,5.619032468447695,0,yes
250.32579267009646,335.2166763438944,296.73516806223347,227.26495840577485,0,73.76982029428473,878.0830106788102,15702.888095687384,979.722495144783,569.3159439361779,358.1469907451552,791.1318680700949,10239.35206057548,293.39698577519283,639.2438000984816,0.27968042184697467,8.167317246146823,4.730942359070673,0,yes
235.91336132576564,218.3583037356056,212.07550513323707,258.6590749271203,1,44.99535803564044,752.5927742933704,17289.626070444654,954.354181948807,393.3604676146845,586.5509547720258,774.9473782260494,11449.48962997412,619.273532375667,761.0959255575967,0.22084504520557943,8.929095250001767,5.36217432295921,0,yes
227.79163097242412,318.6863153533452,122.9973511630722,267.0874821035246,4,73.57080925843866,826.9217613907864,19237.15047454744,971.4705708170027,872.0943948760159,43.189670534794914,740.1470255920871,10696.628241865325,755.3632390462245,735.3741328595471,0.25941242629298966,9.921785236706503,5.089241593885499,0,yes
289.58676096277,104.7454256071867,302.3896485358542,234.9256000325778,4,28.37737968873445,698.069756453287,19780.275434660914,955.771499599663,297.58272157262616,622.2675853794589,967.245073503397,11195.522089587166,346.5061000864041,663.1151360247422,0.20541859813152155,10.162581382880738,5.207186276019914,0,yes
242.16148660472834,122.57539726053112,382.6324394919082,266.25670633754385,1,61.87884174076138,607.1513969183112,17228.823434863367,975.954945122041,82.28730909588394,895.9903209564737,822.208631566417,12268.507633833422,611.9317860320031,722.4938439810295,0.22107464730526988,8.869773548318639,5.70039906174606,0,yes
249.13109369725439,227.8912180801505,393.60788198153307,207.95485864005127,1,80.37100808103065,808.2065078690616,16230.713929660507,936.4532116542659,556.1835275299645,374.7755031657417,862.5340056877641,14307.708280841573,595.3405762513731,723.4053090121369,0.2569417197097399,8.409556204005403,6.519178662835035,0,yes
219.19315284785037,180.64717210160853,348.7975651673181,254.04492986903273,4,24.540174786581225,933.4539473554776,18598.75379864375,907.1271238226169,428.68592732511706,471.3724287337848,976.0713641887237,13908.563361071923,418.98725047926825,630.7210626145827,0.23949948303140914,9.617865590181259,6.317980075491252,0,yes
262.79314759515444,278.4558593346945,388.4021094981854,276.2081634321656,1,91.20783889940668,915.9773581367424,18931.00601618873,958.7413801597191,862.6774061982007,80.54368466225753,921.6872336435587,12784.754284083803,435.8022947659353,667.8926414716667,0.2928678464280605,9.78708116995297,5.864205375631576,0,yes
201.17295211053175,237.878180594158,219.9205428348119,260.42124528875786,0,70.44994398652452,672.2117052995546,18928.83781685273,968.3464040575494,833.3551383446172,145.66224991267995,995.1434646905308,10090.008115513785,428.6569123994197,695.2386216377611,0.22538792803058086,9.7329218059157,4.82136491678404,0,yes
205.00649613123846,321.4199370740215,318.30738415009546,202.7832991436566,1,20.668512306770772,809.9525184095373,15939.355482552714,991.3974249372934,639.553062205475,261.26086335428147,749.3125882199754,13067.903953743516,862.0151384951191,649.9552317935198,0.2651809849136879,8.271846071286484,6.070844487910664,0,yes
290.7963731070558,243.0579264352992,349.8289636983109,220.6132859912328,1,63.234514305218184,955.7667220093388,18676.91494058984,977.0613349539425,837.5967010771207,95.35525697498736,824.9476413959947,14853.010367824336,256.8200109724597,719.9204798039245,0.2599035011569071,9.671662132964304,6.586668701456866,0,yes
243.50423278761002,263.0121932363571,238.62689079748944,275.5051738087696,0,21.189511929213793,839.5547854287084,19047.37943165917,966.4632247721956,135.51476275349276,799.8709950305072,859.8806481746975,13869.444878524497,180.44938483052437,671.246976423376,0.24135355743066333,9.82904414092062,6.170582957609698,0,yes
236.91494697491873,317.7577737618144,225.62544570344875,281.59663721004915,1,92.66354203112924,872.2626863272417,18197.64998051108,950.831266483917,209.79988455732064,778.8725114067784,948.6890281064072,11332.03633227358,298.535617226572,645.3976656394744,0.2740219681389208,9.409396106835274,5.242333380582188,0,yes
262.44442953982013,226.65067821206935,107.85521548250354,224.22344762253408,0,99.87046463883851,758.6938524996,17602.31117120387,924.8393013393801,417.6141689470358,539.8847232562584,717.9508707241133,11941.615807819278,504.07313099906804,617.5034969120929,0.20268489075063953,9.082738511314762,5.468130358096357,0,yes
247.6638609688789,378.1892421501414,351.822929480189,261.5734275901665,0,76.02852610306905,856.6533720337525,19598.002415457846,958.1558474779962,423.9066393656004,562.2697799306998,880.5947411811617,13860.04130070888,623.6788450937438,671.041358417831,0.314696125398844,10.107058043760887,6.359373382443897,0,yes
231.87891894775487,180.50167451428763,202.742981330046,235.23573140933718,4,91.26187507844134,978.426822001772,17456.82575337815,971.1895316067471,343.3386973903925,575.3439202201125,983.927794603326,11072.005443654685,335.4425677715189,705.25542600545,0.21645827847204513,9.066018481844177,5.165415595157403,0,yes
233.82554242415378,309.5637436039385,158.40574477179354,219.59421188856692,4,75.13600594993432,719.0562659526564,19402.513962415203,927.2973747543476,130.92817861828388,823.7676055780735,874.6869284314826,10601.56034481343,156.28649421443103,655.1610140162629,0.25430546266530396,9.974410801482332,4.86022841747724,0,yes
233.933001398695,334.77929343723576,271.33462858840926,223.61655881391417,0,48.53904498852066,606.0458189850625,17985.42129429033,924.6371577979792,799.3993188856247,166.70291633006377,952.5048216023015,12273.353172526033,727.4280940397942,655.1985020891938,0.2684519517456598,9.24077259679111,5.790106474876586,0,yes
285.27865001415927,343.8113960064768,383.50024072679815,226.34250056496595,1,63.21999938056733,644.7158747505289,16539.638410716874,967.5586181181586,117.41280901749455,798.3860946836445,954.498311184797,11538.904421307072,218.35139548352984,602.2120412273449,0.3073840760989908,8.532200969561798,5.279660652175691,0,yes
274.2284607064877,314.3743546005772,158.09178969647965,248.12239868679436,4,37.10360527663789,743.0095929110466,15514.065094996853,925.5512551973053,243.0872219584697,670.1458393657938,709.113772262641,13164.976640963941,112.88417950961893,687.6639409769955,0.2622014420191308,8.035238252152574,5.80059039099674,0,yes
294.5750932845408,209.39846250365807,328.60765585443187,290.69635554420347,4,53.03505379551059,785.1445211680469,18980.60168042712,920.4255581024204,932.6052674361299,24.62883958990642,843.6909095990296,11522.917352571574,364.08462291447455,705.5187027882073,0.2674088227200776,9.777158637672224,5.306468047627496,0,yes
291.73914512461283,117.21355675830148,112.58180061210906,233.50807597494475,0,25.098326397847472,715.7018390029208,16185.00606014221,997.5703994333137,516.941783245604,414.9981723302078,940.9877948627894,10444.598458270004,835.1764759122374,635.1833373688653,0.15602143359539014,8.374607838315601,5.089777285457355,0,yes
215.38066827459718,263.02049792989703,359.31539406997535,222.75106627969691,4,65.0699678426958,850.9803414981048,16324.926693587937,957.4053618816499,155.75686326854552,756.3102477695904,745.53587489304,13816.959780605152,318.42636871728257,637.1569070856862,0.2729064781197064,8.469138873416412,6.151380052680859,0,yes
299.61552212410373,176.59859275391273,179.1730774470195,285.3423220646698,0,86.22989353102209,729.1345693898188,16303.214395445799,993.4594201173761,855.5237928977078,76.53757570551033,946.8397265142864,12138.453323487927,243.21611890619633,611.7347143735435,0.21214352288659277,8.436104772862414,5.529829850787855,0,yes
240.4005063956501,256.6010385211498,250.56860626969114,246.4750829572506,1,97.50127447289923,871.7767915181771,19546.395500187216,933.5248337560915,817.2492486292249,104.79600649584154,756.3508940049384,11790.974660826818,638.2076179829431,743.5382659520454,0.24857254544581348,10.081282019960879,5.4886073470024055,0,yes
211.8753962626315,236.50054259392468,279.14143559862873,233.8554095100838,0,80.42177941954859,608.555173708176,18950.528154222477,953.546879738723,509.0168984931106,461.10526204905807,705.6226501082689,11700.916938466487,499.65820652295844,651.677011576688,0.23397227465069728,9.727839628920194,5.371364376124146,0,yes
230.73671135779608,330.04262459119735,171.28123881343382,240.67925757246996,0,38.8815739696389,918.8330801626314,15960.630689124138,907.6345939992192,544.5352607015384,386.5400805525958,765.9506493476141,14874.366035702515,160.04162652230588,609.1198967695972,0.2483415174326933,8.295536491423832,6.518093375985195,0,yes
246.92959548799755,331.3112179137995,329.3297311384047,219.34671140915955,0,85.26507858655997,843.3745179133025,18820.52723259113,933.0777885277322,173.10879880066756,805.4104395179124,909.8744080426396,14302.25859916379,477.64503073326284,742.9988148136536,0.28406954871744194,9.711884417517856,6.498002736521514,0,yes
229.32525560636392,207.19342889868264,275.38368993964895,289.5980131255566,1,44.08812262810774,923.5451136734616,17017.514173414504,994.1569512325967,273.7024530985184,718.3110152743982,719.1412287231439,11234.981233450111,275.20795480175053,764.9182148281676,0.23428216768878143,8.836957362600582,5.1186078570646325,0,yes
224.29859973811705,169.05916437618384,288.949916142421,284.54225585553087,4,61.22201965618963,981.8019941983655,15004.171278016951,969.6388475076611,554.1828714410808,377.8892418385949,838.649808137768,13128.261636792738,356.4122249551518,633.4061619843534,0.23424937277067864,7.840255474499,5.930587343973873,0,yes
246.13139060968737,379.37042470197355,352.11459682284055,277.71385396674555,4,83.19339825304375,670.2689323722935,19398.54235166504,964.3157602110849,485.97965689084594,430.5390581487861,884.0152092031583,10974.16478717169,699.7283650614638,658.5389363290245,0.33516220619240605,9.966792323841975,5.225584214692372,0,yes
226.9161026299949,366.16521760918386,109.05695983258619,289.0743098272317,0,88.04934860627175,912.461973461505,17991.051257677816,990.7597915055992,730.006302562853,189.32864846726034,766.196545295006,11945.560215225916,800.9865534412652,623.7043991667667,0.2657232923410202,9.320729107789768,5.603343250232845,0,yes
229.28403656159975,341.87541726485506,212.20043062932626,244.44911799233597,0,97.86721391377787,717.6862003045551,16938.842946996483,914.6329848110438,166.1007461778768,751.7500477531939,730.5401476611382,13029.757263638308,142.6343480481151,677.1044549998006,0.2692449277651724,8.740540737923475,5.766214475352774,0,yes
224.5091668712809,384.46673078943195,328.10502887686874,292.76130505353075,4,88.72729856451788,725.2892276539703,16783.410757645004,955.8160729021841,521.1510512143449,473.85912170943107,996.228403276811,10536.766958641521,606.3680030793594,724.0054264226359,0.33337217945197367,8.670150805822999,5.077603673048603,0,yes
224.32463791219826,170.0918669511633,214.15229345150658,274.8761028817305,1,82.28901986739716,829.2844692873379,16715.076494780576,990.933781969768,185.14685705848515,772.9147590617166,815.4743258518415,11469.39703245624,270.7302630106039,768.0096498894919,0.20842169979878764,8.663971942922664,5.244834901706974,0,yes
236.89333190894789,112.3823587745571,147.4037636386968,244.03318071475695,0,77.68174518935461,657.3200422743072,18759.679675018826,952.196124245721,627.1501998653425,345.0943503668225,710.0093745116532,13586.77301065202,407.24933167781,663.8319617248809,0.16282802290637124,9.642857710975006,6.092385668452606,0,yes
278.44590751416496,335.5106531427616,115.98876339174078,278.67381929436897,0,20.89419272255512,842.3061551386313,17992.75385782936,938.1992859333928,645.5910619944426,317.98540749574545,976.6492109827228,14157.399372371841,737.3368654993749,703.1463114416887,0.2508425264738211,9.298460081043629,6.56330606540481,0,yes
273.56599006970555,350.55260109276065,117.66720873732416,202.94903663639778,4,89.79620618616043,678.3613689520306,15596.700625860522,967.9326089292983,894.7023384310978,102.82655653546442,727.4586140412921,11176.360289786759,755.3894558279862,791.9423147577344,0.2660936147281865,8.068143823516095,5.294931929869119,0,yes
241.00067742337382,358.4599983941617,211.57288689310107,228.4098657257748,0,71.61096964993017,947.8293638935482,18622.864646337654,986.0434576399502,87.64866287410145,824.0465743749455,817.3352293026027,10239.14004072209,567.2996372639739,627.5794653407207,0.2707240081583365,9.644059867709892,4.847218102854731,0,yes
214.3624084273436,264.80204597967725,340.5669296462713,210.29653197892935,1,43.45359208212206,883.9744686805836,16013.57497362592,922.8474504326736,734.1613473590515,177.2310579663855,938.0647292022943,12946.140132041428,317.17684162506373,607.073925690905,0.25253276056842544,8.316168400722956,5.875543251443876,0,yes
202.40695583055665,306.1851877620097,165.38157453464024,282.06216255585184,4,61.61623850056152,947.8860267250263,18351.903135425357,969.6486106942045,893.1606980751707,71.16136230740983,930.643916199143,10991.607723207335,295.29259960096465,715.811439363676,0.2611762603004276,9.506324505952927,5.103545733022402,0,yes
219.66882525341944,120.8761632743659,169.76718503881784,224.00107914642626,1,92.73772309015447,868.3059240089337,16434.86947480717,909.1198916416186,398.1507154041015,585.4652982747782,704.2434746131295,10424.347483282525,325.24428841686125,618.2997349089231,0.17040948703714942,8.521396111077582,4.787919542010839,0,yes
233.11492810472018,355.56131623776037,355.7202315006728,290.22552481070215,0,96.51490346925243,649.379652443108,19599.525259771952,937.3287607382761,612.6419968124766,308.28983195496085,970.2620811106092,14035.618654181875,627.460273262244,776.4112575289323,0.3128923867704917,10.059002342814798,6.471953860813911,0,yes
258.56738092045975,100.86811173420561,114.77541392384614,202.6915729367391,4,80.15282957937991,688.5189743324811,17697.16237457064,982.1248866963367,125.76408479558266,830.984298259705,862.845966252854,14524.572820833322,658.4620106527611,646.011170904322,0.16247926525035128,9.122565121714574,6.624650685651546,0,yes
292.90529341376265,107.1475534077681,151.70331226215097,218.91576138304347,0,52.46473900180884,870.481728008318,15813.781664559443,959.0728886933608,440.54394677390593,520.0286404305061,962.1065410188512,10336.943302581223,539.9884543389583,755.4977049978523,0.16048815363340885,8.21819431615072,4.956889700787793,0,yes
250.62591010823016,161.2342466072931,300.16638923045696,231.27425372869192,1,72.28435191591711,690.2958583239287,15308.093937333942,908.1110813939373,820.59295184143,113.9656203417012,977.9346406591698,14640.826302942403,627.9151998667735,720.2867166235055,0.2154267338605216,7.9182489560636995,6.711696725748869,0,yes
284.780612716566,114.70767362215818,159.02870236403194,246.83150353276372,1,56.40624487519878,866.8260020452653,19233.274216601763,927.967958069955,827.2058403505217,137.49622797238817,856.6862728285685,13273.447555722823,397.8003525416063,600.8822353392825,0.17402644595677838,9.922841560683429,6.012673988608967,0,yes
220.43156039383945,299.49062784449956,151.3400086370883,256.86101006493726,1,56.327533428980644,918.2441068840527,19673.85137237821,950.6546025676844,118.8901316913479,799.9241864547162,751.0989712979842,11651.70823146771,833.1951838568847,756.5005862625862,0.24026013256664983,10.157906887407234,5.510075873320548,0,yes
213.8207098782628,109.77588186846741,212.42220474184415,257.48814061660795,4,37.81804560259663,741.7705276223231,17296.561766246195,983.7671455166363,539.0795209578665,365.64911547084307,887.4157961065256,10687.393391067902,851.2110979056386,761.3736391000342,0.1855549916820767,8.934227949189964,5.184807949490982,0,yes
261.3792084418788,355.83303036320547,185.36545685080557,276.5666276409232,1,93.44407659567614,889.6099132447335,18959.74282800185,984.9733462464001,253.24815074797374,688.8047178912932,937.7038903832353,12695.565796200433,828.2016350297139,666.0580115419082,0.2833854367651341,9.79908184433456,5.99149493744712,0,yes
247.42026475461418,235.93204077914538,105.19547993078368,283.38883394678766,4,74.71162728128694,938.7547534127029,19738.18596628908,964.7984795296828,665.8666185694709,318.66338412811547,707.3209429704449,10066.152904459359,744.9725869528365,651.6554147973342,0.22863445992441478,10.196705747134756,4.818253559571936,0,yes
207.05050808056586,376.53099007796277,186.82455077676155,205.47630068530745,1,99.60846756680074,882.9027258226979,19029.048861535208,976.4950359645015,357.23941486991504,598.7576600608998,770.0322896012804,12287.948696588857,105.86507243925718,722.0923805606519,0.27164931521463664,9.831042008036366,5.481749999889289,0,yes
206.03229096803813,268.14336354815737,109.90557441540355,258.68963931001883,0,35.000628314348134,862.7178928845831,15548.586369652821,961.2584827015817,787.6391506315172,195.22897794093842,921.5042885550267,13630.334898281075,239.16123284008722,622.6065337779327,0.21130187322409894,8.084145112718213,6.123244362578205,0,yes
297.74539647545413,117.03636766538823,277.82992660430455,281.65845052276416,0,62.28159478373606,791.9108678096726,18797.303464915796,915.337639409372,142.86629145068767,773.6557139926447,726.3914959936728,13517.490469545666,333.23584284637843,647.7450663466053,0.20406505554598575,9.686321698098643,6.031853293247776,0,yes
249.547592549954,285.3800427945004,347.7830006779452,296.70213735035713,4,78.03123005704951,927.4575193719152,15602.077555174174,981.6067241345116,57.83008378518225,888.4883069527488,949.823757570585,11822.832100556889,665.5855575411183,635.922370349271,0.3002801830343557,8.128392507148245,5.578839162502005,0,yes
231.96023604581725,285.8008113960119,131.1975226542726,261.05858548770726,4,42.8473527906716,774.3473528601569,17711.165561225018,964.2218055760088,143.3854332539108,770.2981414181579,907.5593704515129,11443.283046760373,148.97092894527245,682.1417478795571,0.24335691888284727,9.146053604359436,5.205060350827138,0,yes
289.28196803647154,283.66638135822654,355.82596470229885,214.2225554787207,4,80.35716521746039,770.4132388924778,19429.481302889642,909.0835805646644,906.591184283913,87.69679142631298,934.3903081396302,12913.028805660746,162.4532434695352,688.7842033364269,0.2900290386542204,9.996771549006093,5.821055622065174,0,yes
289.6300170240371,342.0101695895579,294.9134994384731,299.1455933750675,4,74.04944626100784,680.3804409146375,15154.223634859107,917.9134786414305,952.5101758321822,37.91467560151284,975.5731569657655,14328.195812654349,444.2513501465469,647.4711920361074,0.317419651202605,7.8404767795455514,6.510351686799404,0,yes
279.25244391032265,166.93744501589305,176.58898263749177,209.0677948045918,4,25.07070216543201,875.7502544884956,15723.544549557026,913.5362668570447,319.6087638684948,629.7746157926754,862.6431629641027,11403.280705055993,799.7514652272936,733.967381986615,0.19823907942369784,8.16801899185663,5.443144602949746,0,yes
208.0690284126082,320.3785396995939,277.58080125220954,224.59757497574347,4,63.17105200939799,774.6200283258077,17140.535105726605,958.7273712734599,926.1385665836481,43.91199384933725,802.174078140208,12246.943993841913,854.4594237588923,748.5406687679757,0.27871047107413,8.860041518346824,5.783088119539083,0,yes
223.70334019146594,359.8004991029115,350.50193270665613,255.62269007992822,1,75.31581445430601,851.3290947378407,19570.605654399704,953.016687805702,100.7885829167387,861.8255655858445,703.0527495774503,10366.420491428344,468.44628145073057,700.5361140624353,0.3067691189435717,10.091452576264528,4.829442498197272,0,yes
239.31821701774413,291.7640016478691,391.3667001249659,275.12065727261506,4,91.3354806645171,607.7097508817681,15196.824814109827,975.2734150254889,916.7987550581337,16.155955633813164,890.957201819446,11823.841111987194,117.37118242634548,688.8785075130968,0.30761418576377353,7.853801322305361,5.341527340477602,0,yes
229.55064164383532,163.81707869673303,295.76782978653637,282.12292216871333,4,82.34117474366965,913.1204225016187,17506.733207770754,934.0447578846674,639.1961612348898,266.8203594747582,901.4691612415361,10850.655916970958,395.1903863327476,748.9157535285614,0.23635088251969488,9.070899317559626,5.071844665799699,0,yes
230.01244410342878,342.11484309805377,107.89265089022693,226.4119717089156,0,39.27051250442215,784.6638426482782,19938.478394859558,977.6499139128196,225.0420131517238,744.809199052458,916.7293580888035,11636.690572295298,293.4467820350392,780.0550096679216,0.23759662038915888,10.263860353328022,5.364573917406304,0,yes
242.58306392156754,371.8962293190845,115.14845118394027,273.19954148771194,0,68.8935705953388,732.7228705341504,15841.066829448768,996.2552434620823,506.96183569453257,476.92296035953296,920.5814365173678,14302.994145021714,492.1310634637096,750.3206466842432,0.26562990405245385,8.206211603717186,6.510089423718939,0,yes
212.28469736439797,306.2699150216765,195.613538873658,237.16504121498562,1,51.92464559457307,873.4370114999253,18785.95999151649,973.6433603551984,7.8231274827067505,988.2128169189922,922.7472493159371,11092.256593766699,539.0741006872877,662.7937304594207,0.24630540639723428,9.70696198342969,5.235562630470448,0,yes
283.33162998769376,342.2826004642095,302.9084357035439,231.91830420610052,1,60.99287122752497,734.6279677348313,17785.072869418706,912.8257020739371,666.5611156600817,271.9250293330156,757.2399416611131,12029.2721848571,538.6149506784984,620.2689578465383,0.2912427497939376,9.167148346022087,5.530471928948079,0,yes
239.194368960462,382.3950129448045,178.05239180796198,206.1340244990422,0,63.20922475988578,752.4179629472113,19995.6555443603,967.6868028170967,373.65007328088507,532.6869832351729,991.766780034876,10380.895933493077,119.42505197491941,697.3139891071553,0.2678541942654276,10.283909181270118,4.802966164639513,0,yes
209.84436163354755,317.84836083968537,195.28572461513994,248.57950107010362,0,83.64885173817038,730.0709521476902,17615.282654542392,908.2974340599338,482.9663881438037,504.37090025389324,772.6499868875092,10712.406133162265,304.80111943753155,694.2299494649542,0.2528345228137978,9.080628192476947,4.932803387216737,0,yes
215.4338381355127,387.4568795821793,154.49312119853977,272.70964446617245,1,45.88236309472582,691.9063949140058,15341.461245910992,973.2294657049273,148.36963240219,834.1415742789447,859.8446336874491,11051.851423715663,888.1925221796,621.8512394390168,0.27730307868282383,7.944228156066897,5.326651578223158,0,yes
253.22606073421395,220.07326554760482,322.5749005751636,209.1088410317367,4,45.93143119808225,813.949252840651,17404.241381351312,982.1538160993612,230.00249312150896,746.6476058167973,902.8778505175063,11720.3592440511,846.3351685893756,678.0159304097326,0.24802699423320393,9.003902232208112,5.601074816729197,0,yes
277.5542395063133,104.49704951999196,335.93493200166506,225.86673504843515,1,56.73332992567531,973.8083157164572,17741.493668739757,973.2589894046733,313.5589417187111,636.50181891433,734.0648319019666,13172.177497124669,643.2668145917091,665.7583567041363,0.20025638866147108,9.20757406543614,6.027771416753858,0,yes
265.60278686527437,354.5666619817703,365.4756017342518,259.9069207966642,1,62.55719095367724,668.1742198127356,19876.27827983607,977.8877949375328,811.5576991785912,166.94286771676946,904.4347821630715,11666.25868616805,819.0894003207532,754.013249426889,0.3122196584679459,10.207076244845874,5.57946565020705,0,yes
201.2633712512457,267.5757847828213,119.89197045611294,212.37966331511626,0,62.46852453653918,840.2022742434522,16122.247810006342,996.3548860626754,37.17307782476555,952.109655129438,701.006080713032,10560.130280757983,604.5125000754217,764.0410732743788,0.20666093414394018,8.37076116044797,4.972639737338847,0,yes
234.27270710827003,169.26981721420225,310.6830413184671,272.2669538687836,4,53.22596196968828,955.2967670146306,15651.251859411183,913.0595708440192,956.3870279140081,13.991011355167643,769.7626258009417,13498.153643229401,108.26506986666632,671.8611552571067,0.2364799692176209,8.14992685358083,5.962042424549198,0,yes
251.51782594715442,299.83328785386993,175.6467882644566,260.56457238668196,0,30.741245796209586,606.6134337592083,15476.977988700713,930.3415120393256,53.34259533538896,865.5287468126121,753.974165630174,12961.003861295818,752.4926053998046,781.384956979666,0.24271137324653969,7.987455553978192,6.005987876879183,0,yes
207.66002301115796,354.7234898527755,152.28076808818307,240.0105617211222,4,79.02307892920454,672.9895812481373,17268.491100244384,905.2566320685823,377.1840900945576,620.8647200406303,809.2702889036449,13951.238486939434,857.2074424764571,701.9614040272023,0.2724124476188478,8.894262020841396,6.466452761379007,0,yes
213.46061247781546,122.22467108592248,128.23280730574206,205.8751485927789,4,37.25494611158961,633.333144715914,16377.534355415257,926.3205802046382,17.91378925303083,911.4648472381474,850.2408843437739,11420.905560102525,398.9123037475379,786.7241677219727,0.163257802835386,8.442996895757647,5.289174726104289,0,yes
247.17028922119619,161.24512501135555,222.34226185656024,274.7224893591865,1,80.59506254017838,619.2895405860825,19229.38534146411,992.0520207488408,102.40293872393875,845.8593237184432,838.852124104938,13173.380650469871,779.7933873190374,730.5480957379842,0.2091639525406876,9.874922596664206,6.133077505831217,0,yes
274.4927786743233,195.46267910395704,203.76405744618302,215.30337494630874,0,43.15187566594142,872.4095107456769,15328.863394308995,911.8670627660783,4.525329077986959,987.8759472621886,854.3717197579751,11906.971738334309,327.49600691058413,706.7579788818043,0.20200105289229708,7.969695205169032,5.454751468829801,0,yes
204.15917153306543,256.8684857350608,354.79330000661946,238.3477060151417,0,88.23804717647083,870.2166985885185,18228.30906897717,906.5516914067207,408.30153391386574,562.1173787189273,864.8348408071138,14081.18428484027,569.7906085339754,765.4366152798082,0.2581573927077783,9.418197020605904,6.430279855610325,0,yes
240.87597863414862,320.5097626462943,350.7118664425931,207.05615661772973,0,57.31610818086155,897.8631356833553,16457.660977967615,984.0994564044552,45.191530337798866,926.1822614877543,912.4983543301486,14640.139554887892,451.23430540485094,707.5586197681353,0.27728812246798834,8.549792206903705,6.617959622143207,0,yes
224.856142999799,328.9063202541851,227.80256685076114,230.8405667793531,4,55.51178955000954,742.2401002438914,15408.664037252005,982.0815221372349,850.0456882733599,116.07163205822872,709.5022323307485,14471.002070355298,678.8779890725256,626.7356777769422,0.27457103012539064,7.990149598833781,6.548821223075849,0,yes
226.2090870932317,143.22144786874782,113.9928960297537,287.60728875767336,1,58.332375633646116,771.5794301800278,17030.31989563563,984.4822530531899,835.3501052209333,91.69711895134981,946.2703281183088,11831.15076610026,565.6546281899177,621.2427447194242,0.17741392244334978,8.807815788865748,5.536210209889546,0,yes
262.9343118362559,138.8848340679953,108.88257988405701,252.39175326728397,4,97.65089686091693,757.9860759523787,16137.543206033572,954.6697863799212,492.59325263757756,487.70929698129027,848.0564551391158,13015.635601013972,584.377218494306,678.3321435632661,0.18920048090322705,8.354292903170352,5.993020454670682,0,yes
293.9686419972292,233.8194358683785,282.21619761471425,243.59440695887116,4,54.810933826251784,776.7806941975539,16647.702201353342,961.5646332796179,262.47023057663574,680.903890584588,707.2715151212993,13253.28351654776,684.6992086975329,686.7359510340523,0.2586248944495534,8.614496625328783,6.0679090325588385,0,yes
203.82459878699706,324.86165052202705,295.7955236378657,268.56009457051306,0,62.86718930129616,950.7349613571512,18495.52009637374,943.3373776919287,140.99781128156016,807.9528059951622,992.7198950403141,11600.309871799875,289.7343821737741,646.5639339148763,0.27636535448602967,9.575162171953384,5.3584032039638325,0,yes
218.74994777957164,329.15979441558767,172.87302370890967,273.63685049925493,0,74.98648099127851,680.1576701709587,19928.22888353098,929.8674195546921,764.3434112333965,208.7156491527203,831.3041461176306,10097.359533247907,263.88784921040565,728.8175947833631,0.2579230008472735,10.229066740365486,4.6964764206176195,0,yes
275.2408795955823,358.4477434960475,115.35979715925335,214.96914296956433,0,56.19943426331916,941.4684439246005,17187.599485957944,984.5823550822756,95.79600330140623,804.9822318550134,866.7326861566153,11621.027534556331,809.5286620642444,765.4220472404328,0.25118210008180997,8.924768088150028,5.533315953645947,0,yes
290.56837938669344,367.78284394569175,115.70814712662907,256.8876475310555,1,83.18174719537089,873.3320363253738,18462.046067048548,998.2408007249935,948.8801266604441,19.897119531621456,777.8080496085929,12424.66988034366,825.7535952356767,691.7668651483056,0.27270326415543145,9.54838892692367,5.825261261500654,0,yes
232.56971748341027,181.18567409653448,200.60325581297514,286.6949687036115,4,51.99710322793319,618.1952771979586,16621.228108819305,945.1896799219019,254.6385511080302,719.1054546254618,981.3232046343784,10978.441577207614,572.6274124602262,739.8574655786088,0.22174633375889877,8.564136042690837,5.233971187887262,0,yes
290.4592235267548,386.9083706450624,319.96553631390736,294.35660633728423,4,95.56327250890948,645.2996104319956,16273.751376351021,981.0680486755115,872.8053024825142,58.809385258588804,841.0572871126062,10649.542476103428,342.0616672172059,688.3600550702057,0.3422420501471303,8.401252061927549,4.941472111228092,0,yes
251.8217784108055,207.00598215090616,114.96518556678696,228.8509085462614,4,84.15770021653087,635.7972415801898,18756.720402500232,986.1649922134416,751.6193290545307,226.72562695536953,914.7517253633806,10256.378147427753,652.0409946188828,686.4328478820973,0.20985468759754694,9.641369359245004,4.943856475312178,0,yes
265.5424703696236,352.8266836651753,340.37786668117326,224.4272344268516,4,77.79660030883018,937.7202260760505,18289.872707751623,948.0081589930276,389.6586047216216,553.6356171393178,827.3794990181974,11085.275157967053,858.3975936033811,696.1996423350678,0.31331652570209784,9.46999997490559,5.319464437060887,0,yes
212.42570326010744,135.06064697304942,363.42655449899934,266.15895513479734,4,72.14838507650549,991.2935754531446,17780.108425641705,983.8040258275762,123.36882701624783,792.7098757509077,984.2085374690084,13153.954532269428,714.1676588802651,725.2512401240064,0.23174324767749094,9.232374610768355,6.1520856155104955,0,yes
203.8115633063764,144.0788907430019,246.99369269492007,230.83667223239473,0,73.28849388321976,795.3101348393534,19509.164141280664,989.6363504156021,628.241219037513,278.43473194515286,831.2992299192225,14766.043611896945,675.5141845648199,784.549577697995,0.18805573523071722,10.05323594567164,6.726899395865641,0,yes
207.2200856074071,321.98415918430464,399.29565217015136,215.7356518941408,4,54.40951527109953,685.4712067444628,16022.398109339172,941.1723722250896,735.1827837433447,256.89970477138706,924.3642364897356,10198.844167013196,516.5556877436129,709.1386900834902,0.300714784334044,8.278867804270547,4.875391569439025,0,yes
298.4387472716715,155.6590497217187,158.34313557493587,242.2056968326993,0,78.66209137014799,696.8561040300924,16095.607073495341,936.3729637033716,212.67970212213942,772.014424231013,794.3906719274293,11414.535671346961,276.1048713600594,695.6444400640158,0.18987356480585652,8.317314019231274,5.21069329992141,0,yes
286.4598631163648,231.21383035651252,142.96222517927487,244.15276973009517,4,52.95174660899122,883.5200895802251,19758.382334698752,987.4532146883743,953.0148274624602,4.7238418675203775,782.6182680353895,12083.38004296165,773.8813852221108,682.1504864012431,0.2286583622673889,10.197365421138402,5.667131661598103,0,yes
235.73071874533665,166.600876342353,333.48389196662845,287.5764606416859,1,78.09001987753318,669.3819068081655,18229.166117680412,998.635265259017,3.7852896854883538,932.7358229886462,978.5756358155256,14546.150190049004,385.6405875191977,746.1179309822003,0.23434454115215198,9.386660214627343,6.58086662284361,0,yes
201.8540827403655,303.1119825797096,368.6416843224518,227.43102125553946,1,89.86947375114282,923.5911181618933,15389.530805746463,966.6849199690854,664.1659168742812,240.1301624700269,702.5587074942532,11029.009559289876,526.6223768785876,683.4961818311689,0.2811554556081571,8.01917450902664,5.107308200269,0,yes
299.58411229848616,313.94075254429526,366.3474321333635,267.096424968565,0,68.90999570792354,975.9564266908096,16189.321581855258,964.8719978288133,569.102183859608,378.14926867055044,988.4115324777885,12609.623928502868,187.40711709204118,647.3106686345757,0.29868431509234983,8.430824914543866,5.719338752446764,0,yes
243.44863834521712,396.03537091903553,164.51902169229214,262.3777702529409,1,57.4491924722798,699.1342084218809,17510.86018362407,949.9235892775025,546.5679451385475,367.31866092631094,749.3793573935997,14874.850329773692,255.78484464145825,777.9668142215617,0.28566601720572693,9.027302924771234,6.569867736368951,0,yes
252.0867986345007,231.11545294511157,204.1322928422753,240.15126569258945,4,40.12967011970245,856.4407724818651,16630.484550269008,924.111450238004,413.0522376026787,571.0718784732479,854.1868316151651,13958.233374907144,629.1309245860897,672.9177402177071,0.23409055864857997,8.618576080969433,6.390230231023497,0,yes
272.62198405798347,173.9176278824205,392.12947250316535,279.91445917557166,0,22.533146507852038,757.2257575705275,16109.509781609459,921.2684581480647,942.4554050422755,12.889515458474989,861.4831419293844,11193.512852718033,488.53839633835827,634.4849632130862,0.2411501855154858,8.335523543832723,5.222010195868739,0,yes
233.71129638749656,366.5939519435867,173.01790696735475,201.45262458367685,4,24.012092219930842,706.3483473659358,17990.085231975485,984.3802104449295,962.9644785165433,36.79733031336218,776.0651100977725,12515.58822995705,156.92376509690405,674.6199924551597,0.2699711094543824,9.273258174840715,5.595433410875436,0,yes
258.5042266039396,241.7311136229069,233.00186012547255,225.784933171321,0,60.69977696963464,962.9566436731859,15721.318322741621,988.4558094390077,290.5120291672494,617.3028845347912,743.2648418919299,11602.447860924518,635.0023851949104,772.882892350924,0.22863469115126775,8.197092727145474,5.408640585699515,0,yes
264.0775900119563,379.6450732426607,208.77084534952812,216.5680989693904,0,77.43261711533322,756.802385567913,19932.778441687038,912.5875374171717,428.36025611640804,497.30933058366617,996.0462313170931,11036.428196807616,528.1510157519533,621.5620118516766,0.2799195212605543,10.245877340994738,5.223083136679536,0,yes
247.73350643651128,254.8589454845543,179.81480389795564,271.8386764334962,4,81.82105784127079,654.1175717654777,16673.270044865087,920.1187503834414,700.8818474644539,277.6492533197253,805.0253609907708,10396.146162542304,856.5355005697792,696.358789489442,0.24975259540719363,8.594552074378015,5.039004768804372,0,yes
210.738556615625,100.02148236078675,269.5240323102812,275.0478586610299,4,80.95934997273955,861.946810485346,19899.17383439056,908.1023084512893,770.5575550441235,177.76380135735008,716.5114240447871,14245.62985564892,544.6398236572272,611.1431362156763,0.20161976536866785,10.251974117485076,6.403293937859605,0,yes
241.58402052009558,309.8095404996097,325.565704217213,285.9741820955274,1,78.59618011974376,654.428072170972,17952.170634864462,966.9113609703417,665.93880161532,285.12722313585607,961.9501750950949,10997.732354119538,355.9034997816089,668.7614864149446,0.2905272562796397,9.240498984400281,5.1347349329642205,0,yes
242.49571100290257,378.4960865756516,268.09675231861206,298.5908519974106,0,69.19309183885277,949.5757096774868,19662.615315064657,988.5155468786602,350.0097834073954,611.3847269506521,853.4041266946792,12233.424021860768,399.0473592182185,683.0109303282518,0.30396438487740784,10.164678035012821,5.606147063140153,0,yes
229.1198645761118,391.0306217499525,190.59995043594324,292.8815712508357,0,41.59446089703812,750.1628436346522,16225.898803000628,949.5734759700525,422.82587812369786,534.0128530829396,857.2820221358679,14165.3674557194,275.7026164744468,717.5558979109906,0.2871776444835121,8.396035378665317,6.3350680862462685,0,yes
274.9945144471561,295.4763080368135,152.0377531583954,290.7962260674463,4,78.21217283401019,741.3926251162584,17996.78892007247,968.6190282816181,895.4902622120526,24.992304928521662,930.3396631325061,13225.618382334196,356.87901743924095,730.060036191584,0.26723078894839825,9.282163457763883,6.0175272973525855,0,yes
265.8870845838934,185.2310973917995,392.6536638407403,260.45091415115854,0,81.57433950387552,705.0800269656523,16950.506913637673,950.4859910170983,643.6226157390424,321.58287444180405,974.1813152755283,11720.627179172789,472.2984353192814,750.466415447497,0.24845681764220712,8.748511552147116,5.488087048629648,0,yes
207.34582273358225,371.58427483548104,165.55967180322813,278.11586365849877,4,73.16260059319401,771.5342021483865,15169.87118644247,943.0794863647895,727.5766014022652,216.61073068738995,742.8665668805472,11800.515934210238,395.3295644302825,660.5448182659567,0.28865708025588277,7.871870736823902,5.381960671088781,0,yes
229.7435129851631,179.75827241133152,386.3805544086665,296.72504700652274,0,30.78752656761428,829.4550067135049,15803.56246280256,994.4966749119667,684.9507022089388,296.5813258436217,894.630866949469,14079.653647347803,860.4959446698081,782.2459356595614,0.24131408293528564,8.20874744449467,6.561646898871921,0,yes
251.02455660317148,265.2915007360218,338.8813224931557,211.3401867213363,4,34.34348904404168,663.5186389584208,18770.447295985738,962.2476263041525,49.39831474810344,882.9254276763775,816.14567575768,10000.959838144807,161.70142706192516,761.2890770424078,0.26808703278991186,9.6509818747914,4.609684658562286,0,yes
206.6261493115555,258.0331224221371,367.708335339033,210.30598105712394,0,40.97046576981097,850.234744004046,16881.34394473577,932.2974599001923,661.8081057025106,282.47397022682344,986.346282248179,12716.349350636574,174.82335905866435,785.465698020513,0.24996683714772566,8.74372927632758,5.774035529311879,0,yes
243.5852147642123,196.00816867572638,225.28332533210823,213.03384933011512,1,68.41165195183375,884.4918103454568,17338.936050144937,925.0687250161357,175.40264494475647,762.5321864552429,918.2927756718454,11212.177460574832,406.2716596981512,748.5895854174782,0.2093345996252557,8.979270141245042,5.231939175010367,0,yes
255.33705539592944,259.4445568068239,196.88972308017975,243.54969106192078,4,88.28307086684578,715.2415391207011,16746.063432685514,935.4813786192296,252.38589250325074,652.2738199238457,957.5870128542426,13176.966949361355,644.1276445573579,687.9256602733917,0.25111812961000435,8.64646638027715,6.116137455256127,0,yes
247.27831664044777,116.82497751846338,398.38928110568577,273.54179616036095,0,47.76922918674668,856.9647163045036,19543.58437376066,979.0945607784571,740.4068096019259,190.39510146512907,706.6493917645664,13254.179891630733,105.24146942273171,608.7879400995794,0.2182560860703462,10.082809966434048,5.824297597485395,0,yes
236.80396973849633,259.79565207208594,237.3146687312222,235.5964606680658,4,64.1120766186336,913.5685730656023,18511.75332510124,949.6375731685066,862.7112999851568,67.21020721246077,948.0982164815535,11615.425655388648,440.67146711482553,722.8074169753278,0.25237082161000096,9.575652948340359,5.414402319473954,0,yes
276.72705313314816,307.2556112723779,249.7159388334253,219.8335772086126,4,31.700318242956975,871.3055090193461,18498.155239491498,979.6882476466903,765.4640794499975,187.26933709469256,944.2577819891812,13558.404935960012,636.2533495017642,709.5324882764514,0.27165827953812216,9.56341377933823,6.269667773005268,0,yes
247.24106912708407,114.28120003404969,277.72847866132804,269.31862094530305,0,38.84319106206148,946.7892475919871,16074.975551517735,952.7963934718441,643.5543611229762,321.23989736427586,789.3651017916709,12885.7180124076,229.6033468365252,741.5962346518996,0.19113518311405084,8.365286183734906,5.78188392415543,0,yes
269.05356091253236,261.4889566987594,146.97516624775255,258.307158256132,4,63.75464040792805,791.5309888968029,16574.13829600166,906.0909120857176,314.85774734859916,648.8746296587287,951.9445972554945,12123.044643698813,659.0947286218021,699.2334398272562,0.24355578202935788,8.573391880294693,5.707890616927469,0,yes
279.7582286953891,357.06075528117896,160.37162313638942,271.59866235202026,1,57.61243027316696,732.8994859966753,18713.90457605906,991.5446804490762,895.381064908796,54.27585194631433,894.9114570206245,14297.506666435642,372.4092786896653,746.8863788103644,0.2757051962052386,9.642015870602386,6.4445576164385105,0,yes
217.12800339885217,250.76789439739449,171.22303575005435,289.8823711514742,0,33.92311045227488,848.1954665858798,17480.34397995724,957.7012424753758,113.02728860099393,827.8167492090263,815.1032629952483,12777.52733690974,669.5438119667425,768.2850030300845,0.22411881189289698,9.046261406820431,5.925132563281951,0,yes
238.4790289821619,156.92852075927283,341.6139876143074,294.54646516564304,1,22.321915153759242,725.6724963620826,17170.646260667967,918.5138187491955,519.5295993543441,442.12276479890875,717.1549753068484,14444.945635895681,360.1100791403076,691.4177723458123,0.2268329553091389,8.858734516397481,6.4218239335114475,0,yes
218.5554379023147,118.76911117701665,218.0391224727709,284.59344190693105,1,48.881764053616465,750.5382729699545,18838.453569443653,990.9311498093447,757.0168062986028,169.32640760075242,747.1516535805996,12017.654868259055,775.4594695239359,777.1837011857734,0.18568503094415842,9.708107630665099,5.635567585662827,0,yes
218.38332267172265,277.50768633756525,356.37698904364794,288.10835531610815,1,68.6284066787446,800.8184279061342,15923.314305317293,930.2691830322319,357.0120400166463,639.2927411182869,795.3294247443554,11060.880121124908,645.2400111964016,629.0756641782518,0.28001157607947913,8.253357873253766,5.21013202676809,0,yes
206.85327040103343,280.63044017538675,337.62791340441146,282.93155086439475,0,61.93096560403915,785.2834585605996,16085.449282419067,916.5988950571849,113.84109627942159,814.685270689017,914.4405784518732,11961.991569875006,358.52696469605087,776.026743918585,0.27017812734436963,8.329090137208437,5.513589454228378,0,yes
255.15817132644608,284.06818129482843,186.50851562567354,245.71794849554914,0,28.917413403755248,735.1907804874278,18340.64890296728,938.8838135374198,253.93825194253796,736.9124480409092,926.6497670006804,12034.943518524282,459.9253643468352,615.9615451020769,0.23583951096471914,9.448628782061679,5.57569027040478,0,yes
210.5714892715949,281.17450327606406,321.6848372707784,294.4642963947928,1,38.92739315168615,947.4711815541557,16408.056320348776,912.6555342087707,403.66911391721294,510.303303188908,915.1976063755727,12064.461362143446,440.3736588115434,789.2912558681784,0.27109149383682457,8.52647930933749,5.587399627362763,0,yes
200.73736103211115,302.86667462566857,296.15218953956236,220.50231117573554,1,22.79100888357167,832.2556826646871,15013.092342135827,932.9211253967626,408.1604045425767,508.94188528237004,717.6763266971116,12919.461515822142,872.3671239430543,749.5498325615465,0.2566005161281081,7.805647681630117,6.018318607602936,0,yes
255.91341759236354,266.7105985333397,161.54538451882792,240.03920497214557,0,41.09213906640892,834.3393608262845,18588.593148778124,902.8532447760584,19.130488103111837,958.9945538153049,798.3483165590853,12843.61583894295,687.1000811122633,661.2836267043643,0.2243937323160922,9.589754875150955,5.942877063246011,0,yes
284.91683876312806,149.32509857457794,209.27047720044436,228.27326084202247,0,71.9443428268919,750.4729733015486,16624.179660929392,918.472949135894,146.6908146427383,795.291073475548,899.9439564995371,13496.165323328125,229.21785083511415,796.1161327864588,0.19218075160923362,8.590979448925,6.074267296605472,0,yes
274.21338287332736,159.11574269207682,366.66559012288855,279.0144105147251,4,51.133131873109996,749.7995514113289,16770.60309083438,955.2728559053951,648.7339374021681,276.2581797327001,992.8220730158355,11398.785054487433,767.3530153918196,758.8963573052599,0.24975259472693442,8.669091406236026,5.4804230297946726,0,yes
226.93849173813553,372.9240459291685,122.66308761222894,231.8224918930261,0,76.11259473537334,860.6292547425519,18591.721713890427,948.1288757782495,602.2408933918766,392.90822805445305,757.0580380447498,13619.481701450717,861.3647044194863,660.903553905325,0.25819949712252543,9.603433937944883,6.30872203541009,0,yes
259.9837092285721,142.14031834718747,126.29695935445208,262.4611165115383,1,96.38357192169234,660.5497090010319,15847.125508739151,984.7056149926844,760.6228724910872,174.2650679580281,744.7971845919938,11679.477030446767,744.8875018701931,707.3062508152051,0.18346672173432704,8.19177497900024,5.479020097578756,0,yes
273.9096484659162,273.77109487593566,215.96196655082656,252.01056280096043,0,47.16812872364745,706.4785330806858,19469.23438555583,933.5736958223242,725.5158877091975,202.532344996863,898.3231288312304,10441.556629532684,747.7053736668963,685.5890080557374,0.24353641273165372,10.005860232592632,5.042587932213839,0,yes
249.9448595675164,157.16113258263078,312.5762371048545,223.9771415847485,1,87.79611641029318,812.8612413320425,16528.266505569678,983.740894239732,84.48987497433266,872.3928349638347,901.5971833585921,13129.242269016626,288.98326228867836,618.6450435197852,0.21668442344969793,8.56589110307903,5.930667640183551,0,yes
278.1517290125242,157.82379873550306,369.1166147295637,287.64232751611985,4,74.39305371442808,977.0793259727513,16116.34988527895,927.4487931164247,379.5095855436349,613.0616569477944,796.6866040403382,14921.448426908752,363.9486443977489,707.2251868571176,0.2548743349435193,8.38945376400783,6.652134435785071,0,yes
222.94251545805736,136.3265065299828,176.14992094437378,276.8155494978279,1,40.90897696103866,946.1238144573891,17554.608773070628,975.8546248648508,437.96042489457136,559.0326686306635,941.3143712770071,13000.912499146874,870.8548445104126,646.2991264912179,0.182326436947179,9.10813104156641,6.13713406576755,0,yes
245.56361862292846,208.15967463900478,181.64087785754913,211.55644965981915,0,45.7874426680241,663.8272853724076,16804.402437418612,948.3369641577949,181.88537914239987,723.7021144315536,838.9644426742288,12008.050487705443,432.7200800996036,789.9328507017595,0.19857735066403653,8.66611150710207,5.530221706368707,0,yes
240.45074059575887,231.5778905289918,363.16237672860393,209.80365144049813,1,62.549811332466554,788.73807548149,18189.358359840655,995.0284211652419,320.8005365794428,604.9190124045227,813.9942954751876,14267.705628023963,686.6201150337536,616.3983925285881,0.24935915091810282,9.392615697202757,6.5054937668678425,0,yes
231.55811990801476,373.43926440063433,397.19097206419985,288.8272350328092,1,22.464293429700845,859.626588054432,19485.262329490128,950.8834190953485,271.83521362046923,649.5624768537193,748.0751033537392,12099.891202766852,659.0255131959954,719.2008700403969,0.322552230500281,10.050357005841132,5.61387654640966,0,yes
226.24617093742089,374.3916433637185,245.6439449718044,274.514866476546,1,60.09330792488336,845.9104573960734,16668.49649005598,947.3259049693612,337.5563257506788,600.2058603840471,708.0333353691032,13685.778228031539,621.8283593987449,710.1140311428345,0.2938197715609753,8.638395639655515,6.218376637972055,0,yes
207.07316385854799,330.6794294952893,154.9723731348354,226.0122989019692,0,73.79335679559102,653.4440134483493,19601.700713694572,920.7165617754353,620.2145092894144,295.6488730382222,815.7327823315236,12958.628949368262,336.02434446830597,661.9244037277974,0.24380186591852646,10.058701988378992,5.846930002667835,0,yes
279.54024790324127,325.34009904574856,287.95305491300917,228.10809407796418,4,20.197083639263695,770.9267451487096,16105.49011276724,912.2439539009667,186.91366848749692,783.6156401204431,846.0609784788534,14546.38609069219,744.8855178671897,611.2942649470149,0.2871049938894797,8.335321571588125,6.658594712121435,0,yes
291.01631167781045,397.34294566900456,340.95741669622623,287.72229741934683,4,53.81835584590114,977.7875575301125,16425.69928743078,901.6500562735381,317.93227679938883,669.9767578328135,966.5820792003733,14246.97443841043,833.346569143459,603.0822444883628,0.34410920181718296,8.540766652327658,6.623756949459502,0,yes
201.14368402115593,211.70442745140312,104.53979838915055,208.28596600020833,0,78.97229621439644,922.2107269222051,15775.552153488996,996.2209092762545,380.7692748545193,581.5493823579709,764.9238751965063,14000.880570549465,222.77583616175454,714.7074522138524,0.18248307056930832,8.215958470470879,6.211537873880149,0,yes
273.26824391659545,121.07048840621312,111.87658969256312,224.4281753076896,0,73.60096486001333,888.9609015048977,15591.581214841055,959.558682153791,8.552606542208279,957.0697428054127,861.4263069964745,12227.999781005412,248.56773972543368,634.6340717167526,0.15936428054699667,8.111342670099424,5.541230089640073,0,yes
265.75768429692346,119.1809367136916,100.48123432020016,286.02614042101806,4,87.99048995918474,611.5536329903617,19573.56352344244,984.5705218864371,337.5157038079464,616.609676803125,996.2903174891422,12221.783983963422,838.622619633587,606.60539233322,0.1855077876573353,10.044292429920764,5.8234672234842675,0,yes
206.33557492593394,276.2912751292114,123.77400003548271,242.93005653557606,4,83.76070887345186,646.0615711984045,15569.07118562521,912.6463589193611,571.8420204364257,365.26121543458373,922.6230878681107,14088.464756895206,887.3280310679644,615.1483003960057,0.23635070386293008,8.039671672828696,6.558929329686613,0,yes
267.8431810061617,134.0699451432303,310.8114457346893,203.25505815897966,0,31.1054198093397,770.9972939586187,15427.30776605085,985.7042712319562,983.7683400312941,10.990387229960902,943.7926462011995,11405.571140937971,627.4963128532974,657.1158438779732,0.1940880563536497,8.006349617192154,5.403753138835174,0,yes
286.22193547117996,355.9966878041869,253.35517804031753,291.02515600888853,0,70.59554927166275,744.1937330297513,17112.64675283597,986.6656773519493,861.7602771871589,55.63455157398698,994.5613469289267,11804.422286235047,770.0099844417696,731.3852981422469,0.2962124575159898,8.843208134520918,5.639743309811717,0,yes
214.57197421220025,253.52342067670753,355.80813847984575,274.0575193336846,0,63.99950134474676,689.7203520887567,19371.461293420834,951.2450400436715,249.33271401510663,659.575150744846,990.3175722922679,12492.39067492079,357.2821258897982,798.6421572389271,0.2624308241805828,9.955716741672495,5.755942445470112,0,yes
250.0987589717941,222.52013606853683,231.9562470002709,275.24435958915797,0,62.94335265006046,894.7520762183524,15291.463608072636,990.2271931964436,887.6291403805296,27.355952046414018,994.4450226140642,12150.017048082671,683.336814063872,770.6149583766369,0.22985207187692772,7.966836537375459,5.748150808445844,0,yes
281.81258479063416,349.7711190408302,304.22596015651584,284.82786954412364,0,86.57811815668614,700.81630981025,15822.751559553559,970.8538049966023,443.2031792795787,501.9680020804453,797.4629245700775,11151.440322306153,784.0227348489952,748.9130717365176,0.30410805658595735,8.18650344072868,5.311449588344938,0,yes
220.7770581882852,181.78872159982163,148.73893702477744,259.23522758022983,4,28.619868549347753,614.3904225255443,19786.230263962287,941.7901635386063,74.39979441017091,883.2684074763305,910.2195370168155,11413.348326892463,635.3196271138958,774.7949644917416,0.20169513511720244,10.145342557285494,5.406999823640187,0,yes
227.67129308028314,318.5607658344843,231.4242098015957,211.99163247234875,4,24.8848342275587,997.8131021615723,15269.405299840448,906.4701026248287,675.206895126453,305.7389914213395,744.2120916475842,10819.57448134208,210.00911172714183,687.1512765815605,0.26389356552660825,7.9679024648447845,4.924560885543772,0,yes
238.22193067230566,309.9753430622924,115.22447608344528,257.78113648081086,4,77.25071921349462,707.4131924828465,19477.187332155107,915.514798386718,575.8536333540995,366.6947814707262,755.8313428395636,10927.65443360972,845.458489527717,756.0814935819507,0.25429264387104555,10.007570330060092,5.230449640306469,0,yes
296.9889284564567,121.91084833804277,150.68146777874097,261.09546836909635,0,33.40475324283653,740.6629121869197,18263.497523055623,904.1096374069517,488.6795470363212,455.99054352676353,813.8276814026451,14942.60996654837,374.9254232327031,718.5080884487621,0.1727470488126358,9.406505423476357,6.666724307628525,0,yes
290.6839996858123,177.67364704235717,250.0835686450523,266.7971018611956,4,87.99612362958419,788.9571799272859,16719.729634670854,949.2433259923803,608.1447020708233,332.80706244042665,878.0793024040006,13583.016537058664,638.9899259358594,668.3999887200374,0.23813664175291377,8.651524626487578,6.247097119261806,0,yes
257.4689346372303,223.91297356287325,285.3719548960689,281.8456068344235,4,87.296073425795,885.4771660585541,18026.56191793538,959.4493870219611,201.1880508767506,727.9742103674108,962.012120813713,10909.198009051803,112.4523440980509,748.6903214639144,0.26240664735986063,9.328028572451311,5.009517860216198,0,yes
259.11942764886095,219.72785458160644,231.44781095870445,251.3219128828677,4,55.36484965439543,904.092648746943,15484.055324376128,965.3155801818208,483.7296646583467,418.60482083285535,810.8819348648645,14416.682604406291,689.5652147224295,753.0531397936293,0.24003716565823835,8.061808062995505,6.579818213468643,0,yes
211.3575728382048,349.51848739700245,352.58869864923497,288.3618299768878,0,59.32648805303583,781.6818815387103,17613.640324311757,978.9984467408278,851.6303324298462,129.91384465131864,713.4535836874425,10807.67495533561,503.10211157990966,666.0027998143817,0.3020526291838524,9.100963924868882,5.022036292517662,0,yes
247.2901217434699,190.63179733405912,294.0850286173488,235.9412706334652,0,98.0326148121865,944.1305989746456,19009.05794430665,918.7500328735704,282.57065078476825,636.0185943900563,921.9219627627095,13316.643862650559,324.1547235882358,677.7337411079259,0.22571907990515452,9.827047781008973,6.030313730112838,0,yes
221.06811358145399,234.24272136666613,295.88313899454636,236.84078737493803,1,94.04892498862216,980.4444035537917,15254.250660354544,918.9784655949429,719.8793749859242,181.47391501476955,795.1255127993894,10927.065846636164,607.1122625445121,701.8585409808579,0.24388884037205574,7.958020779729178,5.137772473239042,0,yes
279.8746498047803,342.3945029467817,251.20540713971496,243.46837631551892,0,60.510764958231064,665.776515109623,19954.075153812853,986.3746959870438,627.0983854200438,337.5723229965613,945.6870975058879,10732.628467778253,147.427043956813,760.6360659018554,0.2787584793361762,10.2466246344057,4.952820295583504,0,yes
275.8130868487384,291.2020679358217,356.7847393272017,275.68436780376385,1,44.02993784036141,623.67588849168,15674.866015083842,921.7597561762551,795.9666965489182,116.87150569689902,759.8781628989723,13752.935319491962,416.86177429788466,728.5010265225335,0.28725466538656846,8.088934884302176,6.183011103688568,0,yes
292.1004920968262,122.4273597848244,339.04566737269727,284.14007114579897,1,94.83435247890486,937.7718455069554,16851.411278106534,929.9715821938152,844.6018215627862,116.02162875420743,922.6632720113022,13223.786364761712,534.5874649788917,750.5332734708895,0.22633866885721754,8.748305246026115,6.093036126185994,0,yes
290.1021729380284,300.47275684216464,141.5488577322437,239.39759604347879,4,37.87081545486246,998.9353704450059,18772.89814086557,988.588543229169,654.428651391827,310.96710781123795,734.3676337550172,13466.399154270906,261.03133341952133,733.7879689543179,0.25369419065725785,9.731200030710417,6.003775709902402,0,yes
251.1885625546141,112.34879079471054,277.8098252766197,217.68072752185105,4,24.244499653666274,618.9668806866537,15023.981996727724,962.6877676446561,914.2881341167448,62.92860570094763,722.5030296208639,13678.741650290685,398.12337218823615,788.5024608139097,0.19471531092784408,7.768089677497889,6.1477209955930165,0,yes
200.05187879730127,371.24834389109253,183.64529161394438,217.04357313898143,0,61.52149069236839,737.4737422799841,16059.402522175556,929.615757075513,346.7222189779082,616.241723251017,731.5224837147939,12527.404942014446,127.14886482016911,659.362608151348,0.26154150382494545,8.307239217245561,5.563335876547259,0,yes
253.20925844715592,289.8502986453943,129.40326206900244,274.5615142336563,0,75.65600424407248,886.0470041813956,15976.84282210043,954.3248337935848,361.3123027472078,615.0296814695491,822.4866178836146,11445.696510681806,108.37904913114933,692.0569871780662,0.2381285796024799,8.302592251411822,5.165676945823694,0,yes
233.6859892931772,221.53177344688092,146.08161895261483,204.04593184957454,4,49.46706773354598,798.6927692778759,19018.125336016747,977.9236624835409,233.4245269037882,696.8631059003476,968.4712351899905,12481.3396063575,422.6612402033191,776.0444810479969,0.21027365431398345,9.806849422594132,5.768838331275312,0,yes
234.22547836290624,301.37813720480545,381.1426730024599,201.45422248601756,4,21.120497747182814,794.7825502957936,16896.669239559207,969.5347384130106,650.0405334980518,321.4478636345376,725.2218082016257,14755.681965393003,852.7574250306473,633.2164473139401,0.28521163394661847,8.744089559234746,6.740121482121018,0,yes
201.40111533249865,355.04473394260424,267.31520414339207,297.0730058261122,0,44.623689818421816,743.1503582107312,17644.319104384376,983.3166612163756,104.2250442917506,855.962807072241,858.1741792230202,12625.382698459915,402.9915033606808,738.0882168558853,0.28584611927933223,9.108349542648847,5.7735279765387695,0,yes
264.0705743363683,219.34169613348826,228.54421136171047,210.79325947299316,4,43.25616394068915,643.8467398071281,18381.090029780502,962.8535550577377,937.6798194029436,13.164139047036201,702.0309517182003,12478.163278706303,500.629343477505,761.4519629386599,0.23030066303848915,9.452087946739445,5.693056467598336,0,yes
210.51547057050144,369.5514147356387,388.42803251373806,276.94296282428877,1,55.37486146705832,627.0378873807286,17730.244913156523,927.5441658973701,160.1933992676244,744.6848922690069,766.3311578716094,11766.228083508904,331.6768544349245,791.839763187746,0.3183468683596483,9.118148212543822,5.364180458535777,0,yes
215.8774706006975,336.02604691118137,384.9962557018943,277.16793874980897,0,24.17979994778949,752.9982668223081,17940.880181490767,963.6813910853472,213.96251267610816,706.8147371704728,977.7369271637053,13687.302890816894,275.6549685735506,763.3592540435155,0.2970514711184396,9.256097436792981,6.193134241598196,0,yes
212.4083462432014,241.40566167182814,315.69630812189087,275.1771419341559,1,21.323351508413786,826.2130251229739,17547.289298592303,939.1253780252747,188.3439575579,739.8195116020768,709.7022183312338,12603.068363649958,140.81633738551807,757.9142376355611,0.2481482758024868,9.072241810576742,5.59857733983756,0,yes
292.48402950509455,256.37141978537136,399.2881916670087,258.1397325690941,4,86.1148695304974,908.2916068432013,15713.630320788678,930.0608264117831,891.0725982179464,9.651981240461168,814.6086540274637,13228.626331398751,182.9979275781178,673.7227512583361,0.29771672649446823,8.172702868487043,5.892752471087346,0,yes
275.47604110069045,269.7152279750085,263.2846922129187,207.9300282455768,4,24.55359568438176,895.4670158344998,16480.049937226016,900.6489463784106,837.863686376248,157.19730750890244,748.6114559435441,14176.577274964675,839.9889390166227,664.3761667882297,0.25591861739296373,8.548979625276639,6.520074947253736,0,yes
263.3140632122505,369.21518750743576,128.54813352286038,286.58289031466774,4,50.84605569605255,665.505178747999,18078.5655480052,995.8561647833145,17.640531548481103,932.6289722983474,968.8384446232941,12082.271435557966,638.6843037007452,700.739886962979,0.28626703159488087,9.310125333066066,5.6885190351562915,0,yes
240.43868730933733,238.59522594047803,260.25841778563057,205.95241335624542,4,55.204267759094364,814.3457148745947,18261.21449197694,926.5575473967265,521.1274424922425,411.4689414855619,741.2351322539181,10971.550115657687,513.2193335423372,671.1522526519786,0.24189013781997973,9.424823146309878,5.096679854353865,0,yes
279.63034873239116,124.44285276761072,231.23228139736753,253.44395134215523,0,27.69187680240039,650.4571259077629,16203.403945196389,954.7989154105367,929.050942946901,6.650134578058328,829.9140958576115,13529.16911952665,408.51609578866055,613.3579629423404,0.18542239955123038,8.363578349623916,6.106176758923584,0,yes
254.0051111204122,163.10786511564993,290.0532916028824,202.73397695001654,4,33.06462251628888,700.2229909667569,16516.306189863964,936.6962794613673,808.9751196324039,93.24280171704095,718.2765081237741,14667.032937901136,802.3430422225983,725.6313965570603,0.2159429198737485,8.528448177146043,6.684372668382201,0,yes
288.7607853199029,242.1498363294568,168.9613771836071,274.5756181276771,1,76.03729471855054,646.8819300086011,19625.962243058686,976.1394426099079,231.59884234208621,684.4627959812873,926.5967129034752,13896.447797002462,563.376613465837,711.6555592191976,0.23551090021093382,10.077021150025478,6.363920872821796,0,yes
238.63550954727313,182.0770014584702,386.42298900411623,299.16238003784235,0,63.0730556141318,867.6785736266385,19847.959222409678,927.75530596,75.7957613255465,846.6664528531605,902.1935173946949,11090.315305972217,622.5917914358655,652.2370739589053,0.24791903648887095,10.230347437057173,5.248447499825607,0,yes
236.59195165486582,305.8733449472318,225.24374105938497,258.4897491176247,1,25.845186414108028,835.879304618395,17187.7362419817,918.0545143251837,121.87966265226395,784.0016232086566,737.2935900114255,10443.558058638551,570.4323161469256,611.6501160114701,0.2561298025691344,8.891747676574992,4.895348624029102,0,yes
217.6862507721644,204.93601173946308,349.514362768307,235.17696468386788,1,37.46666446711843,816.7061993426053,16560.35831741809,945.0563738539659,364.3788770683096,600.3296650605848,796.7100193873271,12872.574704855926,112.4828772616735,644.8804587466365,0.23501907482512635,8.57746109675339,5.719954573176337,0,yes
227.54504951384513,337.58976613946254,108.04648164042597,225.0010835817903,0,74.43151400640488,740.3617163577588,19154.507191819823,930.4821797356246,523.6734451842404,431.04857554407647,979.2967888723136,12071.49476220223,592.6894538096217,798.8054364457508,0.23964342542744269,9.855548938931493,5.683640863299466,0,yes
215.973547287534,296.4772976313532,100.83403034758645,274.443421004231,0,53.04492213558408,679.30954027971,15609.957266357751,938.1351521255831,668.9239282781117,309.5342797824301,839.4475052086609,11316.680135882933,666.8974431797523,628.4122708526761,0.22749460877047842,8.070878750466223,5.336202430625684,0,yes
266.45772014457503,234.71124627057844,192.68447685076922,244.75030437427023,1,90.64893404563816,767.1782868774283,17506.19036048923,918.6590567843415,884.3610856441858,110.94156406689058,709.8489139582264,10427.937326525234,251.18735419762314,629.0516439269177,0.2303283127078835,9.035715629686162,4.764999394768996,0,yes
259.56016031576934,368.71589542962744,150.7856101198285,200.22668051540288,4,92.87387330766732,620.3821340680076,16663.993195779924,997.5867066252143,371.7889541121296,560.9873093092233,747.260140492427,11981.876652463674,817.3975870822796,659.0765215346568,0.2780527829350905,8.59323238290466,5.623330720413125,0,yes
214.41762405997903,380.7401328267187,355.91382806719156,278.25343564068635,4,26.185559334004125,928.102326361375,19343.63683641238,915.021241895657,272.64483582715,694.3121570990301,924.32344560868,12102.965506348499,678.5728948346792,748.9218716444913,0.3254054959017085,9.990162616868217,5.70362543272195,0,yes
250.75273097267308,302.0708486777638,320.6259548907987,250.65630563145243,1,60.71490269917318,631.1996194219381,19425.878935767574,966.6346490139939,836.8769760612356,151.3214386409943,874.5805675336901,11142.721302073456,564.8931834181637,673.3404017500729,0.2782912380431606,9.972246040407162,5.247107819633312,0,yes
239.9357547293932,301.1256050306057,278.75517446042073,260.4997605184294,4,88.44294128858027,999.5593425761823,18702.09154321211,952.5282345126188,834.0584242468555,122.82279060308781,867.1150639642867,10949.70927869549,756.7256993253313,727.2574066455339,0.28562660889910574,9.690960801375718,5.246437259708893,0,yes
259.1485948609869,320.8204939402492,236.09979455769206,243.953623874621,0,60.96626768845709,803.9057246679049,17918.15332850792,916.3544548412183,551.0808986208344,373.79098082913754,964.4574336048343,11792.026986868852,774.713688377159,639.2019980163083,0.2646387802017474,9.24956250907449,5.613508965207972,0,yes
256.89016261864595,267.0956536536209,274.181478678229,240.03311708425818,0,32.10980095495919,760.0234575744826,16686.958992032407,999.3577390625942,413.3139687212948,530.8148923901093,813.1815051906938,11507.095988115807,418.0258358521802,760.3683440406545,0.24606839298104705,8.635632651591877,5.31498085060801,0,yes
206.89366868265085,315.12891231634615,366.08805329758883,225.13585619353844,0,25.449627683395953,959.6641793939236,19263.312472997117,910.0027811640289,675.3218426982422,321.5192628735766,874.266969479748,10421.265673878655,851.5165802706094,710.718055458948,0.2735302092150434,9.956542460635381,5.079174672296242,0,yes
268.0800518869089,190.22159749333477,335.43191707395334,292.8038153997684,0,71.68885471155721,680.5097223250721,17007.105287143564,967.1000718032961,719.6099374722747,195.13487264973094,837.9005848378383,13121.160094802126,118.60649807609667,696.5780779776319,0.24451380489923652,8.77370233033275,5.838248822851833,0,yes
278.52615226740045,163.69427297402106,144.61696539181372,298.8501822668976,4,25.827470888802885,765.4910200102917,15452.319880701234,901.7167254165432,252.0957604199938,658.4548626563076,791.1194020277525,12648.525682005531,719.8949468703549,624.7026442145742,0.20850701636808647,8.006092639378776,5.860991986795916,0,yes
203.35007192781788,307.7160170380947,161.58958394442914,206.48777345035649,0,74.19506908777895,791.1136353975595,15358.311619135542,938.9852281454647,747.6945323081194,228.06581600617028,909.2970967350246,12227.23265213617,839.8114588062724,661.9768279872566,0.23161573842407668,7.969886797941532,5.801551832684648,0,yes
299.00731042493794,225.41054403919753,179.8758113061665,231.73226497886031,4,44.74282712554212,923.1727009468641,19100.197115440897,957.5680324819998,802.9462715445151,142.9858734708862,824.4292754738236,12635.830979178874,292.39003947991307,685.0202528555233,0.23179402915209382,9.873155167688962,5.7109930359084355,0,yes
299.0570944900982,321.5472171514949,245.24888999051703,259.70054915381945,0,73.21388379557447,872.9011565289246,17532.65640377797,974.9123914145341,754.3531901657491,217.1122212744915,981.873411473804,13222.238651652371,710.9165976679458,644.6676539668966,0.2765023135069024,9.08036446905554,6.174163869245306,0,yes
218.66263620286213,342.87755738027397,152.41951822087424,203.08709522199965,1,23.47076980414493,642.3995697483375,15037.242124638899,994.9811657185006,628.6037005661566,291.93539823249716,938.5139715024933,13902.679922839194,318.150851862197,639.7048660994863,0.24272308473780466,7.784292777589998,6.2642405177373135,0,yes
219.80499792432298,115.5713507945465,245.6845362454915,273.6399701278926,1,54.34063390954564,748.0840365839741,19637.391474263648,948.6576887371699,632.3419701852239,292.11803218085504,819.6708998636011,14071.25093625356,245.6622817242854,759.4862499941389,0.18858824876392044,10.101195344926726,6.271478285601177,0,yes
288.9150144813548,323.2578408241635,109.78962175897152,224.19822971480906,1,52.339406424827864,948.4312687093139,19611.688870722235,902.6384300843281,698.2599104554362,257.74091222595075,948.5328881522767,11939.289787806289,104.10025126084683,719.458547372178,0.2430846251698884,10.127148656241554,5.412632718143366,0,yes
286.8426069354043,396.0455107885672,222.33955978227524,272.2170028279359,0,36.44314230981058,934.8599453380547,16403.93433695024,984.4888703544303,458.6685924423428,498.6837694626245,917.5249673901766,11474.006075974024,353.08901476500995,624.3307517350412,0.2980528909949698,8.531410931541071,5.301393702564095,0,yes
291.069641243043,365.0623362177217,124.49413306125606,201.08687035671102,4,68.06538855256542,648.8639285514347,17733.139237923442,974.4538558195711,108.67425270066285,885.8893522824505,944.0578975317901,11110.488600336264,518.7663010829128,752.1096982411593,0.2723749681574972,9.130809422503717,5.254850077127211,0,yes
241.09948059396197,305.1821257039577,367.2243413663388,203.11146087717052,0,68.18379130078223,918.9485224287232,15936.23871358968,957.8189253039449,328.7104119877444,648.6152602690081,739.7450869854317,13051.916210352862,514.4431895367101,661.9508079637262,0.27506507674662295,8.290247404406387,5.933670174085126,0,yes
206.86295513833994,304.7697478036371,295.62964043833006,247.4935020659735,1,90.50044389695353,803.2409705014734,15987.19747474112,914.0349676466002,251.49764695373196,697.8604512087185,750.4055722191788,13683.522596237504,807.9726625023943,623.1858484211853,0.2719400379483101,8.283619128971349,6.29905608851147,0,yes
251.0120984040508,244.51967053164708,285.70673623306266,226.6642195981197,4,95.85303442703822,977.6733854572824,15486.11471756275,928.0254228294575,901.8518284288998,20.624204066012908,873.9069243341844,10314.5600003723,189.4610074007681,660.009413199905,0.2599396068734551,8.074552091749464,4.754599722037418,0,yes
257.386820141945,158.2290724715516,306.6643269235959,296.3557338124218,0,51.56905806097121,750.0730609429949,17792.587753715066,990.8654012541357,869.952331202501,124.90278997223413,972.6719752827091,14180.565653937307,554.8338353812069,656.9293738965562,0.22279142691139683,9.185062550802726,6.496226602663356,0,yes
251.24096040789638,265.37126855591515,340.51696139405925,233.72499279774243,0,49.64099599497409,770.0788847763877,18511.034063614363,980.9829230753479,861.4048654740882,90.21218523087589,822.6625004379143,11238.255284454262,788.1653788032227,602.924724650613,0.2588730727080532,9.547354955963124,5.339596858288028,0,yes
276.2006021624025,359.2235430068586,120.41771431278652,263.95528538856576,0,26.559016394477595,891.6431296652443,16930.56418117337,960.0446388972811,516.67592775624,423.12703042935914,726.5629665325444,11681.226118147668,403.59602204580483,791.4998532803146,0.25869736231764334,8.78150923685095,5.347773558456297,0,yes
289.38836267554206,183.05088236289373,207.14225120635666,283.87098306178564,0,87.09899433356796,725.1923995923073,16301.658075449093,975.2413840908956,64.57395498375696,898.2452712013455,907.3793273434924,10281.65528151765,118.10144952373918,713.9003489230442,0.21883705289543962,8.431933292398723,4.738922502283726,0,yes
277.87005945808505,326.18087422290705,386.57660616894515,294.203055741646,0,80.20667560216711,926.8063910083581,17528.077847625515,958.8761421325465,466.90975792344256,495.39800314257826,909.7320677231997,10314.487069082134,327.8949328172383,686.5044496461311,0.3117166345298118,9.088104863920654,4.833228370444672,0,yes
249.66333415535024,304.02506677775807,170.94764631531734,249.24819625797096,1,39.923138865345635,962.7063307204369,16511.08029372366,972.2097600226218,704.734101280644,261.50737375136555,733.5659810131062,13635.004988145009,353.8509881412871,729.4529885375965,0.2461044622580538,8.589668055367198,6.107567364560849,0,yes
227.37631155862783,389.5493775871246,335.6751599942553,208.5874871787509,0,73.36791600663219,881.3613383800111,18376.2350508859,972.7138251206685,60.97928066418901,848.5157765597296,959.0406913903757,14534.968178975263,576.9825700800088,762.6757823652978,0.302515245779995,9.503763509513579,6.643620161800845,0,yes
251.02933993090232,319.1545865480412,360.00913235210896,281.4235465044685,4,86.15537116750895,731.1801004717211,18856.476299379032,996.7147119784161,550.0288237828541,447.8991679781219,791.8544161358458,14546.074084569653,553.4116156319725,775.1766841385555,0.31438845616234845,9.713639303901276,6.585600210424263,0,yes
283.8844555376267,364.9898987152887,284.56470340506826,251.26920956591292,1,96.96953610084978,888.2205744968678,18400.541015575356,912.7474598888284,202.43147275850222,775.9709312324866,857.9585830816422,13469.362166119136,678.5191796317392,722.4902100011385,0.3051209220797664,9.50923250476021,6.221692590975809,0,yes
292.138161991492,273.2106350110224,143.89691837178825,292.12107342217286,4,31.729176641850998,662.8969864978687,19236.54982649472,973.0664315896125,628.9886609832656,354.7548644423264,808.5199679265679,11195.06316120442,833.4102185446452,634.4092924435213,0.25328977794752505,9.885390462463342,5.343305284966859,0,yes
204.41704547010445,267.1915240062877,339.06507162557034,292.96483279565484,1,80.31547634181649,961.5840858357071,15780.696519510848,972.2245999326269,814.5477054432646,149.2583092848978,919.0778204832963,12189.013961951054,753.1262940435661,710.9889232154451,0.27310064858213084,8.22422032223229,5.760306582749155,0,yes
260.0598820848591,218.36480900008237,393.3116290385411,286.01666694385057,4,64.67350719762106,976.237143349082,15304.172799136435,933.2259880219174,626.7585660941073,350.7199192559259,844.2753447372232,12716.534250785051,840.104934915776,606.4983948214394,0.2800928095699074,7.983962839821517,5.964362633066806,0,yes
233.91150613800957,303.19699009038766,186.01802336878282,201.53093805953787,4,33.2563325750046,701.3329208324927,17829.328838792033,942.0491578277569,310.50600883646644,659.0581567837992,777.2676078528098,12176.470506558044,208.65268485058567,735.0982602145837,0.24841506635372712,9.185938429422524,5.484761876253108,0,yes
200.6836051928711,179.69547037329792,343.7698436321432,290.81670424707204,4,51.03671609374857,745.363014489967,18193.223132527095,970.7140935659619,388.8601114102188,608.1242479780557,945.0271509075847,10621.71934764823,161.12017424265684,693.2745108974829,0.24646162272408953,9.381548475825634,4.909219346035099,0,yes
250.9305306700223,258.576795863161,377.1162268491688,272.5022757754982,4,27.74519530364109,623.8380203249885,19678.03635054164,934.6640793303383,415.27922220149134,523.02819667726,994.081441640702,13774.048047494169,409.30299465473576,745.9348784140325,0.2844394148974602,10.0923230581931,6.287913862401873,0,yes
288.5684415868117,102.23667121951277,359.4325873072187,223.2617039286176,0,89.28141234076952,701.847337816837,17020.919661316177,975.0316218450705,419.77891298481853,491.2146893505574,810.5293109882759,14223.329654719466,274.36355061040905,600.6500118203609,0.20501815298673473,8.786391535684714,6.317388102611634,0,yes
206.81560195440136,152.35122506712963,296.0595408318221,239.38930997491866,4,91.25764848925341,762.967980716656,19674.552383836093,955.1064327795908,404.77725991922364,564.6246500344367,893.7913622000365,10740.003029562553,279.76551092685503,622.6822058198526,0.22152702548085976,10.12396291850991,4.970416145296072,0,yes
274.3859162000205,390.1867328207055,311.0632039529585,283.2342658757576,0,25.944596770061406,992.3703797943477,15407.866529750554,983.5291301742687,615.6639954407525,339.5312550392206,964.0072452502004,14550.148645500281,863.6390299315365,773.8473339185019,0.3127605623594057,8.046464518606355,6.774095782258538,0,yes
249.15962308850874,136.9882527319181,160.0980262913281,233.40189322572036,4,25.142629822123894,810.0893113042223,18546.140721674106,951.7128480096196,305.5680721985034,595.3603493378403,797.4445841796878,14221.034635699138,176.52819434391097,683.1274336471306,0.18402929269750087,9.569787234794946,6.281527235933351,0,yes
257.8033093539118,296.58145878066256,141.63743352935265,201.68882949091721,4,26.963189823639738,753.2680990242312,19809.5236283727,935.086836786536,565.5231023209661,368.86878933541345,793.1852937154347,10292.993808844132,598.9436679746786,744.8112831167806,0.23915375315374468,10.186546017266464,4.890303548496432,0,yes
210.3941556301739,144.7841252133933,337.0748224332787,275.2872095825039,1,97.31367404118045,976.5132717915108,16053.936179673958,959.9128975912454,729.9373427346334,207.41874353565186,706.0860022644188,14808.335835042373,207.5670090559293,715.6204331136398,0.22309614401056196,8.362576729475183,6.501588333439685,0,yes
220.99089575955452,367.08556707679656,137.1814415445068,248.89885430142806,4,85.34527021599001,638.5989166162472,17534.526410930135,995.4942925648564,575.2985887818592,407.1329441396857,836.1420432372197,11960.08628672644,677.5389765623142,794.3780866975552,0.2785928989798868,9.032177013630639,5.618988192968101,0,yes
249.71348140822852,362.4779298181307,159.88766153250208,246.8845665812538,4,74.36289277965179,875.0856414335353,18249.05742944278,902.426225036293,426.51517830135657,535.5525334367569,775.0210866916524,13538.119822164832,641.5616744052109,711.103284288376,0.2831364896446674,9.429108962582692,6.197475779667066,0,yes
223.3923205872922,253.4943204341386,192.67006558499102,278.0463232924053,1,77.74358985430433,757.3463364486433,16429.456032058493,949.3508807478137,311.62968492810404,627.8829874213736,863.5429396119523,11207.367544432072,581.1349020181614,642.8040434642205,0.2374309831012829,8.499375505206958,5.264326480331148,0,yes
255.84757807886774,122.6355490169163,240.36912585824282,201.1839022357492,1,57.541820395034605,875.9245764865773,15987.864338230223,990.6399298153503,566.3638720155601,418.0407999055045,812.2196007155859,11031.822237719036,537.2099994398875,767.0563388783195,0.1808167017052362,8.310829395015512,5.178606722092961,0,yes
241.5243059201976,367.74985329188075,203.30842670357913,248.67356407658193,4,94.96296387713548,945.3554573474735,17324.90197314133,924.2880905060534,742.4009198993473,187.60765391581265,772.569649124943,10745.747803804601,302.6687207193417,773.8201907733832,0.29584249960894804,8.986008005596501,4.947908970696663,0,yes
274.9190150976022,381.5916702703616,297.9418739614725,242.24206175038898,0,88.3767000728331,705.8084455972113,19711.001121708054,901.6928625212649,73.97190780899443,889.7472899366975,761.2089362777147,12398.580915021232,233.44028271131867,619.0846772380099,0.30641555475644006,10.122237504473185,5.561030287203925,0,yes
272.6408531574655,190.0134363032078,169.47271204914819,295.1092016530898,1,72.44883759503746,963.1317251262836,16038.110169965861,979.7920768453783,972.98617092778,25.029665491123865,791.1397924329596,11240.911703200949,867.303206792793,762.632451156312,0.21637260980071246,8.35432909759607,5.387146205528418,0,yes
286.58159600446317,325.9395909779977,205.98759787663818,201.20400833554896,4,54.1255117531096,753.5174836705207,15203.267146338938,971.6077362349981,4.042650410188859,906.4907840139331,713.639184540276,10235.681082904053,666.1951331658909,760.7765163991884,0.2707269522156692,7.888500073716021,4.861318630748544,0,yes
237.7664264876958,252.55504409145317,147.89108738428632,206.68951663581532,1,38.52002800707354,913.6851586854577,17519.794162456124,920.2127454140045,438.95113735183094,529.101341150598,917.4746363555062,11825.953429272182,358.4686862273264,663.1930034316138,0.210713248820735,9.075663967587364,5.4508688723089005,0,yes
255.19159386367983,257.35348988456315,267.27653833850695,277.0451731199789,0,60.176569268895825,860.1433079352527,16856.701658366095,913.4943504839982,260.7712293660284,680.6585813027864,821.3348649841198,10102.86450990749,663.5688472206589,718.4156285892936,0.2515058533961669,8.731067494307634,4.848829009908139,0,yes
215.82331709993912,252.24559253767328,315.85388423153046,236.35848631982708,0,25.134092892467265,865.6055451034938,17428.24291327417,933.345200596953,885.4303933660882,92.4360463199971,995.65184323379,11909.152139608927,621.8046734923862,788.5719554252279,0.24166201525557568,9.020787338482716,5.638716383958313,0,yes
212.92660510633476,339.0271914985647,117.13293387523883,290.2602735457009,1,89.88487071305249,782.3867996738425,15580.869563213302,955.8154382620057,508.0616956194769,456.3964276264574,763.6246779267367,13225.916279269226,378.6397646276233,785.4907665500485,0.25918491484783635,8.081535612391269,5.973081287566921,0,yes
234.07061224994874,131.5985416384284,297.31678075423326,241.90478917050268,0,27.91592132764353,800.6839594181313,15608.837868841616,988.1957104565938,104.1915263723224,829.8554526490062,902.3724778394533,14411.364527832728,594.4228392552748,739.3418639299825,0.19345915297485647,8.104072411645637,6.578745017357364,0,yes
278.9563465398287,281.1612204052012,213.99790647424382,239.60016895072988,1,43.10461165392908,684.6126439781344,16893.787427652333,905.4714315099432,87.7564711350591,813.8858227173206,888.039144507759,12072.228717103044,847.3194864030012,696.5390032735095,0.24774582681642493,8.709487964970778,5.728423563402205,0,yes
285.47253472900405,292.46652564462926,247.4572806546948,280.7981431757018,1,78.1325247223329,876.2368128821429,15899.470139782803,927.0249730656652,386.65758496731155,557.8870940086599,836.051541914737,11079.378857348844,533.9012454915016,738.1052392959477,0.27242811642565784,8.257936830904324,5.196490723866756,0,yes
279.95804278873203,252.20770573213684,277.6951777981776,274.9513054882104,1,40.75564846748689,779.2342862333643,15154.469382109091,944.396857234258,464.5291496711722,515.2493428606924,769.8924673356227,14558.053244631503,873.3583797353376,732.9472854863238,0.2558057239657418,7.866063143990476,6.701453856366215,0,yes
287.64750364684227,179.90664126057868,121.3735692854243,253.22998121391376,1,76.58586944541744,992.9498594309416,19474.075563251088,982.2435825717316,827.4019661675372,108.04962838243216,828.4178300098886,10648.990769864882,511.77033134701253,697.6013851531694,0.19675485651861355,10.079525029719951,5.005823371298217,0,yes
202.5165057391005,203.55050072650857,321.5036096471702,262.2656494122296,4,73.95887186815754,824.0709810825355,18765.693782985705,968.7766478261001,801.4657629656928,164.2395941079434,748.5930003502988,10901.926772545427,713.8872468848109,701.4776100599945,0.24895303880845052,9.685045768978906,5.160588129493179,0,yes
232.63113719631787,107.23150704063042,304.73166619236605,204.37705517521977,1,22.998834138647926,886.5226664930954,16594.12459686863,987.6075014117401,821.8644376182881,81.11842487716785,954.0254723933726,12439.588712437022,795.4540499012579,732.7840004339578,0.18088996496208015,8.615938025093405,5.885990950581679,0,yes
283.31839305419976,215.34634235449445,369.2382995624229,271.4122662624196,4,84.22017514829605,907.212719445245,18145.32148167086,997.5012347097932,844.1609288722133,107.46402056998238,705.1542525242093,13702.437423323665,409.4110817184301,679.3624948377852,0.2765516963395307,9.397605340774751,6.136772262982982,0,yes
211.84815379225392,360.12064033878823,179.75505289312602,261.04965115189134,1,30.798322293826892,630.3652964316741,18725.66955520633,935.0452775292155,799.6165633494049,181.2984162850197,778.758963574753,12185.87949596706,432.5417783480545,705.6360210565259,0.2667405492785421,9.61761347865305,5.576348126731877,0,yes
285.88193776240996,363.55877340994823,237.44251373722835,234.02302721430038,1,72.46887510414992,786.7062961839147,19680.803633323336,992.9353010977311,648.8250849290612,309.8820190504123,989.3145154107862,10286.6372933289,449.8071770094092,680.6227754702195,0.28884678885415105,10.13759519448323,4.901415754313225,0,yes
202.25799056921895,137.43573034642372,389.5180697819153,242.32184062156983,1,68.3055644340846,796.2943679062865,19414.092856188225,915.6642540821075,232.4950663537249,759.1679189260142,781.1367490455474,10220.296162162209,675.8825912876935,745.5347767715228,0.21937787262894337,9.995738703438484,4.89517504212792,0,yes
259.52034948725463,302.79420683192893,266.27844880904803,230.72080202831015,4,75.89045603717435,980.0699238597831,19415.211065131087,982.5392813937714,754.5209269716077,190.8205127611509,796.2989405733553,10974.716392705643,187.13915932670898,612.2377587552943,0.2787407586058135,10.047159496950085,4.9835763979149945,0,yes
227.91500279893347,136.25604794631735,235.7575402432117,245.68827223199645,1,56.83720289262396,879.146204399101,17551.59836695446,996.3853803873618,735.5610625528208,258.1053719879251,811.8373930950248,11452.904457258646,219.8004196923649,773.1576687726755,0.19062440378968723,9.094222307364749,5.222020181558067,0,yes
257.1018722987526,132.45941264609357,248.33515713211588,209.00407791107415,4,44.43182110155159,860.0356358292659,16451.34646184841,991.3943033137912,90.68961353756586,856.3447205067603,773.8221890560098,14249.588555372575,396.43516821228116,742.117595737516,0.19841425934475512,8.539087044735854,6.385571101803188,0,yes
239.1669056461211,108.68523720727023,155.491313940964,209.437950546812,4,73.58369725136811,613.402377470741,19621.430728895924,963.2990408096471,539.7482958493921,360.81399749598165,950.7559142739585,13592.040709317938,578.5444889153846,792.6596789627233,0.17181968083527643,10.06568812719843,6.266543718943299,0,yes
233.51220122837466,194.22590835300696,171.08013960399876,243.58904366615474,4,22.698704351481513,750.334972091961,15693.81589009071,985.0649245062083,562.4372300241243,379.49033608103355,792.1196953868955,14992.816629919853,800.6879870842353,681.3427308329934,0.2088734140062078,8.134930739142812,6.843148339248663,0,yes
262.42100229189884,177.60707777538636,244.12697018002154,210.1760694950354,4,68.32434380738952,650.1987692786095,18823.819686295286,933.4283629155713,67.32715468852311,840.5570937499566,935.8818541215787,12091.22362901741,248.26098035681738,792.8098530683883,0.2195423584756929,9.670793439408829,5.529172489542224,0,yes
256.6143881857532,176.12286044908035,251.80594962035468,267.30381367989696,4,24.422598491974874,998.6501364798446,15788.601918268538,946.8701659871824,401.77872301244406,586.3477080752507,946.4267147044001,14929.241934666972,717.764700088406,739.4565931347516,0.22565734891599828,8.233227239126,6.860324930839108,0,yes
277.4065855679776,221.78638738642104,344.67895684791586,203.0988501094285,0,33.50284027590593,971.1782956588326,17339.81888420681,902.864308690499,89.968274584474,882.1529271225082,976.896682240927,14846.593545229432,580.1916603383017,718.8807530503956,0.2374288263582372,8.99646944991474,6.779483415443952,0,yes
233.53056639408652,150.8265005668735,228.20972697203544,200.03539631328366,0,38.35957016952097,622.3121006626905,17944.32458749908,931.5044364064629,106.49441837284249,890.784018579815,731.6021722493416,13981.630350008076,447.3270298898885,634.1135867460572,0.18019934664948423,9.224701798657291,6.274569885205211,0,yes
218.6021876917332,385.79890630601506,362.0542438494936,265.54408420886864,1,55.06115079600529,819.2924275986534,18491.377180121526,922.0021205063191,58.04564980717235,846.7155229538214,701.7013423288465,14714.507520350056,171.0136740175697,666.0032365758493,0.31827273619979063,9.540388293676395,6.436684339923194,0,yes
220.44003431069882,185.62273647854437,274.54191931191656,264.9037323233845,1,85.52553414633847,915.3396935715105,17402.523250545644,947.810807962142,416.82526776000685,581.6640996894939,711.7014772806665,10794.27783783014,497.33889544985794,682.0869335077366,0.22463394967154698,9.021190013065244,5.0181353672990445,0,yes
253.33105801272467,311.6479805890058,211.85968414999846,293.93162236294256,4,93.78180448761576,900.1982182023457,19270.553631733663,962.764513095025,664.2478100157525,270.35785508451227,710.6736799045614,11175.828750787728,252.66550565613687,620.2446858981331,0.28550773718161243,9.953820498705081,5.055552693070264,0,yes
207.6879980156347,227.1871175616767,223.23442591754625,230.83776636356043,0,40.03718923755666,616.0235488133155,16450.61113979776,977.6206797277716,788.6873729649118,146.65264436972927,797.4173632463774,13069.479130139563,798.2530496744425,795.0278758522708,0.21285671500520492,8.482826243046524,6.089138948118996,0,yes
268.37854281278834,341.94399518625113,376.2778136672658,219.2706878649231,0,45.459806159899074,808.3199726531138,15368.027258511142,984.9657133348239,378.2113552521529,584.9366510706112,902.3901833910847,10370.809407953884,668.7763316826665,795.2383509393595,0.29540592039395447,7.984925537510901,5.003722322097551,0,yes
288.7584816841336,131.5647774127156,209.7931660266437,254.76644005169263,0,56.55882831773705,961.9730771118468,17827.304317405196,973.8086291603398,950.7294481967253,42.95623873265663,739.1085552990525,10045.708219756048,332.8662386869436,796.384198226854,0.18903230082520558,9.247832484637856,4.678382753971479,0,yes
296.8323936234385,304.3872184713591,278.67403492388365,208.01199436856814,1,33.47156744401457,877.1254251596652,18309.55285266987,954.854593784156,376.9657252611193,554.4401954889515,826.4773535124153,11868.078431172338,502.67637457325776,648.6857174818487,0.26470796964858195,9.46700068210965,5.482059540080049,0,yes
259.33132396603963,377.82699015117345,287.610663974324,216.93363663663118,1,84.79095059196743,719.7365089333448,15835.641583680606,919.795810197304,619.6226156134186,341.3558885784912,945.7947877971143,10504.221843253346,483.6238266599178,766.3445898198725,0.2993581524398855,8.190097907563665,4.9962305385385894,0,yes
266.754037267313,336.8715120147429,211.01340928634977,296.16779228101194,0,49.86645278488232,933.8801319142588,15657.945735778927,989.963750505082,835.1660814262597,73.576947434163,951.2069650465984,10391.01040327361,370.0617350797275,707.9906790549306,0.2760517563062105,8.158951329238219,4.892780251618801,0,yes
295.46213427079266,298.7474805275427,396.6466051083389,286.3910535215807,4,33.447920251909416,782.539304550068,15109.027172502172,934.3331845520262,392.4078805873079,566.5949792792985,943.6989069498941,13729.385104137307,559.9507155604134,681.0302975702303,0.3135457374157891,7.842696127516767,6.304420430833922,0,yes
229.27945282137003,276.62185623365315,107.3535042674449,208.7633348684354,0,43.22014806766566,791.1106305682811,18631.892108535045,973.8393374919973,947.5088830302699,24.02056929408525,842.1122104888941,11966.78864741758,372.2611906881778,774.8264394151515,0.20816568669854302,9.611476822909303,5.497825991635273,0,yes
267.8292973860972,379.7719936171355,292.13755156690604,289.8817713328121,1,68.60455768659943,859.3874839922014,15666.6065962974,926.0651893476593,413.22646923749363,530.5830932664776,736.9643202313458,13356.898168973168,144.4802868283909,628.7876552658233,0.3146711738261679,8.13756883443654,5.897602016859318,0,yes
258.34466488819555,143.2311866853822,108.03001222259616,292.4723710401805,4,48.50721131003116,908.0706832298306,17529.668584130242,984.4804658477088,150.09788057693373,807.742352109462,892.4433120572879,10581.235788649023,659.8082357657261,697.1968995382219,0.19202503869210474,9.088168348260567,5.066571118129559,0,yes
239.67566131840823,375.40900553700743,319.4331468922355,225.53529722480593,1,34.23209991107474,779.6615804408948,15957.69989467587,997.163392449286,542.0477692850324,395.880879229417,903.1579962684842,12779.645550158068,747.7363679168893,690.2974981576383,0.29763477006247313,8.275061648543018,5.981744753473569,0,yes
255.0502459906314,337.64771133344675,285.10935740729195,248.16781855118012,4,66.94874116716001,668.4754763737451,18370.16542485857,969.6149945673861,752.3899549970494,228.43302898989828,714.5762434761854,12807.36902996781,527.436962936557,685.6409601079806,0.29824811396256246,9.452942490307736,5.834579598946068,0,yes
276.225815606329,187.17639233414792,170.8540991937868,289.378754502111,4,94.82859511952608,843.2101373343471,16535.44783859157,960.1579565087277,528.4452100646773,372.91939356906175,997.6214950698134,13566.961968832093,155.29110428434842,663.1815727897172,0.22963612270212438,8.573030419595467,6.088911542778127,0,yes
273.79107901981183,393.14395604406917,298.2773391733578,203.4421536564453,4,35.51689721581254,922.6433435671497,19940.33793385148,988.1363274187842,175.45042030949773,814.6083066136348,970.4711332561485,12062.695329989983,497.63444628760453,606.0526793646309,0.3125555536052452,10.297328613587156,5.618001141030764,0,yes
204.06786154460605,328.4987248589831,194.165788762035,238.7704422230216,0,80.80236856037114,620.1648741922913,15051.512649290002,917.6893047659449,5.365205185209847,929.1876330358987,848.6105356727475,12251.410869536985,181.0875465171578,600.8980892513746,0.253821957222292,7.7759373485051215,5.509798988094869,0,yes
287.4619906275639,150.05765657291846,243.96495109067007,256.65313797339354,1,28.132858572942403,886.895087380766,17742.435046243125,993.8447566289349,489.0330347049219,471.0532468017823,975.5593291786124,13686.752949936486,736.0618270550242,764.0810377534037,0.20390411642113038,9.191042543306098,6.381699475331102,0,yes
234.87598141641115,234.18726685819422,201.76716554887653,267.7481448651221,1,47.208940133299,941.8039860246092,16330.307277327463,930.1743975552076,557.0022890928325,382.88646850981957,932.0944440159318,13965.54293710428,798.8434964061363,744.5821618485844,0.22707992529347631,8.488703639919294,6.495570631765483,0,yes
295.6970946987651,234.4422931374526,247.76226423480853,224.69118288685473,4,25.81770390210277,998.051238922525,16675.282772031427,928.0596224074467,651.791999577911,314.34552812291327,878.0538624252559,11733.420011557911,783.7004755314808,775.4193795741877,0.24477767739644202,8.673847727360315,5.582765592278339,0,yes
298.71768993112346,399.8309937758867,251.7135990039333,229.48996396097243,0,40.69668700936272,610.9385787757881,16705.675553971603,984.88308218303,640.513553955024,316.25882152435474,906.5569534444422,10506.572554141489,616.2414066082799,777.391482100835,0.2989360442444397,8.610258049188586,5.035416273289857,0,yes
228.36380925964835,127.89307028789395,175.5514455308466,231.5250466203774,1,26.12735509529296,758.1932829159532,18379.285802236293,922.1691447585022,64.04875340525727,927.3670217110131,723.6043159975484,14627.152893006942,601.1579658625565,683.8773262606638,0.16860223932670135,9.47074935329245,6.596828096873311,0,yes
243.9754090053476,163.4534036978105,373.6336412862848,270.32064151546535,1,60.68489660599785,957.8174590125527,16594.24408265908,972.3467528387306,884.4082586319229,31.93777519208959,818.5469825878876,13619.186525062707,121.13637917324328,726.1013910281322,0.2365180646652014,8.630145808445011,6.034850400985349,0,yes
229.09953524444788,245.61800224162837,136.66048065052524,256.6900564678126,0,43.40117253469195,971.1086455409563,17149.454450070552,994.1526668067802,396.4071548228285,504.1685004839958,864.6719252979221,13866.178533480967,246.15462101626866,713.6891964945387,0.21121091038770792,8.913826023042724,6.198309750957443,0,yes
229.44055090809005,134.1515600784131,334.58617082624767,248.72163374684885,4,68.08958228568397,745.0684323545514,17053.863406757846,976.047522501332,101.29859770334055,840.4391176717413,900.7197174285268,13109.22813141903,217.25466893466327,604.0154297887232,0.22376226775693933,8.812540423201881,5.889628608302999,0,yes
234.50048658218108,323.22223570578444,315.66684059804174,276.30168015452995,1,86.0904383540633,914.184612282967,16877.792999419074,916.8622891654004,600.4533707266402,307.3475669097347,965.5819693236699,12137.071015903988,257.4492462779542,748.2627844134229,0.2920253081871284,8.754318979235741,5.557116078492024,0,yes
284.6439326793993,184.99850139799327,360.9921129907623,295.85321455618805,4,50.52569941964255,735.7018523221143,19303.38378220096,941.5289448884603,10.617169077674026,970.490553833306,947.8749780271725,12263.936782444023,645.3608825456129,716.8938268258441,0.26358330765386,9.930472355540799,5.761859519057838,0,yes
202.02428812794682,187.81995363907743,289.30178901050385,200.75970332717452,0,58.66380178608016,702.8542627445889,19566.92648534873,903.0901902497293,912.872158569102,8.765338638909611,724.2801937255758,14230.21967369263,322.91389769694933,622.6624274172885,0.20593428902716934,10.049740650903068,6.309390301585202,0,yes
213.50840926945222,379.3631045373803,131.80355487313506,203.71204754152637,1,38.434492395520756,811.8724418401057,18342.431090982594,926.129585948392,953.1150284474107,4.004859206597871,738.4930799731005,12657.60159256598,664.3784134782484,780.8889545184819,0.2545489860533943,9.46481951314533,5.848371935918511,0,yes
275.16935209472143,114.25073951907424,112.97349720424224,212.08338097837688,1,35.80985719946903,881.8514665727653,16302.652619665696,916.6953322004115,528.0248100756892,426.04641134797544,758.936698802267,11831.768938517027,839.3255840996839,713.4480957034184,0.15387705629635445,8.459385120795812,5.586815456205131,0,yes
255.501801411165,186.84111085270868,185.16600274611798,227.54506390139727,1,78.15346760549608,879.5746452040333,15329.596916781178,958.6492369186387,599.4020781588479,353.53383873798646,855.9348975903903,12546.405737604067,109.03515614482897,683.9991846737298,0.20327812319752883,7.978099471912927,5.615312113860357,0,yes
204.72226429226802,357.6947505258146,296.80472261311024,228.63047124512696,0,71.36539462800536,649.7160614396269,15624.033411017848,908.5537811055061,176.2892689841971,758.6009222181838,800.5303494301654,13132.756949626179,312.76787760153184,664.6363290641528,0.28289617097103936,8.06739200187535,5.904158690117449,0,yes
221.90983254131646,195.3683412440176,195.5180761263963,210.99433842108644,0,99.4780487772487,998.5106237909135,15751.707604219773,963.740835798577,451.29038716126644,546.8423681957613,761.3971486392645,12832.452168517655,885.8879441556788,644.3620653774439,0.19988594810976137,8.217070858283268,6.003700835342171,0,yes
218.18180829627306,325.80022558411724,167.76673082715843,274.7263732328645,4,62.58413972643824,777.0408662649913,15939.7792819245,997.0847947057847,197.5871289160971,772.3974027693812,978.7662439101381,13343.386770692174,699.1265620753882,710.8746630388491,0.2701448332511535,8.265507374531031,6.225168787720271,0,yes
286.0685641908542,365.5820554172893,157.69638420505214,221.21414611275154,1,20.924178323712496,984.045222852184,16047.799617551442,958.0632691810363,231.91038574202864,686.8424771030188,946.665877665194,12566.118846856938,254.73791449118738,633.0577825162591,0.2646899085220931,8.360990669974015,5.7063977844549045,0,yes
228.24961170902202,345.6820839532534,193.89545311101074,261.96829579052763,4,27.721472487107555,939.0500574494157,15538.602658853795,958.2134170113723,571.2591743463636,353.43438250326665,723.6553388798604,14056.582539329325,557.0348306946885,712.6780039501692,0.27766120861335064,8.096073800480367,6.345577356220423,0,yes
213.52147340454448,110.55671077517846,143.31136118758866,211.5053814952703,1,25.735378964414764,623.9619820433867,19659.878916004393,974.5805626193797,614.296069970582,333.9399345961267,877.1047307483241,11805.396140357967,591.3395683585285,683.4031326461935,0.14929232377344903,10.088767125296124,5.519572927802228,0,yes
202.46153585696112,220.39735791492149,298.95057022391796,249.88671618399667,0,22.87969965554648,902.8906779325326,17486.796015011878,999.6544243324909,113.11706205196997,835.5381812815403,854.0063887538324,12196.603200913993,350.89067239944677,796.1016108432402,0.22627803000004626,9.067659144677005,5.585651743098024,0,yes
295.95113096200197,140.15590833293587,222.6127550971587,216.96954984028557,0,40.77431412419023,738.2329678124903,19667.052196507975,907.0037686358866,700.0286384025361,242.67597421729977,929.8272253033873,13171.273950953144,746.3932801127694,601.5281831364731,0.18640080768989453,10.108140136425943,6.137554149785028,0,yes
223.92373676691324,114.67232057458817,178.53189600719176,282.17076110412455,0,32.87192252185399,877.859486484783,19235.8658307944,924.0869074930778,591.7869096610348,388.5842233577313,899.180446637839,14401.766245379622,222.40705809752973,616.3883586688904,0.17032601109194387,9.926099421843546,6.415028312552412,0,yes
207.48744688454892,258.67126315549035,378.0833873185984,258.1448706014001,4,98.55438597969707,884.0787539422108,19925.03416439958,906.4848075867104,389.5057336340667,511.543739165597,748.3275318668791,14270.195547453464,370.0856725758901,734.6049371489768,0.2852134583301108,10.269685832737927,6.36578502327458,0,yes
292.33960200268336,246.99028158170358,288.97778986450123,292.1597454124793,1,89.36275359612455,741.3042228935876,19847.777452785926,940.7811737264423,467.60694001659925,455.5185887724826,730.2116195134239,11959.962649168003,622.9944648725225,658.4483235745171,0.2670963415343728,10.203805359279555,5.5285800908386475,0,yes
259.57421203013234,120.93541276541603,246.95413975643183,234.38597628790228,0,92.79907804557877,975.2742040119074,19297.6144218201,922.4084370223902,21.776079385149558,902.7985719483752,762.763003180289,11773.580200671851,748.1096561365903,715.6166910959083,0.18899852548646534,9.978980026894728,5.524821655902155,0,yes
289.74207624340505,272.80380013027377,264.5889929478192,275.69929163659083,4,46.37723934043762,715.6678586407286,18981.220437868968,953.1713509807655,671.4176831458723,273.58783086725225,820.4324047752496,13633.376620392137,771.4130705345037,727.6798228224167,0.2755184821799382,9.766569564042085,6.305528151338827,0,yes
259.70794349611583,100.18190602594565,379.59063890033974,257.483803214733,4,86.36504694404536,942.8680727186539,19287.876979736488,984.0726930455853,902.5414646616196,21.015645293334046,872.4567177543163,10978.034531641266,788.9027228657602,704.3208705581383,0.22705174032286563,9.975156649369694,5.26516631810328,0,yes
239.70588290324793,288.5681982689399,202.5474522651652,261.08757323618966,1,42.67287285570848,653.4932591127906,17305.657454810367,911.6911701165575,142.892193968729,827.3657596776656,996.8159076881229,10545.04143410831,560.4329711243879,796.6711624912172,0.2476964370414875,8.90945754681811,5.06902109005022,0,yes
283.7919425449516,222.6027830290584,387.7129865945645,276.2278562132516,1,61.26234773288253,843.0278529877919,15431.526989424165,916.310671173313,526.0255645117257,427.9656250757197,948.9754318408592,11007.826591593015,225.0668002344404,687.7828969191415,0.2692858253766996,8.015011005168864,5.084152838225492,0,yes
296.12186646406377,182.45239555754844,333.0947205972847,227.10736082949586,0,56.637303654728434,979.6230719015923,17272.18983836124,980.2804642326955,772.6270650674189,202.3472584847599,969.3320057643191,13332.294565746868,840.867832703727,724.7399705729091,0.22945887276281912,8.97523319363593,6.276178191873452,0,yes
203.40579060636537,142.41891686964271,347.07269038553,250.6252959351558,0,63.65869030129442,930.7317340104555,18061.814666116967,935.1257563522223,231.88820879645357,702.5768535527478,800.8829170034508,12785.23700777091,187.68395243608717,638.7969149338481,0.21010339196830005,9.352604403838077,5.711812752325952,0,yes
260.21439989885937,212.3348716444611,304.2757492665341,231.39217895015219,0,27.58138435765753,867.6847395993074,17159.34827829883,958.665044320941,34.330415698696875,947.655584726114,893.5010645170523,10811.793314715698,516.3980560128625,698.9818006967823,0.22830614323392445,8.890289690130896,5.105422986866844,0,yes
223.9847887555188,329.792705892096,309.3263682315506,200.60531830177487,4,26.95921015986346,843.4109853751175,15109.12312659912,937.1137814254162,330.9105462016257,619.4608594858671,784.7971657235075,12579.44035692913,298.08076779582166,620.1714877265284,0.2814846020312361,7.856744159207811,5.66696883576598,0,yes
259.56691758946357,197.75195290159127,201.97281645923368,286.47426108194196,4,20.899608187764276,639.6407179860748,19859.40366970393,944.9554658212022,302.68062163650603,650.7922065318457,953.9558366738032,12558.469049281906,175.20539059712812,696.8226523374918,0.22810718999368232,10.187863184863708,5.6875775100324315,0,yes
206.94862338931273,322.37029277794204,175.54182099634556,267.95891671132614,4,67.16277681601622,774.4939858265423,18146.242275723445,968.0546610202631,491.8955731791557,506.235467622804,822.5787659249575,12233.938778663476,190.5804494052851,716.3435239343058,0.2681320756016595,9.364153462030359,5.520116963684688,0,yes
243.57762465529817,135.54341235270962,182.810068089976,283.2443678805636,4,96.98283387461471,764.0003920494869,19317.101245748046,942.3448507595956,211.012949262229,781.5502775373599,702.8838176421509,13171.827066583517,314.60495509686444,762.6531410305753,0.20628799919102453,9.943711496342209,5.902376608358521,0,yes
275.21117261162584,232.4013570624759,241.63315292047625,266.56139427802344,4,68.18713784906492,965.1555319756033,19415.277438806363,937.0523638569374,96.73978947895112,833.9267271110958,709.7582882636892,14787.068909268983,305.0536592045039,785.9203988180784,0.25383990205982315,10.037489115484462,6.541972623048229,0,yes
222.59997790820458,213.80714830975313,108.70414334657664,258.72228841645887,0,28.136236460501756,775.6027492103693,15777.655331699094,920.6443023368566,223.08693716688944,681.8265722273252,913.4323202549018,11056.620053303252,233.29063627147627,627.658754518713,0.1905623689851604,8.173591863236997,5.078130146840876,0,yes
242.87206026312322,336.70240939506795,334.99874618960894,289.3269950213578,0,65.40801070237887,925.5943250140359,17456.35672600682,911.9187910713399,499.35742297319825,420.21935663905674,874.5950007520833,11814.07885986647,828.690931150021,607.1574671493075,0.29834625072885873,9.04552628656938,5.60306585138425,0,yes
269.5634096950335,399.2996423124408,251.31048621807477,297.98366284173403,4,25.11142090321168,697.8332828029953,15147.215667082612,951.2772779094129,284.08550795787096,696.7673346226217,768.3953044054009,13171.92369925874,656.8166104995289,707.6223423856471,0.3226898952713372,7.845380879382215,6.056584003085753,0,yes
267.3048776786518,220.2700531125453,274.5165021396029,270.34800139383793,0,42.54118234578097,649.9548709878347,18816.79819578592,928.9562235368566,327.44462719097396,586.6608872938853,725.0731124731752,10820.35373578632,349.61581923895454,656.1941631465683,0.23609682820553238,9.666616456501226,4.959800574534527,0,yes
205.81939550796523,192.78882831063032,197.82851982541015,270.01747281680014,4,59.94899861030487,779.4158100648139,15081.30753971338,940.3499415146189,295.0509975819773,641.1132789760433,882.9731334835005,12474.868035851581,461.8365850386499,611.1874630092134,0.22011916763266595,7.82896674980313,5.726788581834398,0,yes
245.9402431549199,396.2521500342876,386.27480725626555,234.03903857667606,1,99.9441220666872,719.8223049846679,17688.890872602115,957.6119830701766,686.3557987057955,228.84970152674066,849.052451298965,10527.733437818164,581.3597006498048,763.604182402785,0.3300945167843174,9.12193214863787,4.9993853931649035,0,yes
268.9482397133773,261.1413186576527,159.2380298369682,242.568290579704,1,92.64011999626727,919.5029673410827,15305.86978109615,974.7215105091981,200.36053758496644,785.2926598594314,983.7586606251165,13565.408241183542,563.0739231768578,720.2993701664923,0.23434026889293708,7.977521773663397,6.264966703214775,0,yes
271.60314135934277,273.5571400534651,253.00581185609462,253.96366224419523,4,76.0719174517526,681.012456891348,17975.86960261024,924.0239397427688,310.61612845470995,610.8027924638652,815.8955598838085,11202.89825620647,226.7018536785617,659.6848480674207,0.270591780542314,9.252274283687946,5.1014395880870085,0,yes
270.93395493395917,181.79476601042916,264.85711195667056,257.8759656426877,1,68.96387962361261,755.6388961070941,19627.26911768874,947.0452627659156,676.4512161667095,303.17845674977616,975.3814726692401,13051.09801070613,869.7698257079724,602.2342855638217,0.2240611589539717,10.09758641549523,6.162238484381901,0,yes
220.94754310827585,344.4503690176796,284.16966988691536,215.25983144370394,0,30.318146360984983,864.7289788978659,15562.123405823582,909.6323634424026,672.3359560988621,248.06752703584357,971.9297157175774,12508.845321154346,658.4740839767231,775.0132803476696,0.2692858188525602,8.084285498437797,5.874058296926463,0,yes
298.4550458966749,102.45315684849771,132.67249009088562,239.77787314234644,1,23.10238593085094,710.147465582754,19282.623938249904,909.0495656943832,139.62102687141504,788.6421823018804,835.0610201491107,14934.837116143039,500.4447671686931,792.9804611073439,0.15998977980189466,9.91000764502073,6.7299722292287525,0,yes
294.16662149403055,346.2978338730386,153.41182289472482,252.02453546786342,1,54.90129755349592,607.8978926727325,18341.809912086814,906.9668946730532,767.7335724491124,221.80043747000275,826.9318663411564,12338.496622417257,761.6578406031803,699.7663099190108,0.26757785561093517,9.416954293417927,5.788729672849301,0,yes
279.30897775068576,172.62636681572008,101.59648353961501,202.5511314910905,0,69.87102922195953,670.2795463598222,15555.494633809325,909.3491690031003,607.7297960684392,371.09647126445884,773.439286768245,11292.081083766116,497.3508535617529,763.7460762765644,0.17385109533969983,8.037728599279061,5.250041351085348,0,yes
232.47903940263166,188.13710981247115,110.85262749983364,291.48385023466176,1,42.756259966259876,839.9962033360284,19595.59797035736,907.1937741656744,441.9668693621158,555.5278265468983,741.2131062532634,13821.867359879356,512.8613922675127,618.0758569633822,0.19436160600828709,10.095119967348674,6.238657444173675,0,yes
255.70101256818415,388.0753937618178,335.23951554219065,204.12201820995693,1,80.8947933689789,943.616717305101,19683.137750730108,985.9486715817482,608.5393997966567,354.78647323880773,930.3148309271199,11443.722800572796,273.04766405136263,720.9113064951067,0.3094718257887187,10.173218287397846,5.275899403596574,0,yes
262.8967919278302,118.13779534698472,116.45346418068873,274.31534070730754,4,94.83035772258674,656.2184997679244,17768.55964187078,969.993052892067,194.41809055256155,733.9161992954366,917.5837879804573,13512.046171442687,321.4677566816901,767.0322043311434,0.18644104892558258,9.149510266226232,6.118819200411746,0,yes
224.03650243910053,274.8317564576697,337.18307953982446,214.17109715674093,1,54.81799475641171,785.0529120948984,17257.390548390667,971.1337352538374,7.049087103301685,899.0241721673201,714.4423811354794,10381.599618733262,745.2528533845623,700.3479561284166,0.2592926893263817,8.922502439313138,4.943013254276006,0,yes
246.3706208208041,138.8586466749312,260.06046338412216,231.11862282388017,4,36.391032361171504,704.7892067407506,15375.550399934835,994.8126875311558,532.6013611051405,448.27170884524924,989.3190815139071,14894.809522500853,421.7378257445599,725.3988264061495,0.20537432467726702,7.967093959866592,6.742430118885427,0,yes
209.01041191516705,177.8392012249077,123.84872457947988,265.89632315170087,4,64.65069774351741,651.8963948727232,16127.867958278097,939.4620570400284,368.3428022797297,555.5469619804594,766.9552865856463,13590.4100627316,436.81333178578086,767.8905161273533,0.19951288968459044,8.324016244894983,6.135557370347488,0,yes
287.9410047332273,262.35149772428053,224.79380399018652,205.66430608991726,4,95.65580960911095,831.6653595780753,19298.945106685565,989.6711493545241,280.9306826134212,619.8372192574607,965.1111120557416,13976.682127937942,383.5735417807288,688.7641914397973,0.2553390581898727,9.956265373487895,6.334391381553562,0,yes
225.84292224345546,186.31524213785457,279.7563244812631,298.2570856139067,4,97.0861855656427,829.4835985987199,19551.03706154784,942.2922042149384,893.5590878559358,69.01985469750548,939.7269789223259,11772.519719599628,152.40519105663424,649.6869971703032,0.24676075011022655,10.07528402502243,5.353444257011092,0,yes
245.76984007261132,378.9539765855434,396.8782552888522,208.2534373954628,4,99.6258329760173,652.6000102071614,16006.927777717672,904.9981389325532,607.8969427329084,298.7273965737197,721.9955536531276,13049.707580134265,433.2144942010972,618.8785898599218,0.3320772383182271,8.258984065843242,5.877846619914615,0,yes
266.08694211043843,255.06791353447912,260.2628966884938,287.4312761706153,4,43.85080028990238,969.6722632063162,19984.460103252008,933.1149611583235,572.9805142868569,399.49935412901186,901.8692228686907,14903.071395067058,369.06948966771733,617.0545582410574,0.2665923782477914,10.322579415193104,6.674286656255874,0,yes
226.32531473326037,205.94856027461407,358.59725559068295,266.77774760359864,4,40.0149077801769,743.1046242333621,15042.52558987738,906.9812594145427,375.78802285262384,568.7445058323439,754.2619164764742,12161.51688715614,890.8792808271221,680.2091882526845,0.2569720140518607,7.796951380180885,5.73177054691247,0,yes
243.42260896850524,107.60290254021207,125.83632391693793,253.63326389759908,1,69.33170329376476,991.4077404951029,15546.481506567914,992.1452580899688,915.6072325373698,33.693521428655686,987.9485659945465,14310.012280945266,765.4211915779476,689.8813416562145,0.16229809331159056,8.11674356792309,6.636389160501596,0,yes
206.70422663983982,283.7510566592546,207.53114673559017,235.71041604710817,0,38.47878351332458,641.2274741436916,16214.238920326825,954.6122496118563,778.1137247096668,212.02869501504154,907.2927241607345,12176.968299969049,649.2581827898968,655.6798173474206,0.23299615026727105,8.366955266513289,5.70558806678646,0,yes
202.9823916648482,256.7403433779971,380.4422612643874,239.45411253263427,4,65.2833908748706,964.0170492023144,19736.843294957955,959.9919072284422,521.142319283711,416.50587002412135,961.1071341248414,13232.612768679348,654.7113783575085,607.7773740470715,0.27642246646329666,10.201164898297069,6.138048975308919,0,yes
266.30841795054425,276.7236428291118,233.48634152979844,276.4383685667709,0,86.73230582026862,957.955134371286,15539.787482630214,916.5859046207397,151.78785313205316,836.0738864811399,823.1632035122481,10805.079492564671,522.4599832037536,653.6359905655711,0.2571198028457488,8.095286758702938,5.071877293884796,0,yes
251.80200365403078,225.60744122996297,386.04071081451576,229.23366032528975,0,47.281689395199464,933.4604782643557,19266.786797899153,978.9858760922962,131.27891615832746,835.5736226330209,856.7069769415161,10694.475067450017,505.47119346383874,764.9442573029241,0.2509484220303806,9.961755574593607,5.046059299714737,0,yes
256.16986758120447,361.9146258539979,318.20580752169917,284.0705527318463,4,83.24087571901508,910.8060602433338,15729.982461395612,974.0168068579177,454.235485319918,496.2824994326354,818.8257564351424,10195.416677795612,296.9277258928383,668.0090433042992,0.3239447980079754,8.187499971849608,4.732794337703501,0,yes
237.75250928599507,188.33168728248847,369.5805543647972,291.509067772223,4,45.64748920234166,716.8219195966435,15649.373028652084,922.8487975518659,59.72948520475354,866.8505629712757,992.4117046189303,10643.355900211891,343.9207658780467,661.4676455898838,0.25921977117880407,8.09673870527603,4.996057074705269,0,yes
211.47123516088217,357.29766753526167,367.75890407853956,252.55202648892686,0,87.69233110055572,729.656298912698,19557.219760974396,912.906863547312,812.9019615329055,170.15226072617713,849.4338383427737,11357.293917072846,195.01925870773889,669.7097708809112,0.30461721037070993,10.052134523692317,5.173738835095508,0,yes
299.2384254863199,211.41355473697666,320.73397290356866,240.59993222892206,4,83.73257007213776,758.5406470167115,17140.93230281761,943.2293308935164,940.3215459919785,32.61382337078385,952.9624691577985,14136.77179960682,489.0714467932626,702.6647592522804,0.261071352912714,8.854537053680946,6.447502588265592,0,yes
268.5603511874607,331.22373106895463,279.56083637919403,208.29351485275726,1,72.14081934638253,861.1802538697535,18321.48858720468,996.5762512173129,106.55047715949476,850.238424673885,882.668005350223,11411.389923791223,362.56508553958815,703.0175177717049,0.27695599373506685,9.475135299810931,5.276448564243872,0,yes
221.5246651697464,233.95307840640461,141.65928256908663,270.99103337131464,4,86.9505370441049,926.7073387096377,15459.823052500697,993.9623908930005,63.963451540793855,873.067538209408,793.8926278801268,11295.31179966914,897.4351087226779,754.1048571010438,0.23092317971779658,8.058806351453875,5.412507365724877,0,yes
264.38379043244026,189.35280002667236,345.56820957250125,241.27311346873466,4,52.52492564383809,881.9161145765422,16616.022303575483,958.3455109503753,753.1699910235352,173.38878340906285,874.4267585490331,10346.752092877407,464.7060589429333,619.4207466836112,0.2490105188575543,8.621800260412124,4.873029112430498,0,yes
282.856625448381,270.7449021876171,144.10347639885583,279.9429707163829,4,26.04282910939439,775.4796740314891,15446.363033370199,912.3611084584584,616.8067135826943,339.3793658537279,705.8635890419572,10934.929407619687,789.1359147187509,717.9920164717428,0.24801862946889386,8.00678615051893,5.187666611093381,0,yes
251.34237524483123,175.78389631741987,276.2351819887747,201.45476331328058,1,52.39955110757704,898.4826385969816,18114.243807496805,970.8397810613193,451.74908648524195,490.4603886114322,772.038298267428,12160.579260545097,426.93911229379535,613.021564420355,0.20808728531182194,9.376390452034169,5.543809198838397,0,yes
207.90037839448888,184.64983411495706,137.02581603994605,292.57122812319403,0,77.74619956075433,870.5951677996818,17965.493773359194,939.9615948550045,859.252374125835,122.35628078184618,827.8300601975947,11063.064781810184,545.4260103138502,720.3812502572412,0.19571390647006562,9.291447344993662,5.194049497356739,0,yes
243.0699485748919,317.9412876531363,276.7529025402958,242.17921336247852,0,80.4590342665377,807.398725573935,19891.32594222166,929.501155380074,770.1314575155395,160.28796861576734,850.043890453522,14172.30915253627,450.46379113438445,755.6534519658345,0.2716804540412028,10.238728455738888,6.406277620017874,0,yes
245.5041551652933,298.9460884328077,220.74292921218688,208.19540071508362,0,58.618088675074745,694.5886334342713,15610.758445874711,962.2313380227071,373.5882199920758,547.8494495874743,817.5320346779104,13650.625928349415,722.3041381324646,735.2741282424352,0.2436453820752431,8.077947919670862,6.289399170005824,0,yes
291.76834547504313,330.38547749943973,317.7825261167399,250.86095195558653,0,99.33388483822979,666.924569072446,17609.635893193677,995.7001562981427,717.6181884276047,202.66928550262446,841.6911990727011,10522.830234566969,538.1163335909837,734.8329865997036,0.29513732633501744,9.075949538688613,4.9740535933614485,0,yes
200.7833457497676,348.832150859063,326.7923098771322,238.2665579249826,0,48.30718120737613,941.1038085596999,19749.542420000696,913.428200939581,354.8079701029545,643.7706506033223,933.8685404321327,14323.669460275029,543.3833537511669,732.8216444786957,0.28388025561811775,10.1958697162196,6.543890293630388,0,yes
293.911080853788,265.9860131288454,168.41039161587523,232.27542624704577,4,98.67642539367507,759.3017125613555,17768.08214934004,921.9285034581796,1.7855434634039913,908.6031864374527,993.8439667418395,13825.237345984699,555.8113848160201,645.1888483334823,0.25197486574318817,9.165360456261393,6.349790546289248,0,yes
277.2984868993807,389.77201407336736,364.57886244169964,211.14416392262777,1,51.14450624829013,846.9541820375912,17306.79412040338,944.1354279270716,581.4900796634523,324.74695968275296,962.7928753598162,11927.034826681667,110.51756159392623,668.0010250246274,0.31641574796894995,8.957340757310856,5.402397154118454,0,yes
200.42900749818628,291.15107232968535,371.06574931283257,259.7911438290348,4,20.709910888134466,975.7575280239051,16318.080030052099,976.3584499530245,390.6229389043446,579.4301681235263,746.8075604837633,11052.323081497449,637.9398417049214,621.7794513884597,0.2864543198638236,8.496744730943684,5.1797924090441185,0,yes
248.33487625097024,313.23720335963026,388.9127036585782,222.94710946721312,4,40.07953628247786,661.6845199690097,18522.722289149726,968.8080845627867,851.9292070884404,139.59788603501613,828.7529459872272,11720.514902243835,768.2374956182438,760.2688756986188,0.29997380292208015,9.527623268751459,5.553191254822645,0,yes
249.4352337105259,191.40813193311755,283.83961331184656,204.99003361422407,0,36.524208612167435,752.9805539059512,16424.108056045698,913.7602930910145,531.228377923937,459.6701599192942,709.9844178330649,13035.63112613871,401.5056952867086,662.878475594844,0.2103284245324018,8.490855142458926,5.872078279442166,0,yes
293.00838971351885,164.25066994295017,125.82311283508781,255.5483568049134,1,42.20950870633875,683.3387590558852,19096.988426329564,913.1347211018416,7.19414563018119,906.1626717029745,934.2475639668565,12480.654247878698,405.8493567273468,651.2325402269475,0.18820394885784392,9.811855019507579,5.72933114086746,0,yes
213.76405615830052,173.97165135715693,271.73601888902584,299.37633201476547,1,82.04730942789409,664.9254296797145,15367.730748691612,982.0598243545669,890.9522282073473,95.29105093193607,873.5108983284674,11503.7470205866,182.84834588988713,788.8356446621997,0.22502662265363754,7.952668605545942,5.253310267333423,0,yes
243.40053509205404,233.2889530464137,322.5080593333904,279.36468722830256,0,72.0964470182595,930.9287595253572,19081.92695422801,976.7196846576245,193.25129551670915,763.2000223328739,954.8038778446089,12567.156073029635,373.27959143994246,705.7643751829388,0.2533979545807578,9.868433762537466,5.772211329858812,0,yes
215.61801295976596,397.4428969146618,218.8575329927407,285.6618228021855,4,72.7142087736305,839.8076606504646,16074.737172592553,914.5537758786088,246.46198718082232,725.1029427079095,719.7680364645896,11561.503064433437,778.5068808242578,773.9267910923052,0.31215703375639614,8.335652154892422,5.449157248470567,0,yes
293.4385260083762,183.93963012416205,368.86829738835144,248.6146474739097,1,99.43089607974856,918.5178311904848,18429.20035560462,980.6789376320487,685.8247787294296,254.10095615057628,809.3267488693987,13141.688630810906,510.45125540753753,661.8843051362749,0.2505507480487544,9.539786485945285,5.99065298475233,0,yes
256.76611832428136,280.76037977679584,252.34393832557683,245.4053469320816,0,26.985946523175386,979.4127918394379,17020.514730840445,951.6786318769499,783.1774472998837,138.1369749849806,789.3293189487777,13450.759598399836,344.63689858807834,762.40710453344,0.24758159338084115,8.845400458376584,6.05069334393214,0,yes
229.61321606014081,120.07688247009779,171.85478620492955,279.17827790485956,1,93.62910294503249,711.8005472017624,18027.807317449664,972.6470630797517,55.660989271360805,912.5547303636303,788.4436046425195,10640.99879821467,767.1562083470371,636.5031681197614,0.18291073956001938,9.291696677664259,5.085274414825601,0,yes
281.61590542912154,224.39527629856457,268.7025308101834,210.51292079250865,0,93.81317918585229,874.1456205339914,16310.316615569045,961.4232591514036,149.86571388314786,766.4615933522709,760.6259658570995,14672.680061964948,453.0567213193161,654.6753788488774,0.23287504917209323,8.467613752770603,6.556433039014163,0,yes
263.13259182783685,292.20055823364027,181.17879668066615,222.23334664012177,0,59.42695924686955,660.1642325814622,15462.63729960902,990.4781749798701,816.6990479901293,85.58556072909028,748.2378066210969,13812.261804341677,487.20784079610365,678.6345573736514,0.23817307515405844,8.000246532258426,6.222200879830578,0,yes
226.4980169991666,180.58170956320825,391.2805733583034,214.18946541166497,1,94.43846073340791,954.6624623958201,17407.19489130728,911.5798511435027,168.92700700181402,759.6302587779071,773.6734073076138,13662.70013841222,596.1787704056414,627.9163130020763,0.23770837720426105,9.027550708190503,6.213079446607636,0,yes
299.6224919785191,307.5811859207766,264.31953371683596,288.2802484200756,4,84.83847037693431,855.1912166471105,19313.658211493246,997.0910838868102,403.76242404068887,531.6692386359485,920.6361836674416,12300.39647013271,505.9286175491607,658.3008781838612,0.29797934263352077,9.969941467366604,5.695763868451709,0,yes
262.67916431989033,326.4535667155392,205.63853339336595,265.1906016557666,1,75.95460083956608,974.0970935736091,15646.842030980359,928.2477700438405,672.4775434232307,280.02344830402114,860.901960501798,14258.340193452717,344.6124766261031,663.813143973093,0.2713781759340983,8.154122128241951,6.3935899426296805,0,yes
237.66623508660956,360.3423839433135,374.5888455527284,232.40138333853287,1,73.69059523084866,659.6536433834057,16444.748850973396,991.6472210661204,326.8473411738188,577.1351688333391,773.3021220906229,12614.347541229317,555.8184888109656,796.3579967146743,0.30871853104448876,8.491352760578062,5.796355748004085,0,yes
291.9005298666491,239.53738908400854,183.5777251866515,254.41745942331903,1,59.02898499102973,866.5630342322386,17372.26342486459,907.1903267386491,242.388067765245,746.8679794188106,971.6310068278206,10911.936818215709,154.19705516907464,625.0820298992692,0.23161711713476535,8.98943621070602,5.0231584617706515,0,yes
220.09646184011353,224.6163857476592,108.53022120079248,219.9121561199282,1,39.42995559913516,922.6708723798877,15651.258539928347,935.4156122416022,724.8594208354906,236.03034959376453,791.2784807297968,11098.06055921929,135.38294171550592,752.4991776697701,0.19219249770660932,8.145526250738829,5.030808130662955,0,yes
285.5424958941317,147.23110338531833,135.31939814945378,282.1580333180326,0,80.20322127153275,661.0660839192692,16271.427571394517,902.6958096526788,395.46776275867524,518.0269157969258,792.001809431223,11542.416773152283,302.1660576706395,664.2139937557768,0.18844758417994392,8.392770830583649,5.257386343921588,0,yes
205.53287068305315,350.01841255002466,123.88948438666458,235.1485719225247,0,90.13008402283245,971.2625067219426,15162.054072092415,979.959575667241,775.0813355663925,160.66629147793196,921.9299860243497,14446.977486416654,323.8639408151712,689.412819120448,0.2490080616278133,7.918194567070419,6.486221533628728,0,yes
294.2245494110637,340.8106321371978,360.81458366908225,216.5742283220339,0,40.25298105824846,918.1812709375031,18414.383628875115,962.9780488303074,324.28355854534743,645.3391791123919,762.4535550403107,14124.19008540844,428.4517117584237,634.7406761672455,0.29393963132663886,9.529856116923895,6.332636819819365,0,yes
270.44297507592796,190.81368637230872,393.65053045520017,226.851851255564,1,27.45038937830051,777.3898763114255,16543.810049875086,911.1098351670614,80.33360133757779,855.6864208491006,800.4437653674049,11919.422654194079,335.53104814224673,717.0264757507482,0.2419424314712328,8.555763631772866,5.434954413570831,0,yes
240.0914842573657,192.94625704651676,240.61901782074167,273.55764705093634,1,81.90752932116658,729.6719830003609,15088.54561784596,968.0164528579476,85.1139887975393,913.5648433961704,912.6502742496541,10691.491846089542,423.27452758459367,683.859824907171,0.2245370442177925,7.825367968294144,5.028034424863542,0,yes
256.5701129210599,157.655436187784,101.13506706006787,237.0591983318223,0,31.90738025629347,652.976042477109,17775.640309455786,978.8352146430076,607.1186782775491,310.6761732422451,788.3636246655232,13950.758319082326,396.7533894492343,634.1331962458288,0.16702231901717604,9.153564084999747,6.253748512120738,0,yes
236.42105873749136,385.1129387174714,251.4275952463318,288.00715303939785,0,58.15421726857855,729.2609268117955,18160.827116547596,909.8332128503895,276.8573411203052,723.0867480787992,798.8066002547849,11629.78581761898,449.95727409228044,638.2883448094188,0.2990051120403813,9.353431165387644,5.362682320029112,0,yes
217.55545319190236,282.88364480512763,285.73631225334816,264.55868628684186,0,43.668652768217655,609.8491098735215,18440.756454342605,979.9067350674752,329.529280225469,580.2619604926097,941.7837302455473,13108.893245312593,835.4873075952245,620.3343546285273,0.2560818403800026,9.476872812033598,6.150967534642278,0,yes
249.54596777084163,277.61194790336003,242.658972079225,233.52581858145976,0,65.07311395448957,989.8284234129982,17809.257989273985,978.7502886528764,733.725433683353,182.07709986354007,909.8964646362948,10913.906690517022,227.0409050563651,633.2569575066864,0.24588347993847356,9.245911319610396,5.019349073343874,0,yes
278.6475982784957,373.404467083928,202.2737661476214,287.2575338594451,0,52.45977246157672,921.4853853262046,19107.36591944511,935.492391844566,663.3979589584301,241.4557872405195,753.4030710183605,11879.361990887393,204.7026232334436,722.1371764579693,0.2889665427467826,9.873320126437418,5.344195552354986,0,yes
254.60182204624297,301.30424236063425,208.33500128038952,226.36481508368945,1,80.18345224653783,868.8882570743758,15531.785652073373,970.9758027384634,254.186311556427,722.1898596734354,805.5113333205815,14317.107252958169,581.1226532632659,655.656747923301,0.25360255504438595,8.078478498352858,6.491767767392333,0,yes
286.69958367342554,394.47404631335866,314.51218744388234,229.52695847663654,0,78.56136264956396,851.7607876206632,16130.976710623072,973.648971704763,689.9115281935112,233.1650534666761,986.873674553213,12079.217592450092,440.3132695435229,743.9462472122341,0.31259723895403463,8.374580813218445,5.617151192017228,0,yes
272.5681855376873,257.5884691833444,348.05906963769365,283.657275718376,1,47.15245117518009,767.2006509305095,18992.32690405243,927.2805105904489,552.2559872712791,367.8653026324947,867.2955484302285,12875.796946108727,708.5028256189911,632.7520487339012,0.2736403336426779,9.77996872192992,5.98017402399714,0,yes
282.50900167266263,122.97162646681586,280.55846687633084,288.12588227401204,4,78.50780261498373,985.5998686503092,19623.11556127836,938.3069275216741,465.74681725908306,447.8475351398157,763.6442157374302,14064.798944449132,685.1513406202231,667.8973677665542,0.2243877404756873,10.146290837711607,6.408687644109848,0,yes
261.18012472371566,172.41489593936478,289.97906830928827,279.33900288916817,1,80.96123120378576,985.1452399096086,19342.45419130659,939.030543924479,335.6300622563166,609.3854065756019,759.7518503066829,14514.798701011809,809.9350768197752,719.3685328779435,0.2299003729096977,10.005954516575118,6.648134628037278,0,yes
266.2891968485957,101.33706447245854,269.26495936934054,213.54621831720428,0,67.66793359749681,727.0840221171051,18018.779838372153,965.2205299368817,448.1997138915711,541.2375915366479,877.6976095203257,14290.607488712154,267.42598087168165,600.3485696106804,0.17914291605651403,9.289527807909,6.379143884497879,0,yes
210.24934099819126,363.20608354906904,394.17600360840004,283.2912595603432,4,56.213130187474036,702.9509462751257,16164.135159732341,904.3433495677791,812.934457903969,133.21302470540468,986.9772315730946,14769.141294155921,551.1585007222252,746.2316953504551,0.3302997724317097,8.348537142625645,6.740967948165009,0,yes
216.35471468521817,289.1439633535716,230.0971452958175,250.1974886734962,1,63.2345202683501,964.3810253806078,15295.231189880978,901.8459363029694,14.117313913700542,975.9129404067405,941.8051780122544,10111.435746647281,799.2461971262184,654.656591582028,0.2508937231071698,7.972472998237546,4.953025493552394,0,yes
255.83008309697965,394.15010909695326,178.94268694001983,221.0001013194683,4,55.914502589857975,871.206922442853,16052.902389678744,990.3356698770592,264.59256881279737,735.2246584335592,706.380616565371,11473.655337584456,533.811266826114,717.6869634065215,0.29289370526776143,8.342239847827807,5.307228554010037,0,yes
220.79482256051568,158.46130310491213,332.15220851821016,230.44389940579111,4,25.685592748358346,849.494250025473,15402.216364777478,932.9672237444344,337.9757495481242,564.5414770069669,937.0213396475058,14276.555959939034,768.3092321573612,683.3256438139923,0.22292204066391758,8.004090619500026,6.596521549849802,0,yes
283.90177847170713,119.5444465417662,238.30794906368257,253.69659010198285,4,76.08471766911785,692.4282344999096,18216.271015699385,946.112381075723,123.40673596904968,795.6397593591016,900.6912741749996,11865.439505502558,745.7580364474741,672.9334752790152,0.20755264733697737,9.378010483502878,5.60941235539309,0,yes
210.6184324998144,393.0416572266066,344.17754311653766,288.6981396773516,0,30.199776861501277,664.2251095475415,17113.952815259967,901.0749207540996,428.9820759579999,500.7394599489129,833.8266799952331,12880.215986064997,180.3874266323196,732.6755817843382,0.3140927155800092,8.814503644256009,5.771776036989644,0,yes
233.4405816037974,200.6016275708356,171.61990342434584,266.3532544351999,4,22.648921570337556,869.6775363179793,15237.456581716855,985.7902862784622,466.51510839353404,435.2661831912413,716.3459351817548,12485.24791556674,520.1946795882911,758.309352022931,0.21606919182303308,7.933541465727534,5.702305498897013,0,yes
212.4114305938886,309.01021075940264,298.1563152573636,272.0507524472292,0,68.12036490759996,995.2915556025084,15547.708960451568,925.1799375920951,337.03825918308627,641.1576502538483,833.3590158894655,11543.650447380025,309.856238065709,640.607199993779,0.27293916141612656,8.109027890972438,5.283297400292646,0,yes
238.35018987974422,207.11719244186648,159.82614092744336,228.96933772874868,4,77.7583292812174,825.2003435970859,17066.79686550751,951.1697236565086,546.2213751857308,426.1011173114521,860.2974623234126,10853.869395254118,512.8300920290048,753.115645042091,0.21638739102460153,8.833423796516398,5.113377839662577,0,yes
282.7404631595436,121.86291338154966,117.39713792142808,285.2937165045549,4,48.53137795561708,874.8576454587928,15193.685539898897,956.8584555338506,135.81261353712065,852.2887162601953,966.5262027649721,13881.988557836457,366.75940294806253,683.1745314164511,0.1870063961686717,7.908830152253236,6.301619654945745,0,yes
243.78190332583506,186.65922256166112,181.02166025477376,254.50075689284844,1,76.11190354207278,977.6749660027092,17194.39401432999,976.3700469762879,674.4879955583291,239.80755933571083,854.1112790070229,14407.934400165821,898.0153869972621,770.9952549294319,0.20602907320439767,8.935345231239891,6.681012168919982,0,yes
212.88713177254306,136.72622344406707,100.10028506996505,250.14233279122715,0,66.42779165017825,755.2712258701891,17152.660227136483,966.0135462942887,22.66630250212793,885.9985722893813,902.7134429653173,11385.501539271165,418.82260872677114,673.148517103564,0.15987993241355752,8.862812994010616,5.286081811715139,0,yes
297.8085873985908,291.161702375763,110.1906721340446,287.2049328370886,1,57.57690067698029,998.8632185731566,19701.14236045034,917.5036251117425,243.01529365280481,658.6128216163333,769.5566520259706,14671.782199292455,673.1525635173606,797.8195298400541,0.24471322668590692,10.185520929659056,6.664639731613626,0,yes
230.05600317217946,123.15647123960626,270.03328337410517,287.7431695280668,0,95.76857080658559,648.9185399989839,16141.329567450379,908.8338952388311,556.3195848101097,433.9872965208424,841.823849662758,13027.740248115186,755.310186172892,730.077214114395,0.20181627777064703,8.325904131869017,6.071959820929606,0,yes
233.44721452656424,197.66048439284452,363.8522278053575,226.78047761756005,0,57.86235553826674,955.66937618665,18925.212185616514,906.7168299970983,332.65701147528125,620.8793029557662,757.6653957068991,13884.173534021129,889.6186395302487,658.2678283422401,0.2338512856697586,9.786126633266521,6.420045832976576,0,yes
299.7578138113199,234.1993638434534,301.8354552375276,223.97255631301653,4,83.24086262313872,868.7489093558376,15455.506586865431,933.0644753940047,390.3555535666227,556.4945411309069,727.0463718325018,12510.152766305513,289.4661705180097,751.470750161422,0.2630845150388306,8.03509041347314,5.629516029926983,0,yes
296.1835909330913,392.7801125331064,355.7689344872804,248.01880221957893,4,28.449427034804184,642.6173484966625,18261.76684619181,944.7931911117656,443.98137200006295,521.177409469941,789.622851298933,13044.84068937317,647.8123639798921,602.4283818966585,0.33477206562695033,9.389671888812087,5.994675089929688,0,yes
283.2505558374037,357.5563414362025,199.18483916268434,224.367142392186,1,75.42069555989438,695.578878423666,18732.498064096082,915.5827229002438,672.703602553895,298.7739150516626,801.6270382961851,14369.072205336182,605.146693943407,621.9014131853169,0.27690091501456116,9.632632015197427,6.515515251524258,0,yes
266.0672125606666,271.21277341063507,186.33227109368036,295.3755470518385,4,83.9757946481133,813.3959353266308,19526.025647461032,953.0514570847421,517.2276260068128,456.3689987914862,955.8249176070569,12475.350184969793,817.7986489753686,643.3090625238864,0.2648949103445433,10.060653520441141,5.9078584553739715,0,yes
286.33453423033484,181.13093525057818,192.52702435581062,223.111105942591,0,79.99934405892232,810.7486700589964,17400.360837004537,974.8841341632545,903.4973011535736,53.91905595503215,881.7474452794464,13185.447898921768,287.3245201116508,760.4804732888213,0.2017143584673303,9.000240393187001,5.963310453362651,0,yes
290.25202053787496,341.92246593159973,234.24799832990692,224.75967376347833,0,27.259944273696746,938.9369630610652,17632.744691581127,941.095710332159,440.5698319253203,499.93736768654435,920.4584609155074,13049.727549131243,119.88970239374348,716.9981838422615,0.2685717635151863,9.14076443586694,5.849437822026592,0,yes
205.77945214572924,156.88871621748177,221.6833801691517,214.2345091764425,0,46.84149424786596,633.8656969607575,17580.826868476222,935.8171536239113,502.11640695136634,483.5655766944527,928.759494787927,14627.660704572354,189.73401428920607,774.606451205996,0.18172085818712563,9.04606082705056,6.52575125787349,0,yes
298.218826145874,135.6863454185978,381.1179202590774,204.213731525281,1,71.37965538273333,695.4858962256981,19789.717776894155,921.3208530534647,230.89251124102597,701.6972406816799,924.0291374210879,13222.585701314663,829.8194009672175,621.909331344303,0.22189751985338696,10.162006041948153,6.190400137473901,0,yes
266.20966183807167,341.1721183939984,379.53643712399855,239.66045825837352,1,47.54698098988567,717.8385929564099,15718.802836829886,955.527657661049,369.1799625010148,574.4430792541034,817.774459901864,12661.228609614986,247.3549275173129,771.8060029132672,0.3038147059960682,8.136163654431098,5.7116570987518145,0,yes
204.41388813209164,320.8969998361064,378.21905825314525,209.39341911501018,4,27.413184737031095,990.2436055717792,18092.666787323105,969.3074596485931,65.77778020834789,899.1403478559187,725.4352855068439,11975.849954858291,637.2602858680752,744.2058174918146,0.29104899986106886,9.386406604468897,5.555791100397907,0,yes
298.3373835190414,389.9551719243496,220.73712880004686,234.8066389794863,1,78.25345438486568,935.2315233716765,15712.527317348366,977.6323019216368,564.1997295621989,341.42140898970433,978.5253860665915,12808.802888410088,716.350825804893,674.1665565832872,0.2985267683770043,8.184843419286414,6.004456936754016,0,yes
239.23630125954614,226.28744490215803,333.3303273161391,257.56586169802375,0,31.770543628663912,857.9309818544706,18787.972879443292,985.1026469609752,612.3491964724763,302.4446443142227,985.7898139218214,14946.72110698095,470.676385872204,669.9828480058281,0.24280680798880291,9.706053709154094,6.7649626418096585,0,yes
245.880506844102,213.60352371899307,287.5621154946673,253.06312619379545,0,30.960733291648346,663.2012131926099,18167.574580126657,908.8603288895031,956.3217810563508,0.012911067738741622,952.8321204707805,11002.714347517962,385.87631056497116,721.9145978991548,0.2284170792922251,9.342152368962875,5.152803654134493,0,yes
244.02423086053278,299.0171346385961,332.46947866731807,284.0094999151,0,64.7791816521617,888.5686607680298,17957.313314317744,941.1746767009673,362.94578358341346,617.2140820378951,973.9982535712772,10020.745264383479,652.1363762575339,640.903448321881,0.28176937051278655,9.291590782621244,4.867613563939758,0,yes
293.24211383187173,158.58146249868014,184.79355205854677,284.14318309288967,1,88.70775355022064,784.207069589499,16175.811524938092,945.4089703505771,169.0774625830448,759.2315878608727,912.1655486926065,13396.577642599623,732.4612200681529,649.8143491062218,0.20932465770310413,8.377980228779784,6.219371978102601,0,yes
251.92134747546703,243.444451191673,170.68983048290374,241.89080794499864,1,95.2111600370918,992.3794686949611,18070.639526196363,951.5012478555207,161.07475693192416,823.0683194002338,725.8444315109577,10343.053921310851,431.2368286704163,708.258922788728,0.22758569833592085,9.37343232801805,4.818323414500566,0,yes
209.6178981350478,368.5689704691641,199.06893744859184,278.2551584097979,1,37.78475343482861,894.0367621623298,19531.43186327654,907.1975480326612,411.6128574013475,489.50490381419473,899.4775163686622,12603.813282657426,547.5740780287588,610.7336107528929,0.2780203086033549,10.07523908498184,5.814411921204208,0,yes
205.64317089335435,129.9116013185631,180.97971128747827,201.42566364769573,4,75.30800523749797,673.8796254135083,17309.402500095144,992.1387403869111,353.0898695077854,577.8364531435366,993.9352096993933,12434.75212902196,266.99181090121533,712.0345852485685,0.17978886042860787,8.926861903739372,5.689708625164836,0,yes
288.8176527450015,262.71045436004005,299.5532469771971,242.77014674909114,0,48.49953693575767,909.4082861458082,15477.453192215547,985.7752959721353,815.5005060934005,168.25701458631704,843.3484355399975,13356.93539755974,694.7825269793728,635.7090425409355,0.25603778950540407,8.06254428298266,6.166706437083772,0,yes
253.60326196737032,137.7508075061717,370.84317116214277,222.26604562626815,0,69.3608630697912,963.7209106320761,18213.28134180777,906.5166991633463,123.96592595198102,873.3814870246188,727.0644485902548,12978.945264398815,808.0114555988406,761.0698836564836,0.21437601665982992,9.43198329487655,6.032711921239546,0,yes
213.43113234522002,226.99125719652204,130.5440996836696,297.8008828441024,4,72.18818852692579,781.7151623471017,16380.591013140973,987.2767306793559,700.7787241588131,213.50850945990715,862.5291625810912,14515.859370414206,525.0267626576192,678.4532368312747,0.22839930376800688,8.485592866490673,6.5660982578442795,0,yes
209.16644343169466,321.6400405598191,253.85901945384975,235.3210423123391,0,53.54094455861875,774.1336899140421,16907.885062885547,969.6544546113226,790.3385220447975,136.4055908058017,801.2281140126656,13607.469772300221,795.6839565803585,730.2898068481403,0.2595433450789182,8.745115622369621,6.295032658632165,0,yes
280.08541520417435,384.8051495493451,160.05623162478074,288.17230371548817,1,91.8673296103879,805.248125536302,18098.012109112024,917.762534610652,529.8926189637759,399.9049651615586,993.7129309190599,14078.14435092208,327.36162276570406,711.4402814771097,0.2944030522900705,9.339984291895963,6.370891298945431,0,yes
235.48752755243333,150.05224482494071,177.46995749433756,243.95712376672063,1,54.27711791518931,849.0931421317495,17491.415679300437,929.5248591135432,853.296773322011,141.65104911146818,903.2258547836798,12139.23483789805,277.73628892073896,656.9940281746076,0.18477398038810253,9.048128167433202,5.54109815597798,0,yes
236.81424377143395,187.96198437522423,355.4448256120824,205.89331960904963,1,80.13620174246404,624.8569590173969,19504.004652810792,937.490798289998,684.3380836905886,283.9801744198893,818.4789363794481,10007.912332637732,844.7846806591973,743.3917442358728,0.23133874532760781,10.005916838550242,4.8892044047188215,0,yes
252.79981849490292,366.8840554064358,206.24868822080163,210.4631486054203,1,65.03232025330638,620.8758145812063,17638.76470318467,996.0332220660433,458.8787691263534,468.69168404768664,874.1362712927375,10552.99092592578,880.0708383831017,648.6983179589856,0.2741040512939303,9.080509879379363,5.125522010661274,0,yes
286.6376291640021,228.7944543745079,330.07874324299985,234.14848001096686,0,56.09974730924886,711.7382042250822,18595.546110516814,979.0458277505761,135.03133338731283,835.6279687864458,771.1547942243062,14237.20592637622,236.94347212063676,640.7892698514507,0.2475312838658174,9.576437008443973,6.305654942615877,0,yes
231.18929221344243,281.7259891376627,254.82824982546154,203.8591643532463,4,72.56001199021489,975.9556520352937,19280.199455273872,981.4732981292509,727.7937978541966,196.45458721987382,850.2221626670026,14533.457987487229,627.4632830103484,700.2134434436551,0.25865091428077736,9.978557686725486,6.613418603889752,0,yes
255.33918269028734,108.10922910710329,124.46021613599194,240.87141060959934,1,71.82143559358087,822.1076318223566,18779.343899470427,931.8216295466864,562.4054692541786,360.99642236872114,815.5211152235456,10539.947704036986,685.906922136867,705.3629287742222,0.16149276646302183,9.686347073329244,5.026075367482979,0,yes
259.1867071463204,364.9630209566655,145.810688995927,297.67136672840695,0,75.14636250910452,918.8832839831417,19919.53247916806,998.2689389382421,848.5168799983094,112.32296676730584,900.6073922354086,10632.265481060254,893.7557021879204,611.8608637070761,0.2767690807220075,10.287474412581425,5.173050067256956,0,yes
296.11415286442684,340.4849342293067,213.47383783640566,272.85789260567117,1,45.06244430986751,831.8064519440818,17503.565225148785,932.2251574696438,238.53819171878996,717.497901988319,852.1326843435871,14853.183956645036,423.8668321215238,693.1928687900473,0.2804419276891974,9.050687887120333,6.664073120517298,0,yes
263.8847897554076,105.45314656768164,324.3034347831144,246.31955932517536,1,27.383221465803935,884.2461765176522,16641.84224108638,914.6275661430619,776.0587166441852,141.09187366409526,855.5569286880187,13236.444799659197,643.0666460913366,620.9289929855207,0.19698393766396677,8.6292395586386,6.0916121610764575,0,yes
264.09723236933917,253.70985523113671,266.804693717843,203.7915436607659,1,55.55199450684906,828.0328773870247,17917.0069275525,999.2907143425019,14.557408365824326,940.0335369038281,800.6041631709628,10966.569187104556,837.8133924866881,796.8061703350663,0.23984856693413326,9.26581630430203,5.26795740890482,0,yes
252.14443347905572,266.4690692825352,374.766869255384,273.36603581056386,1,81.2290908550826,760.2557815315135,19541.341706124724,911.9105174724058,143.86113423446585,830.680672232714,999.0926635489735,13984.337262515037,859.6534472747518,795.5602562009458,0.282175817408015,10.050832463813979,6.565781466019506,0,yes
292.42798456595773,114.63821933188765,262.25403294188357,272.38158168213243,1,30.79578784093556,871.556813021681,15731.325620871554,986.695943134322,341.28127215861986,580.8096115717269,886.394535761978,14175.519553537837,602.5633127439933,667.7076953976409,0.19750376082179383,8.181026030772845,6.470177532984698,0,yes
212.70697682923492,167.51660750130281,212.44694855793588,215.32176515364756,4,27.020324041682365,748.2861131901672,17072.191698912306,996.959746957692,692.2007498248385,268.4843699110809,969.0781120993556,13259.281085217324,164.4964027449218,798.4948184027263,0.19872534588767374,8.825314385418052,5.984170596693598,0,yes
210.74836955054707,179.32658958347088,284.6879160123314,267.602174299086,0,97.9130884149029,805.114588363236,16482.54516964425,926.1154340208648,713.0856798331623,271.9657189737642,894.3747679983264,12131.736661118579,646.8848526830664,673.4342290027922,0.22101884412713554,8.533363866286056,5.683004613218961,0,yes
269.51327809512145,144.51698895525672,190.83313535221538,260.12140643323704,1,84.44928732629887,951.036604121976,19482.71146003034,921.5807089797603,23.541174646550147,918.5934646588274,959.3346069420586,10532.723813738823,521.6424477988439,740.7836870491733,0.1965616086758736,10.065844258586731,5.022262742265138,0,yes
290.78071128513716,313.9578948325178,196.6217265880425,263.35117955338376,0,58.14037620979471,733.9839330368553,19715.137006454177,911.8390792203244,229.81058740571692,739.8334242825911,918.6877213687521,12729.542198193749,379.4599358414306,670.5940448707786,0.26152725401065136,10.131903334599032,5.82237793933808,0,yes
226.54749108358456,292.2430240226938,125.86512787772193,229.31908475345793,1,32.28440704205316,858.3634105870226,16667.007891358382,944.4790268026696,852.3644879701038,64.68815438839624,825.141757572634,12561.614798073697,426.81816099767457,730.9503884335625,0.22450813355211777,8.640064411410584,5.737471330632335,0,yes
226.80084826022218,177.46395783271794,184.44122894176166,269.16657631434,4,96.14773913076499,691.5961779503956,16395.818088121232,915.0493871569136,22.23953415224426,879.7599932734464,822.9351801414862,10501.078547363835,608.5892527908102,600.1479041318887,0.2183420651857099,8.46334411691481,4.965847804683101,0,yes
254.72286074392343,133.66495003520077,159.35732762382224,265.0549120928775,0,38.48893793821718,941.9360508686684,17320.66886088394,959.7264305930239,931.2604455996585,41.973494233936435,969.0125630146654,10793.849290844613,120.5138904120231,612.5402183019295,0.17526324743753974,8.987975828422684,4.957548114787879,0,yes
203.22860587890284,285.4751690463329,356.6832680711104,210.82223841716626,4,90.69659493177637,812.5755570936869,17677.800581114858,907.2534342152903,112.16346236486798,838.5537614566563,777.1745225077427,14854.109779359915,325.2361738282201,775.2202922114318,0.2806647420592058,9.130081340741361,6.605152831731821,0,yes
262.55051526170695,322.92237422821336,172.87123864319042,230.25585303035137,0,32.843944632831466,631.2565058006779,16933.24196335365,962.2960251433583,595.2374795871538,390.0804227230261,777.8171601848686,12832.087880937634,593.9856197631647,712.4247468895252,0.24698990288529787,8.725341457477931,5.900538775260574,0,yes
267.21062387142535,236.07320085684339,383.65246882475805,221.77398333479965,4,26.80005113647498,813.9393582922964,16487.266203418298,916.4662444621355,258.1930593672758,685.8065400511823,913.494853242565,11083.44583259269,225.57367123352236,654.2300028478323,0.26854022124073373,8.536377448164144,5.094627417097857,0,yes
224.35187428600233,185.8781698456667,296.54286922311996,200.48702975895725,0,85.16448056809776,888.6024084591305,16247.108721748062,994.6895578335304,789.5626265099733,146.08967897050786,993.6762914682984,11843.231954002666,403.45142932745983,678.4484625714708,0.21270155235882854,8.44388351512634,5.503800319763822,0,yes
279.7765171690368,116.32619033722962,395.2326310070991,228.31886868321124,4,96.26414549313077,945.650146505635,18618.02621001679,975.869310898345,459.19138040916414,484.9716733795565,958.0659586587003,11300.461337856448,295.94962903648104,757.7121144459522,0.23458994550084075,9.639733282807285,5.24110147183299,0,yes
237.65436970169512,347.3392316489868,151.30482930553208,259.7624921629438,4,97.80839401450363,756.2462228952076,15347.369232145646,987.5361567650274,240.53258859263764,735.4518411669346,831.5339998477579,11405.61346933563,724.7998506001925,623.6890682512781,0.2793641362673982,7.963359847522488,5.390812116792965,0,yes
254.89418285271887,398.84944213747923,286.27404368285977,241.21225188603844,4,74.75019205828806,904.5658752165515,18944.94066859874,965.6055034159572,604.1753153239562,357.28861852927696,789.1232713104965,13942.254947017136,184.23957335865674,742.7096049104902,0.3225317379337426,9.792398299590031,6.185944975085229,0,yes
249.07813137963802,118.76168100552115,182.67586200049797,295.47057033999243,4,57.82899154763601,730.555839136834,17574.779343831753,956.6489242046164,565.14737298709,398.1302381888851,866.201121683177,13495.19049204036,322.83149783416434,606.6404358377249,0.19776588630286865,9.067112595723062,6.075743349824064,0,yes
251.71647217320142,195.3744622326629,341.07429226620036,289.8987335941785,0,27.046709838816962,807.0819634436704,15406.656397375895,942.4520886437932,875.236842968295,90.88123932168571,862.0029057840317,11443.857958266193,393.91805359021987,788.168164556873,0.23944098790373053,7.998099591908004,5.306307463468953,0,yes
254.76513016068816,371.71982285583147,172.35384546790263,281.4886575489912,0,65.7846441667404,992.0755202720238,18434.472456037638,937.3951755578817,644.7052702284604,325.4620985630729,947.8502746010876,13130.752964191219,490.27834398700946,756.6866823295605,0.27980761615855965,9.553340208697108,6.050308973501895,0,yes
259.78442547983576,247.9675436039217,175.3857914906904,230.97992868679765,4,21.158537717406567,974.9445576903213,17706.33036978546,952.9325954059534,392.4795323988172,600.7819527219569,763.0620199655,11810.531085531498,510.6998826174859,732.4238938463552,0.23183720983022357,9.187450974152757,5.456448121929426,0,yes
251.88218882369526,192.99276614581174,176.41977589242873,271.5534080951552,0,87.31410896611723,974.3387798323133,15016.691881142702,937.1509407766492,712.6382542156239,279.4321248139629,734.1938483547669,13750.749419652506,600.6481731862935,739.5769881688739,0.20948539224175552,7.840323369851283,6.257750977349879,0,yes
242.63348141541326,182.87456996109057,143.36471689775917,252.4875864235823,1,74.01149451283672,834.0239920782337,16278.456492644991,988.8904357527431,800.3497165153285,124.65405624523123,745.3785424234502,11258.888147323929,873.994700893051,740.2531162609388,0.19617193664078222,8.446442251645252,5.365667463770556,0,yes
250.77686511696555,212.08397488678094,226.70586554813445,261.79827343790134,4,55.28588543463065,936.7911940814884,18985.42542106493,950.4056557765236,338.8562050181084,649.5042547852042,935.4163815013774,13680.734047013346,561.8869415337684,668.612036858566,0.23706145874736334,9.817893602262249,6.2848458178453095,0,yes
287.29696850518735,115.91106253575589,107.17373732252503,288.6811079108657,0,52.507767346227425,897.5422569467044,19496.44593875087,990.816280694324,518.5309883935558,471.75667481801395,943.7317792069787,11254.71133528038,172.2837746398584,701.9123153773025,0.1683354706733051,10.07004264165651,5.166573570285414,0,yes
299.0769390465592,207.89933906856868,333.923374375695,216.61872053523587,1,25.447276105884626,920.2478281209951,19267.285576356226,947.5076066853421,372.71712165884287,617.4651812163855,920.0839669106916,11281.002787873736,317.8094371394595,737.5939273337269,0.23816012570307835,9.954647875191194,5.230547926809494,0,yes
256.2100952060722,274.0611523267446,264.3692013581675,286.39391722613243,4,66.3340283100789,960.7527215188027,16873.569011364518,999.3970376075177,943.2262337239612,28.856672757294405,773.6954110758116,10309.353067629456,350.9283384994183,798.1981044255822,0.2763800929458474,8.774229823743534,4.80215221434305,0,yes
201.8161544438972,281.70322185329303,302.8594516766163,267.22763573629925,0,54.72109030062157,691.8656818891108,16560.17443245058,942.6984032926907,307.45569646810253,605.2299758911499,990.5473737815114,10165.374057142411,536.6868580222445,767.2853780687807,0.2589708419484543,8.54936950987451,4.893316621292829,0,yes
257.21016783890127,330.5350590775354,203.8071760062043,290.8453541763945,0,54.06428382989528,844.3991676981022,15069.51488418147,910.4024391881711,111.1856134924291,846.4010168790072,792.0859587998782,13058.183278312232,392.5595671064174,625.1535711259776,0.2703316166602944,7.833506223955073,5.900816959134895,0,yes
273.35316578907833,187.35446125463693,168.31555356479333,231.46800574086066,4,59.62627508649153,917.1408229543911,15334.510093842171,932.9627072894395,86.84721769701433,863.1159211328811,940.698232245496,11261.471008492857,754.5844203177259,621.1413140560437,0.212827495758409,7.985555037746485,5.384813447758401,0,yes
249.6116446180724,250.62749102001013,321.35946339234476,252.47206024103235,1,48.36008908316434,807.0339277388316,16597.63391584963,948.3130068531946,444.89454434472054,493.3045677399848,895.4151995559048,14080.226146163957,431.30096655715187,618.1178038452393,0.25652645552054454,8.594383107293275,6.36287781323575,0,yes
205.12275769911662,380.72788524049247,172.32169905852894,204.68616969493507,4,68.12460415008174,953.6593058582525,16152.966446990486,953.1836870671297,219.09706737324973,684.8877314318589,986.9081494582674,13049.938709547414,478.7312522977845,658.0884194119908,0.27806705112698205,8.40591004534173,6.006881784850063,0,yes
238.86255038476241,327.61742989444815,179.49747280243827,213.8842049629043,4,25.14846414468223,961.0337277793437,16486.20015517075,980.4195986789928,316.43192169407257,639.3475966606936,888.054477248468,14572.396075335546,197.0898574077484,732.2033185012971,0.25895644505051657,8.57797880032884,6.480537040992051,0,yes
211.3137941422747,125.54297441065157,384.5091822096609,224.8922722134315,0,91.71628690445726,653.5094232322707,18169.494805084174,916.1557617478161,713.9561766669643,264.5229244774349,823.3925004998543,14404.477771593838,544.7509322004307,682.5638159806011,0.21021963283058992,9.341989707180861,6.5231457740661805,0,yes
249.43128735914073,249.91978800504668,252.42773311608443,260.6924878326598,4,95.6364257535895,722.7467075757625,15013.241945990847,967.3508293896411,389.351742447871,527.3418236672856,839.156093308522,13362.079261676465,428.49443843667376,714.4220502615617,0.26202237919109517,7.786095633431672,6.06169640717595,0,yes
297.0502653474869,307.92997704742953,363.55809097355365,242.44371033834292,0,54.3018174007533,845.6107353054784,19095.353878907656,991.8186569229877,955.1995097853919,16.461666612312683,835.0415271151626,13244.313319111123,395.0779029788445,611.2991200451158,0.28863395910966094,9.857900776048648,5.9935917500052325,0,yes
299.84185274607114,104.68128812448366,306.33045055552134,226.76708407659527,1,64.59504129806066,656.8090036513308,17120.06731668872,912.0079530519602,156.723560305299,817.5255630560991,905.342118506279,11164.103614142205,123.76918620355823,753.7033637827109,0.19840147052325616,8.817430457881846,5.100209411818479,0,yes
276.0169502696303,371.73943803260494,131.42890160313186,219.96126892195014,4,91.05340171538684,829.7140728354411,16528.53350042614,904.8914074050947,525.835525071047,420.53130403859507,853.6151196969572,11248.95413389634,488.88182552989036,695.3934417743003,0.281191549526836,8.558964948269177,5.247939896287505,0,yes
231.55645804933678,183.57436978322477,236.8228681187855,242.9515048640428,4,27.498998701962236,876.1014897970188,18104.703039906188,935.3805543467154,657.6788299554283,279.66542952530267,890.8067009417297,13002.582088778301,190.52887658092024,600.5509325306759,0.2179900147130724,9.361667921493039,5.8312602032517855,0,yes
245.962542278377,235.63222533020445,326.24476351315786,223.65826287619524,4,77.20863963917438,715.1524421329591,19816.59938911786,958.7310599014882,790.9163486807753,118.89599544412738,719.5705485625977,10511.431842255484,876.7162025681265,789.7112217247668,0.26090795136329964,10.18491110854365,5.061962037043869,0,yes
215.5648837622375,106.120753794058,231.77876940891397,247.93535586165737,0,74.48510784586303,932.9374155095041,17371.507336079183,931.5878748596289,61.41437873990119,839.4576470471993,772.9784370074442,11924.356669417224,829.6260064244523,704.1248784858212,0.17488308003400685,9.007469550676444,5.61706902608352,0,yes
253.73704937861459,263.35682770049846,213.77530048283387,283.22115109076265,1,66.9963786389643,754.4160636689337,17798.57116245001,988.0442477262454,649.909855872274,327.0609060339211,782.8829604897559,10614.20757024878,102.12278963983748,786.6439932522105,0.24911552489704883,9.188625499321711,4.827376643209172,0,yes
294.89565027695727,376.32596310785965,253.3584165744826,208.90934408296616,0,92.43007140540634,996.1508681278823,19962.04570579601,978.1198829396815,457.4430189292042,508.03285968978605,823.4653246821985,13506.049436971087,210.53704118473027,721.3087328909537,0.2917663753740678,10.323679856487795,6.033435181043294,0,yes
284.15067136209836,198.1793166747214,146.92848992209332,284.88871575722254,1,97.62144294895785,626.2642026543363,18979.538826743395,928.644900405958,520.4018686545787,380.24883482738153,714.513655789582,14457.312305166784,405.3635471982108,652.3658214532126,0.21770906684802915,9.742777464665705,6.4303213363365685,0,yes
228.29147174834452,253.45031547430486,364.72886904225095,276.29400992518555,1,30.445467823623673,862.7830917553836,15755.38014027247,958.4823640088289,485.0664000830976,435.8675180303236,898.7625020412461,11622.673554094676,638.9257214871238,607.0227962688529,0.26614795061670304,8.187174100234309,5.460432722775673,0,yes
295.34032705259966,382.0489843087934,101.6924221076945,240.88576472148983,0,60.2495594476361,644.2038434092777,16487.0406038734,998.7004030465896,502.3790513403176,491.501010164705,960.4246757853716,13032.841102180202,530.1059619761456,643.3573189003727,0.2661277481358463,8.510102150561334,6.020432708456027,0,yes
273.9494986751607,359.7594228243213,309.4403053001031,203.56841890632438,1,97.83828512438878,973.5455236512814,15240.379865523952,992.3635784619847,38.37800409270845,887.190956681302,941.5383213773208,13881.423341234971,779.5125019551182,777.2669216934983,0.2973148669198431,7.959601641368614,6.460355945304444,0,yes
224.82523431504373,116.75171539680129,213.37351574171706,294.5169812540535,4,30.907793823263585,630.222060632618,15109.743808293071,949.155939213972,172.7567543207727,806.2814697259705,878.7725899669518,10838.480801374202,397.3284744316718,685.2115633316124,0.19646234280369027,7.811557471769494,5.060355955314524,0,yes
246.3684333213647,139.83089633205378,380.0877920243287,227.1861497347266,0,23.791496251730095,766.7120421690804,19609.79714149417,948.3129156420887,675.1011868270497,276.3577190442767,857.1640279278912,11121.502005940461,634.8581357364839,715.0872706316317,0.21139847113177096,10.09148172223162,5.2600698162356725,0,yes
295.67386457397345,304.64370988536643,272.6709300561088,293.14165409225893,1,28.06352149133709,959.5280435262753,15324.972553091353,957.8540150007412,147.45510160334797,822.2897102523601,798.0146023743822,13409.294837780893,204.41071856336404,601.6466729610755,0.2798093649725996,7.993903419544996,5.966983952020861,0,yes
266.6524105294814,350.2894202013816,399.9565462762323,254.89234465223035,4,82.56437135133878,706.5241832964887,19447.261355665483,980.6229460187591,347.0504843434311,571.1056185253009,829.9830881841633,10408.329822040483,302.23550512187404,694.2105975032782,0.3310503529884202,10.001364784677223,4.823555418220221,0,yes
282.7448680930158,128.55597762977726,346.3547620314473,275.5278650729408,1,45.29172088521911,952.8568694472119,17855.90823792452,962.1957201907909,601.382928809806,384.49970096085224,793.8508470051657,12215.68201919316,134.51839052500816,713.5938337138504,0.22111533854879223,9.258438376730911,5.476835779757409,0,yes
283.9972212672842,234.01789179170328,179.08183742486918,293.5147047049024,1,25.062932816595634,807.3017816718087,19344.39097379255,962.6292345396995,405.5629962040009,527.7258702382504,842.9214737734758,13823.055520154569,783.1497018449782,681.5211350756805,0.23105917288983643,9.96979289252354,6.387387281429135,0,yes
209.00949314440314,177.78285315667654,395.1522078130291,248.90276716447548,1,36.023138448276946,728.8617414302729,15960.655882540865,990.3805240616709,462.6986739891327,533.4977912504012,869.3633155194741,12524.779928402084,346.15654068856395,730.8965657527586,0.23475385069281277,8.264338220110838,5.719055722717756,0,yes
290.00424236994354,120.53745388043936,275.5030917065088,232.26907961195712,1,76.84293184353311,924.5851716196439,16296.772613264788,952.7230283797255,619.2862750702807,322.2136829722517,751.0388399088877,11445.623392124024,643.1055136712811,773.1191039854232,0.1999718362312253,8.471098005714344,5.356904492900908,0,yes
212.43767658415456,357.75116941303065,258.6816604492219,267.92762881239463,0,67.83135114055085,741.0278929323334,16782.463520200385,902.3635622480813,412.7736507710475,587.0441221712292,712.4478925326852,10246.346876409141,419.50602635297923,723.3852316756211,0.2836829669806665,8.665831079132408,4.773764107439947,0,yes
288.053758609366,321.12893451435923,308.83073069642916,262.27115461209576,4,94.29185735370856,687.3532768666907,18572.437004255175,914.1253788712277,152.93310799838417,747.1278331726512,719.2809177816206,10435.713012157299,574.8340722572877,692.8073706797813,0.3068215216714957,9.550595657931144,4.896612306114881,0,yes
291.2494195540302,119.37736698202991,103.32734913721691,256.78568540820885,4,85.88229852985152,890.3656724341774,16262.759270802111,949.3013712224507,71.7838196566083,915.0428559729419,736.2282800645265,14628.649996738572,864.649346282944,754.942671245173,0.18327042295439677,8.445837971767048,6.716639863302839,0,yes
209.3650208293248,351.65828630241685,391.4879393631185,296.176959558945,4,32.068870891159726,621.1987863519208,18918.272693252708,999.9521390133051,839.2219100899039,71.29462828908834,980.9898467298788,13992.009515777749,298.98265472805815,700.6897907203819,0.32457391434574806,9.720878392996234,6.315939635411291,0,yes
210.1213479799107,144.00847884183096,374.3511581302741,298.94863189866913,0,31.486269178063395,634.847358752922,19215.22355886736,951.0778857104538,638.4483197375116,325.67192782747884,739.8890695449408,14721.485199712424,725.0487431455373,732.4629002818359,0.2226632071282808,9.865569733438102,6.693274037575393,0,yes
241.913915704112,122.48722431811385,233.28109231457844,297.09268411039926,0,48.153522561006945,839.8130634902332,17511.997710325468,971.5807505559543,463.30991481943295,492.79866572285357,925.9380752407918,10856.846261863368,167.89274956572308,774.6221565657399,0.19157972049967814,9.062117891480396,5.003477783814594,0,yes
283.57014780863017,359.3499147289458,379.55372298930854,214.98299662096736,0,83.9875788168517,683.7230939597724,19203.11258047943,902.1475078578145,630.981047822229,319.5475158583441,765.9157778965952,12738.676296261583,713.8930018141713,762.1989140936372,0.30893299533695806,9.863502086773918,5.908177131466931,0,yes
210.91324153554422,156.41800408048059,326.70962379241337,216.64974914187894,0,87.82130217967051,989.6982684479552,15326.969333913592,999.2143175325913,267.8776884590398,690.6726275723822,904.5730518781538,10123.627836288464,101.47989372995197,785.6753953806524,0.20882082364535873,8.007573654883812,4.676891505007422,0,yes
276.56061325225704,304.3283829335011,227.34442986700665,217.12560215631274,1,88.88097502296306,658.5743291761025,19323.003280542845,919.0733695386665,121.78869140237553,859.1900038186064,732.7590050245069,10034.02372341505,292.9570042728209,603.3497529984879,0.26063872240256136,9.920249981723531,4.627966653169185,0,yes
222.32598920339913,159.5861495318668,281.010705094025,257.79849561489226,1,84.65378466065187,823.4763594472169,18077.683502903306,902.3207293582707,831.695438132141,94.57735379675569,705.995839100176,10245.777697815052,775.5706791514189,710.8745614592256,0.21422054529549808,9.331790770484227,4.901583832835499,0,yes
299.15844299153764,334.83559021506926,176.0447229490641,293.0748980318704,1,83.50072969222248,842.6426444121391,17430.562341918154,947.5721360996218,663.2477760030001,323.7307044559766,709.8635053588052,10472.079239412682,243.1715824316001,793.4109949481855,0.27995801601441894,9.018727510062273,4.80002734419725,0,yes
271.43097804020505,186.38740376903309,309.1825106823878,201.5460771333462,0,67.08668546350219,973.8295425020005,15515.422302459585,962.8383864482412,262.4766020435687,642.1095567332534,986.4386555894303,14556.744038758396,118.63127017588609,753.5105327451013,0.21932422644304198,8.093104784496091,6.478059749271236,0,yes
231.58921517200366,231.3833724325626,169.92005760921353,253.76388149399924,1,86.20388820616901,888.775751430857,15545.163184650795,948.5666488171563,712.4078233486493,205.79261360785574,759.4380228802077,14929.772592405021,193.28700086781606,739.2372122136778,0.2212793043427014,8.086578467244786,6.566296337021814,0,yes
207.77765620055266,199.63975340100086,121.84432752083184,241.58824369146788,0,83.968388530207,982.0755846746462,15303.654319345962,972.7269797980869,269.2859872663017,668.1081180096676,858.6820024717107,12866.953291350896,701.2552292140033,640.4915086844985,0.1892439002604789,7.990486671650026,5.973671019736341,0,yes
297.03626521902834,219.3679549681978,106.18175308067079,248.41682246276787,0,24.791986341335132,625.4480695878377,16967.29446678164,903.753652309302,539.2472325384973,419.9214030201715,745.9111969645154,14694.807800300361,317.47875823485225,618.4975653008252,0.1992178166297481,8.733075467698026,6.5063133410630485,0,yes
234.07220508478125,369.1905880851383,304.8688904075966,250.1894844102285,1,37.24181029108033,690.8091444376685,17907.854966538856,979.739929596406,805.3522734097598,190.201893041738,944.4639793065637,10633.604674385142,175.36413277431706,707.9360618152429,0.2968355831616376,9.228084241461557,4.921181893599224,0,yes
255.94515777344515,201.625499558601,178.5864509671759,213.6303785058023,1,27.806765159996054,987.4854133281219,17935.36306772134,961.2937426161845,492.82268445417503,421.53782386121475,905.4975316264704,10150.115173049533,427.7233785249054,739.9853694574225,0.1988204678993121,9.306011889792423,4.806206163125137,0,yes
228.18413803284656,248.80391565820162,177.97867925712512,267.12414718814784,0,30.631096652880956,980.8674810530963,15253.705760245395,984.6715294049691,665.2149236759744,289.0011144335783,841.1736097190808,12485.001074866635,571.1383406676696,614.2224455984989,0.22111515160288994,7.966886044965284,5.760719415006399,0,yes
288.1090852632044,165.92931023926928,182.22542310210912,296.52168753923684,4,68.7781223665049,871.0229200330717,16151.401514618708,955.4936266331335,928.9186743606169,10.855449126387725,966.0482168445606,13709.01430566564,194.90537703260566,662.1556274295104,0.2230694545719341,8.386633463540228,6.1540682897719705,0,yes
206.9466032115929,264.28241297351656,397.64133662453435,202.56071686717738,1,60.118292982143004,717.2858142218921,18014.314170789952,906.947688257912,391.5087916056388,606.8459271030013,827.3378352760337,13619.288900853306,272.4695390006614,776.2195150197601,0.26335134163906965,9.277138726564477,6.116901083927225,0,yes
282.2024883719221,231.47642688341185,368.2758172439123,204.06614986379756,1,54.026191007263265,907.8063739906439,16161.888124323686,999.4597252813775,211.39282253089087,714.1775961683338,814.8612634055211,13806.783868489692,114.16908901436508,745.1763113081488,0.2534045629889777,8.406295686683475,6.109419786190944,0,yes
266.74332081887553,206.4048701549192,132.44734390866057,211.86410819482697,1,72.82187832008997,990.230254444499,16510.551922027204,909.6590587011672,817.8584441095331,104.78065884682906,777.8423909942271,10426.530800985376,158.94708096600488,699.2602260003245,0.1981755415090894,8.58715730030192,4.753943323584169,0,yes
218.65367448619747,281.6804840475395,175.3246415183208,292.58930549914635,4,86.29367681502313,767.9752928680473,18696.963761749663,924.5144918319488,616.7106999736104,366.6137204877256,809.3940201752398,12105.738336398434,866.5299854601518,711.6612187653017,0.26062175387372044,9.63208046400097,5.7312704564381525,0,yes
212.45187787812574,156.44279395116862,269.7903454349208,210.73688517214265,4,88.64237698226974,949.8471428693227,17024.000500438447,990.1954781823738,948.3817154279702,5.856279067275068,799.1966027237443,13920.820419769603,704.4004768042718,695.0542888204175,0.21256177812256874,8.845665743113539,6.3821645421833555,0,yes
275.96596361116383,145.75974426935107,319.7282701619861,284.1637886756508,4,79.84162108029915,735.6458538337384,19418.88935830891,932.5732488128664,167.3154434909148,747.018528998573,946.6598483072538,13844.384224676058,600.0082432912352,786.4314905057591,0.23988366297193317,9.986983904975023,6.375474584541882,0,yes
296.1964669447456,313.86973488799333,172.55586097332758,253.79058816060746,4,51.11328887302694,633.1847137234722,15102.93953830052,956.2748417369527,38.12431196912735,874.5151631659488,887.5570666003982,13118.903239198038,190.66959746353547,678.2874643422766,0.27056977099140944,7.809780696797206,5.883337196056652,0,yes
208.5225561142375,303.86227935519423,238.86183177061093,272.86715137939507,4,92.47518519248418,755.9347331941109,17292.071512077127,939.2463287701719,778.7569433027513,174.54951836665134,869.951966977502,12642.87754303623,779.4664688221371,649.1331674687915,0.277756019149115,8.928981818995288,5.923151854549632,0,yes
220.40867624215568,201.05133299353287,391.91075668924304,277.0457430042543,0,22.897653134486173,723.6493174089103,18288.342292539382,906.3957437927902,658.6848245121224,242.4093331862381,951.9077652325245,11559.016624243242,163.73254275795705,614.0065035597543,0.24483100932999818,9.415480931166137,5.264352415574854,0,yes
294.711895715792,193.27668305204023,187.89565329247552,205.54616377830288,1,25.068594535223284,958.2168508131037,16911.160969621636,995.5611269927484,800.731218540305,177.76077173172882,826.5412965048455,14420.37511683811,646.9349331942691,795.6103806172911,0.20029009075743434,8.791910702323563,6.586641573289503,0,yes
201.5088846297587,143.48876335883907,320.8578882471443,246.2458910178459,0,95.83044879262711,762.3550514233782,15948.021615386138,956.7934155541938,320.92832542946405,604.812033504908,962.7892306896629,13618.736740038445,639.8601016624922,790.6856529557513,0.20821854533696454,8.260793825714932,6.309736998821803,0,yes
229.2988206172304,166.32111672579512,109.03640934222702,215.0579409681553,0,63.39947439643844,969.2651914196748,16275.17586692654,937.0821166402235,639.4002191913077,264.4888967782647,995.61552748966,11609.630408774043,555.3521247959432,628.9461568523063,0.16817986846462518,8.468387768348657,5.461060710647758,0,yes
246.98538118392264,139.522739917593,383.3540921370956,268.86740475939826,0,67.67697542410777,934.8222767726768,19806.340326040598,943.9773823319342,648.7816252657883,295.12205419901727,878.7046095353606,11332.392425906135,302.1708035767298,676.9045161012416,0.22585875301450134,10.22701711079303,5.213893306660186,0,yes
275.3443617210834,310.40640513964627,380.35792741670735,280.7495316980933,4,23.871688632497403,894.0162257492547,19469.957995970333,976.9236152731825,232.65147213709574,688.9606217581069,815.6638204049984,13652.079702705892,638.1203621730483,626.2279669493613,0.3100712682482212,10.05407463589072,6.241232628707442,0,yes
291.5413734638681,167.6366599330197,285.54975034839657,284.40841642527425,1,87.17512492032665,904.4845059915278,15055.266105470897,924.1870062707243,263.6311271017508,646.5692313298896,770.8969957200427,12875.710854021316,406.5550618813867,682.0942447708895,0.23274274524650299,7.84185062420377,5.825918222202278,0,yes
250.82825807091663,229.4982111442847,229.38944555822138,221.35623334125972,4,23.731535066377756,616.5937250110075,16554.349946941104,931.3828506622809,619.1359771515065,314.9029562030131,710.4637605955077,11942.933753377818,154.41497297352765,727.0756197716032,0.23251607967724278,8.528453630928489,5.336978778833526,0,yes
212.39159092213214,221.3232683884519,169.6901618252475,288.5414358199387,0,25.75325617254358,837.3568915419295,16957.578305874576,959.9145775166982,888.5884889498393,109.72892375453557,908.2096302456622,10685.16139618332,727.6507006995653,787.9966253320806,0.2101415418379358,8.78274664725044,5.159239111450332,0,yes
215.47825318610276,163.85316034364004,155.95370463358086,265.66512511120123,4,25.736212470887956,786.6839525994544,19276.393227576013,960.5883355662855,345.0929651281958,560.3277035964554,980.2317635532095,14526.795938377385,346.2452455920097,662.5643856717844,0.19621844197855182,9.93091199433506,6.54274293837205,0,yes
237.82577578258667,193.63472118530785,354.879968194613,205.82093700057902,1,43.38584032011224,700.3490799845148,18161.752847014843,988.6539847920285,786.7143982023014,136.89541947080795,923.4251558141664,11933.799250218026,123.64042546200054,687.4679450032183,0.22898823707579619,9.358364233899708,5.399539532588521,0,yes
293.99538646503214,325.7700758141838,187.98936046505213,299.8405022329427,1,29.67102155728897,883.073028014214,18770.067860479703,940.4447055334884,933.4492481799307,52.56710530509099,724.0358604909543,10966.820100790017,648.8261600399208,784.8898984141808,0.27265264430481534,9.696622865777865,5.164581756281802,0,yes
289.1547848926774,146.950668427869,189.31978728774618,232.21900528532208,1,86.9296502629022,770.653233058332,16423.437881426744,907.5852419776941,813.3058260470737,161.99177116866701,961.1854310461172,12897.18809046719,309.878929487965,678.1958215445657,0.19445118666660158,8.493598675236155,5.880383559509028,0,yes
243.68059633847733,391.47993544056715,304.6948492489831,271.34295037838746,0,25.095606491551365,638.0690073141285,16743.9627889756,986.0947304065115,594.6521660809364,310.01943111906223,815.0511324870221,11890.321732105956,889.435295412053,774.2013858026977,0.3056349744418996,8.635476186848221,5.654024853237236,0,yes
292.5177483725789,181.09595115528055,114.44562441241648,255.57552534341932,4,48.24251003121446,777.416364884974,16960.83147337242,920.511438457479,55.06848237358682,901.3393505305637,962.0440939647726,13270.623175935956,671.4269178788196,747.0831992763609,0.20536809963707714,8.765565135118042,6.181219658036375,0,yes
210.98093842292403,262.6600722774507,311.623112005268,288.1914971805371,1,65.12085805396592,783.5019483188988,16751.0934108331,989.0309714370414,610.5122875000604,313.01459686052533,996.1272744113082,12741.785502462211,813.056344514187,744.4276539477473,0.2637629615841078,8.671484986584835,6.035102580383718,0,yes
224.5187100523216,340.5005550893209,211.42455795578434,240.33799950827654,4,65.45554050261867,991.1663292102471,19752.072959138015,971.4818425170283,66.56862368185529,835.0834477471799,728.3995393650324,12709.312299256511,372.03904858955116,692.1057930305719,0.2790400146591001,10.216623240759132,5.728705847745431,0,yes
228.67397901263325,366.54477782896237,235.6582764468649,200.07867825578361,0,80.2058295981803,824.606164653571,17813.29578180898,928.8612092592093,245.9466922677102,722.8397552294109,961.9087824421092,13905.87826834608,468.128796132072,671.902752683728,0.2726319549225778,9.203477242826292,6.3457219213225144,0,yes
209.34151909596136,309.89870992713946,161.87470816244976,256.0445224935993,0,89.47636228151262,870.4864660143146,19784.068072820017,916.895610154839,741.6388246674621,174.87292537689666,717.6682746275277,11850.040989540717,275.2146556220173,716.1007288750977,0.24513484824035814,10.19755007916621,5.347171175091456,0,yes
289.0007480272685,246.1254929183014,251.97300611511338,278.72449776559154,1,98.9591220950565,676.6475215519436,17568.864652678367,966.1707796684607,541.6832406414542,373.5522425239034,982.6589600772986,13240.752357650976,608.157253963139,627.3568504422759,0.2574463007528812,9.05360696482142,6.13079010583537,0,yes
254.6305545162061,299.926314463577,249.6644313964097,288.77011446477354,1,82.16215886236972,935.0758527573166,18691.61173033512,946.7185095357136,394.15290839413404,531.8977719191539,781.2568048489597,14452.998701274853,533.953876055552,726.6440271374603,0.2740507770004755,9.670087503422785,6.519985715877378,0,yes
203.48187671140337,143.46137268222492,319.1025151900217,233.67129495517844,4,49.37754098328368,747.9927947266746,17133.830836441535,970.8981274209227,816.9451614415086,90.95951919876711,753.1462774916145,14736.365059660653,351.6161686800375,612.8263616741231,0.21574994841918557,8.85245998059884,6.531715535344408,0,yes
266.93435880584195,171.97537328361355,191.8262959163152,266.8877596737106,1,58.29924725966624,884.0594723894467,16748.597626615596,943.0541198249965,701.9552361177072,262.6524253943063,974.912612474618,14380.832369315376,701.7522991021043,781.4783555253479,0.20548269428863142,8.686469496360578,6.648292499962187,0,yes
222.04367181301998,314.6128877591733,397.94815242921214,246.56938822431948,0,25.884841462659594,970.4271966962049,17590.090649690155,981.7893842413246,776.0064225486386,155.0279160153575,917.4718707447265,13658.360704904828,411.37757296602393,688.4303693505065,0.28594969789499997,9.132273804763997,6.203221314630139,0,yes
237.13375711196377,141.81781098199303,156.407162931157,294.4291682152153,1,72.96274464839371,918.6591941204625,15001.758788912091,910.1432906446239,863.6792874497122,111.1603197191099,884.0039203075003,11310.18769314502,682.1496244462312,748.558576929429,0.18991912261708885,7.816403331222478,5.3728576626065845,0,yes
297.2456749886172,254.04480112572153,223.06861726587113,211.32061212467954,1,72.23943220117715,693.2521935377628,16844.282336457498,942.0750739070897,696.8320736011001,272.0999372174233,723.2635183497629,13489.074263510032,210.8575134517964,632.8657577037644,0.23903714945556995,8.691642426902593,5.975536221391893,0,yes
227.62620693311527,178.4986379596187,223.2450111831302,237.73581166070352,0,40.8436138432655,982.1690476546187,17816.69199487734,934.2398746190776,222.51400625450293,773.3651555852314,948.8780530140066,11912.298069447837,119.42722479709964,709.7220068239085,0.1973816731045607,9.241729252652796,5.412331166396266,0,yes
221.9939045300718,301.97532137065616,253.4329596155883,207.16539276592633,0,70.71349619056024,653.1913709640053,19079.27366997742,974.0553009710742,485.2491639110252,476.99751914100545,896.9150545601792,10856.125362817249,115.84795886684711,771.485325490041,0.24973927452484326,9.804766886978145,4.971189763349485,0,yes
261.527762868677,110.57153617710345,193.77913230834926,250.05504691308823,4,75.9262298370304,951.2660052785452,18712.05796278827,908.9332999461752,460.42119754991324,443.020607062291,710.3531823371038,13698.943460095326,640.0339437538067,765.759633211283,0.1914771304619888,9.678841793645315,6.234540715090223,0,yes
224.39289346314564,176.94940065176814,124.31543798674002,279.72314380795956,0,51.87112489224649,876.62118021687,17647.413769640112,904.7233746151422,261.66489830805995,661.608447062123,863.6314982007214,11025.729839848862,394.63948997101835,616.0433844082252,0.1863512177493821,9.128947606533446,5.111384895614987,0,yes
223.9043459496629,123.10160514774391,234.37712139434495,246.05663114025145,4,38.31743043930792,810.451203894393,17245.74011885199,919.7796485063463,747.3833304410806,155.8530734573784,921.0464295491861,10228.668110890207,279.5886573901898,616.7116736265095,0.1943258836363819,8.915287172807815,4.766855931962217,0,yes
298.6780389662988,100.76453508589583,221.7460002865502,243.43812730937606,1,90.5083289475541,748.230566044403,16178.568136968317,938.824955554972,145.43128166010123,795.7151053408467,955.8768895359599,14298.560579379067,828.5520167776812,658.6379098219062,0.18636284989276403,8.370465193786805,6.639003705986526,0,yes
277.7054072632605,207.66579793908022,167.2976538632638,253.28476631749814,0,53.1639582768043,609.2855741112799,18619.53733649829,979.164016914761,754.7972560270663,209.00212218248134,978.9494330243876,14282.86076624602,459.54653106367294,752.0852553731829,0.20885050599504248,9.566038029435857,6.509808197271232,0,yes
275.2291048366801,392.78131937215335,385.13674493182646,260.2741375468336,1,76.26671080404836,626.785538942012,15322.127625804198,954.5294088833597,632.4753330264541,345.7251126020403,743.8767588613503,12750.157286528292,671.7364155079782,621.4693053717335,0.3344532569601721,7.917740252169865,5.872357933429958,0,yes
299.2606308076389,102.36436933932316,134.52598000192484,260.0510856283964,4,73.39516414688553,868.6947161450466,16548.682330649364,962.1829754769032,36.88880088967142,907.2409800923659,892.8185108824664,13077.403778378026,690.8236195274058,694.4516391951546,0.18280329651119276,8.585669693378664,6.07534621322185,0,yes
218.94603139673774,394.33311899297246,115.6485543325922,237.20117527694845,4,50.13153805102305,863.243898641561,19415.650131659364,967.4868564042122,488.89610928137233,471.2181955078813,929.6170323339138,11231.437137215375,632.078996478143,669.3199953021192,0.2781604723156976,10.018654830009744,5.327073169979026,0,yes
290.2298825430065,114.24910646561594,272.7942593889121,247.87445834846636,1,75.83367199564768,742.9659473055357,17185.501174388457,951.9509057266409,851.1203280163577,110.64821188076064,784.3117437164392,14070.707553192065,712.7583136975958,638.1344115495069,0.19993749787705964,8.874570274752163,6.433069995559666,0,yes
291.31150241691796,248.0537196310367,314.4954309653052,203.58134110847544,4,34.58544143089517,840.6873070314452,18198.36604501859,909.4269237384261,511.19305049307036,411.8173526337963,732.2648245424679,11411.379640104125,567.4985680644743,689.8591780393165,0.25989297709270925,9.396964101823452,5.291883784745513,0,yes
283.3722490229463,247.23871328336529,386.4343920988986,219.93064356911827,4,30.290963322808395,833.8699271170356,19345.223590761845,970.5913494851197,74.95544592234127,852.0631451942863,904.8012126124704,13587.672135985942,888.1800704609003,685.9867573189024,0.27567906026016986,9.977259285014927,6.359726595285127,0,yes
268.2230962935657,153.51008638250968,246.74573997415757,270.5573653460118,1,37.259333086268995,689.761179703811,16815.099726780336,915.8487664329173,445.3494211768758,487.07237421137756,908.789354815517,12189.240473595468,111.19068829035888,610.3002867605086,0.20733292779289764,8.672691179348119,5.481976736782206,0,yes
212.82155268798004,396.632602484139,395.8341740592216,272.99669634262136,0,99.21684567581329,623.7397847012446,15503.168783837766,935.774252456168,471.8152457812915,488.9592255965338,709.8783246162743,13677.50800348357,637.3899355294252,647.8021072294422,0.3316750780540358,8.005020169406079,6.2169982446487255,0,yes
234.15114895113103,100.00635718799859,240.15063041989097,242.52753455902968,1,39.20399918189031,771.9414489748731,16559.058655303394,920.1784352974582,394.4433321642907,531.0408452480764,739.2590479439448,10797.514648436621,196.94661761443157,785.4299692459804,0.17494243456500985,8.563415820840026,4.9139329756770405,0,yes
255.68467054563735,366.2627127881443,387.27000242472377,244.80586413975377,1,24.619584697688595,725.7442724206592,16434.035424832677,922.4799503280641,860.7035155706724,58.375326560000076,716.1653612129784,12917.029542235061,783.4431433588751,618.4052083238411,0.31221367437909214,8.490987457562653,5.964174195621469,0,yes
262.5816110949105,362.0012114680076,250.16857680875697,295.2268152832494,1,43.65473459867121,818.5075220437479,15670.258100427583,971.0717053285148,189.5795639320241,799.9550370675743,938.6244350199929,12249.334296768899,593.6107307148388,612.2516652765316,0.2964377536128108,8.136398504316015,5.719044123693914,0,yes
239.43438940074438,191.46588040926758,279.66620130837254,209.37514242253988,0,46.15914196717589,710.3452219410111,16201.528719556885,928.6367401617322,696.4271466343893,234.24821916473388,819.842981720638,13293.501560705648,247.38665558332391,681.0560535717173,0.21034064552716472,8.372182048894192,5.951609609653757,0,yes
279.46089268158096,140.81941948842774,147.88588422798048,284.80004796308384,0,26.014189375336507,718.7316950095525,16648.14636396616,958.4370648403241,949.917129142239,1.4667783444647284,738.2234894381301,10445.516303747603,230.5582585668657,659.5103811310827,0.18134266713946284,8.601433078008663,4.773048836662625,0,yes
263.74596282142,204.63602947278005,330.96053801373364,239.9176943874584,0,49.972036587950186,726.7584854380958,18189.116509486164,926.676573654593,736.6049128017669,235.96022838101612,869.128028280643,11618.077553234003,381.4014034969827,772.1189139299812,0.2355295978832281,9.369326353796286,5.3725859027849765,0,yes
296.2974320949456,359.92834457379115,124.89793308215317,235.94051293213795,0,86.19223599177178,672.5020314999243,18866.3773636897,977.002524857827,181.85765088519315,785.858999190247,822.9576009734506,11823.501921167983,595.3622619530254,714.6001956868257,0.2643146588268344,9.70295118707646,5.513565001372706,0,yes
233.74042232442616,128.43744839642852,381.4579233541719,235.56311082925106,1,66.98854185449656,925.0087840525084,18021.182803846834,999.657810195032,620.8577865459486,324.6803467762617,876.8970923232439,14288.110357870379,871.6328678588787,705.7280694696318,0.21662405412707003,9.339889355509648,6.627265372217544,0,yes
200.43982427767216,395.707668270965,352.0205905332108,223.46322194397288,1,31.315292321504504,965.8234235380021,18016.49569283547,927.4870267804265,304.571917276951,688.7883043984729,853.3159740278684,10676.563158638723,517.1489063693239,697.1018547345869,0.306536508563702,9.336940505891913,5.036885533340618,0,yes
244.40940550766214,303.6558420853545,356.28146228629515,284.7468659774131,1,28.521679025996338,675.3403190777001,18507.37526747166,931.0707761498317,101.59538077858977,885.5263545001379,866.0152166769026,10458.72081192411,103.84706886498574,775.2630160704907,0.2880261317079579,9.517748741725747,4.799009882531357,0,yes
265.58651332805186,395.6203691636687,345.9204678504569,250.0983533453375,0,61.380083479468354,885.0104118103316,19690.715141645185,919.4787286428943,835.9700285100104,144.69926828199164,901.4418607691404,11465.079261420853,489.42668726264975,745.8403757301537,0.31861836601122623,10.154512250130145,5.365145471200562,0,yes
259.90335943384594,395.1426361115481,399.3649314277268,285.75833200873615,1,56.27550013050243,859.9465086878938,15855.039030368473,976.929951884364,884.1719646290321,23.575072467217865,882.0996542919241,10767.909769980142,695.4658967127851,760.9331343055405,0.3388874265774868,8.238910120519375,5.152943107697984,0,yes
202.1918424602831,180.29273943942144,260.23715170181276,234.21811220417337,0,62.32182050093604,780.8631978849087,18586.397027984578,969.082422276333,819.6684751625346,111.62236062583167,950.3705129758265,13578.503534860969,450.47066317352494,664.1322312379219,0.20428314457384802,9.585789595759008,6.196914799619024,0,yes
284.48101682388676,149.25703488774508,202.76010944790613,201.30592866324497,0,80.29096170336695,959.4360913567832,17681.72305827756,997.5573223655072,394.7671929835159,521.1227951648642,743.8759800537376,14598.54678973894,563.782692882932,709.4918918907169,0.1864522463550853,9.177748888900995,6.5715252417371,0,yes
275.13332366051884,128.38984455258458,130.83024558046748,225.48832300777252,4,43.96788313911589,617.272180670126,19165.65974881848,936.5814311693616,459.0611875052327,536.9916795422253,816.9468536131349,12537.377658833037,123.2844580914188,721.7586311616517,0.17880580426785259,9.834969011120096,5.612749227476892,0,yes
202.66109128027225,357.7201330604628,100.78792414692201,255.9057320068155,4,32.05333255054892,689.0105191287091,18032.24847895594,900.4049600453051,266.5148860236755,723.9792098464766,896.2707509189854,13723.120752770612,136.8714882803917,798.5102311874264,0.2599564720523081,9.278993047076646,6.1336567094021275,0,yes
234.5796140149252,158.96413228916782,164.58131661728635,281.76072651201594,4,52.40962164448484,666.1981514508823,17391.399609454766,984.5684155297937,106.38590332269042,833.8263995854098,926.2657210238589,11947.77757355522,344.6910668781061,696.4801886835291,0.2049722692366137,8.965128941139955,5.498151011483252,0,yes
240.59490121735865,399.48145802792493,127.50914485753033,259.76585343314605,4,76.45407066620979,771.8322039751957,15801.384953358065,984.1174645708377,189.24429660811,729.3923186106213,845.6469704079348,10935.285708393325,661.3927112252752,612.5465261848885,0.2931486883498998,8.193353976960848,5.173624210232925,0,yes
236.51556793710225,270.3389529675208,187.14513701265247,282.8447406897485,4,58.93150290609863,621.8803634258638,17736.568168597976,994.0137608723326,51.35051662861994,934.0678065625474,776.4598702448607,13004.105822991427,356.1739578599104,779.5590052392482,0.25531619542715983,9.129349949649155,5.882609882425718,0,yes
288.52392420093395,212.14860307507445,103.39323769725137,262.2151662018622,1,65.28482683725102,882.6605832626196,16443.386528689924,941.6720419003007,414.3076361862026,500.9036776075383,971.0389886874079,14874.278641065604,139.63137487695337,606.7204803342643,0.2065428153593562,8.53335735448023,6.58944578189301,0,yes
296.7067755268532,244.98271863562894,353.1369335874043,293.2391135066467,1,44.15496698367938,738.7619815559982,15091.321528414072,988.5118555397759,300.789229304988,659.6485699513612,841.0686195501389,14747.511834997782,649.7778486701311,783.8978429478037,0.27421096609512785,7.831599710589571,6.72038510758182,0,yes
207.9798288352019,320.2949190292017,134.14053961328312,220.50373621838375,0,53.69431201552503,986.8920206725566,18494.748320042127,944.5614993932932,222.49361534690595,682.0242853425248,733.8616462110788,13782.353465905473,778.689316242146,772.594523977969,0.23196766101542965,9.583264525805923,6.33382806861527,0,yes
261.0456927369183,180.52684503130098,299.69039301445093,284.66889830352517,4,55.17445055525624,830.2582300111011,17114.748506328873,993.9401137533395,265.1755686398736,716.2039760455361,710.945626406987,10638.8821099745,491.1084039725553,629.1445977177706,0.24489442672451237,8.864443433489633,4.943866786163177,0,yes
298.6827998843354,110.41153111026276,239.66861066700517,240.86493098610566,4,73.45088713691756,742.6624787389544,18385.212468437414,969.6762118057062,722.6373991352584,244.71170534786165,858.6597802007702,10386.152990049526,829.9235709668073,797.1497238441655,0.20314720577084672,9.476802150303934,5.057661967346942,0,yes
224.304611192047,159.03892801405192,315.29117083075914,208.8150220718407,4,62.19326756618395,954.4063590003921,15714.335293436725,949.7858096608992,665.2946213846906,265.4841689524286,786.4301021585205,14647.459254627682,725.8928742069078,728.1695523584403,0.22048693808507083,8.18629833729143,6.677464637405615,0,yes
206.875692685413,173.15287123426253,295.32708259287176,225.06505698962664,4,64.37340995660136,831.5251975340004,16761.201655311797,959.7422125813765,352.00621926413794,581.6537390724385,988.6923344079567,12121.588758906459,726.4245849417314,627.7906310342244,0.2234635119004624,8.683225243102136,5.7354237459281325,0,yes
251.81949002244684,112.25733087658382,259.88018687630665,260.4445248759833,0,31.742784183699797,827.9098796954806,18302.648777125236,947.4611449165337,849.2447782279783,64.38153010394092,805.9505370454796,12874.434697801891,766.4325423528369,664.9823043790749,0.18466767601331346,9.45144721611856,5.981598463793833,0,yes
241.9401820304584,137.33733844355027,147.0022514801059,207.60290615802725,4,84.92359677623898,697.9136537023879,16766.842852726848,902.7982982901159,139.24219101924658,806.870880090632,886.1759442364703,13009.032316069606,898.4670791537436,741.7857477026267,0.18299209718672485,8.648572518548328,6.134932178654165,0,yes
246.69696691706685,136.86100256245197,174.5603141175281,299.2958598147605,4,94.61338599407519,789.048752820084,15253.678135442367,902.8746219247732,41.73045590878787,922.8085977028463,770.6950069361176,13195.100907389875,321.4036779436017,688.7077535958543,0.20847168159055873,7.912169866087132,5.927860520672,0,yes
245.9113740395906,106.70361373909417,122.01135561644524,205.38707116107665,4,76.84720199900238,922.4403133795888,19427.072078997517,970.8014195345238,219.5750715544744,774.3647960388084,870.6606062784072,12929.524513911812,586.7288385948611,693.5590114753655,0.16478367207477979,10.038250992081963,5.9724531818771975,0,yes
297.03519274617855,114.16464088752195,187.18670176484335,252.59469326331498,4,60.49758688279566,682.3245373812315,17721.67890286001,931.0867883718996,362.4096916095399,589.4391289273424,743.7746287252382,13471.707075807799,604.1959717176126,644.3327155221681,0.1946606695528997,9.126434123916,6.133275078085623,0,yes
262.1829436034457,107.57474077756717,238.3993493253678,298.99572276514283,1,54.28426247160018,613.8815126166637,15475.333568367718,958.0456760141933,509.69252587296353,468.3155249810104,861.257091100855,10636.33744125434,348.16171431450596,799.5123890179922,0.19435272465007508,7.9920195829957645,4.9678590546914005,0,yes
211.16335311031216,121.75688529288051,381.64601003305734,297.5058185708042,4,66.78212651722475,776.7719182130334,18349.286909260158,977.4946358025305,201.27995499890875,733.3384080202161,765.3691483901736,14492.610133795868,897.2395966892587,637.7124684997584,0.23550100547007913,9.467486692364828,6.6642578732795865,0,yes
255.56705653910592,183.79213280700577,347.804980212946,272.9425589264014,4,39.41157590444882,625.2237167203488,18951.707693982207,967.0840627584706,2.2849644963505678,981.9691964061458,861.932854851939,14518.77267433218,774.1993516520588,607.2904000312649,0.2508039091988166,9.733920808258311,6.666999722129126,0,yes
269.3453329727542,346.51857849641556,149.8139238532873,295.09829526167107,0,84.00205759750904,995.6988492408977,15379.68914181319,914.6725678285969,595.0087464696754,402.83534149318973,962.0870042051749,10326.151951113701,740.6473310118256,688.0480011104879,0.27207628350911267,8.023675079692003,5.029057870257625,0,yes
219.59644934905702,210.38223642421787,159.46888208437474,216.62892399388448,0,58.733308120556956,895.9815120006588,18110.231145893464,993.3284178240583,900.2770622731734,36.85570775365579,891.1885466581207,13792.622977863564,241.58320483654495,659.6039898082973,0.1943931047124481,9.376929432070394,6.175541612783341,0,yes
292.07640011144804,100.38448092626324,390.5886918767175,209.1253502155237,0,71.33238659899135,878.6639515613815,19675.188255896777,933.8689107194705,801.1712598753131,150.871945764084,825.5937261666168,10324.535708197389,306.6593014924672,784.0850486209085,0.20586875433761676,10.147282817986344,4.806626159276017,0,yes
246.7997057059156,340.64066101762467,178.7326483369248,203.35137268693973,4,57.13803224415553,643.0565522756517,19885.356116676026,944.7590356195793,692.9908037422098,280.6578347879298,934.9621278603877,11433.385978643291,748.997851374459,601.7583466011756,0.266930079600212,10.201557673185222,5.449788101061195,0,yes
295.986754606827,271.92386885489657,227.8874055474248,239.50234097962073,0,54.50295230573431,816.0134112707176,19385.112662715295,971.6012186836339,444.0210616941021,469.152586844419,730.007480441407,12527.411910803143,551.8788902829609,799.715998225125,0.24639957644771476,9.99334055645374,5.744391909360651,0,yes
211.75508274900125,216.13589366124697,194.77349968800408,237.30809422156824,1,25.487192896265007,628.4855924236633,17144.679965746473,922.629852970457,0.78585576520521,924.5091062834975,813.1023095270924,11979.32415769256,253.59016491896372,600.3161293875328,0.20672281245991883,8.82500825623173,5.41441765424063,0,yes
279.7100759449004,349.4685647794857,348.801929849978,295.5929380079714,4,71.28075701671804,894.0772405697878,15601.8432780483,926.8911520383101,271.80302491682187,722.7747322770457,966.6918607720211,11124.719955408786,799.0230961984462,653.7950021977439,0.328865457966986,8.113146089629595,5.368722432286077,0,yes
203.633800861691,351.34427961606445,118.0349485456912,247.71164349454799,0,88.99655195016759,900.4311873732229,18995.606320127168,933.1097456399186,69.61811669736461,919.2847548660372,791.264673673292,11818.59701668128,560.9424007205089,694.9799845686579,0.2504979262400122,9.812322128029635,5.485497998128412,0,yes
258.7538864633204,368.38294973463275,360.41386317723027,237.21189074731618,4,70.94540080529633,752.1787625736297,18823.039363513846,967.6579846409186,355.01542074831383,611.1403254861532,750.9629194433626,10069.407984607178,676.6216857187026,732.9927156187746,0.32438285382026566,9.697544109059784,4.817852927701553,0,yes
220.53085162177894,381.469611169747,251.90903963937183,284.49285279110734,0,31.57317084758794,627.0980213875524,18917.513837829196,967.2107358799258,685.8303035452841,274.97962370781795,779.8508544973253,10609.008326645995,246.50580563215723,701.5921747509035,0.29159310424860874,9.717249507895135,4.868311294779171,0,yes
263.11209351400083,282.9976009234879,109.63213046755098,226.12389967042265,4,76.67232203291476,912.8006986326978,19878.22284441562,946.8019553957133,457.2816582731746,456.1224824386624,814.6549958619496,14739.496356618269,777.2163894043795,649.9966138757643,0.23912618828394352,10.258322962274406,6.73342225010196,0,yes
229.3522656905925,243.66229832837885,392.5051129751208,249.02274530896193,1,98.32309393295192,894.5294914173626,19137.69262717259,908.2851424601786,743.0895417175773,255.4471989467662,935.2892432372615,10251.385224896709,128.19521869865324,752.0244374682145,0.2710013027167208,9.8786296755302,4.752013098435615,0,yes
268.0797041536503,222.93519296637845,303.6551644324117,285.6739421866676,4,34.95846036990331,650.2419418398173,15289.44047524019,956.5413825886395,366.49291797172293,592.0208147905587,968.4743672327127,11187.017303286226,207.2757283180647,749.4692862578554,0.26120084959705075,7.906789563610272,5.165296087771496,0,yes
231.35539143701476,300.06038136585585,385.08005589809164,270.5574120173094,0,61.701676636427806,973.944080516477,17399.443491249265,900.8581546213244,405.1880251323007,526.8576154025834,881.676489284183,11416.51997676749,790.4855646039082,627.2513448894645,0.28803055806933725,9.02664517496654,5.435922481929677,0,yes
297.4048742566302,219.62568767990302,286.92118882142086,264.9590339400852,1,28.4498779082414,629.8624617080962,19970.30639655967,930.7670641224614,403.4318969161345,579.6175086148626,767.9057379788785,14976.079001833457,619.6572763128219,609.6607224692929,0.24328366257080686,10.23923577393845,6.750636770601072,0,yes
223.60802591289087,191.18482711749354,131.0132700537782,236.15063359352231,1,84.66665685371512,969.7192430852832,18527.77444265024,999.331503509865,539.710150727188,455.15761301923385,956.1472722653489,14046.394337786944,137.8859106214187,745.6727237324478,0.1926944741898922,9.603385229558869,6.28088280294457,0,yes
276.81866860178224,307.83953488347254,229.40857991016605,280.2720171178884,0,58.7323685078333,975.2201113024253,18044.96508358165,970.1262798081575,426.9932284774701,534.6579116759543,903.3617082861294,11330.205870847461,431.0181580738496,777.6018176305935,0.26732731900237494,9.359202243186022,5.2902025856799675,0,yes
288.3296012073134,158.2222349580029,364.0727950637035,249.0879231917794,0,86.49959693607057,630.3505301559532,17299.66006959559,913.1952041316265,140.18904351949175,824.6068793547519,881.8900345571878,10242.205682372452,453.0831903299674,741.5770691826626,0.23312556259154849,8.901614658872186,4.850878588246743,0,yes
228.6711106631135,365.0708017369027,124.50010112836625,260.27178983144483,1,49.20908868697442,979.1033996820515,18910.088117723582,904.9513606904767,446.4745775386989,470.5884550497258,850.6082353774167,11607.952205394846,243.13588408102217,766.1752849629147,0.2619521831458158,9.783714571100413,5.297402060738384,0,yes
296.2500122778823,230.38627019813956,175.4903714426971,257.023130532601,1,53.38370955491729,742.6767412619623,17394.936547993526,951.5997625811547,809.4224320537867,182.4504078317632,966.2616615401041,10762.743411977008,321.0600768654433,628.9060131684614,0.2267019693746348,8.979175649449394,5.028941099385275,0,yes
235.27835409043377,199.57840327302,346.58834823231905,259.17665307953746,4,59.07725613830735,658.4265836857861,17978.873570229487,963.6648605516177,214.22041367822922,707.362694246897,766.2948327727877,14866.881314854487,242.55869639808188,793.4451601494686,0.2540289925577292,9.254276636568072,6.571276670441442,0,yes
216.6903641611995,341.3703132121476,215.81812113423064,249.35280918016855,4,26.999023552083727,849.7806899414479,19114.947678867236,950.8407499794034,695.5245213149121,242.57547402387263,738.8946773208411,14324.157837859359,859.4985762661408,635.2985494330933,0.27624744611106977,9.862975560828442,6.571352626976291,0,yes
203.17680559658214,307.85740780314393,259.8907234540645,252.39430718538216,4,98.80212181099998,978.8251099527621,18015.82548831556,922.2180240750234,794.9837930709772,131.76866723134515,705.813280691568,14849.718479512172,877.8817969578355,736.2313609820409,0.27958648050241186,9.338877923382494,6.78743419160381,0,yes
214.67531107498627,374.48783499130553,340.51582207600643,285.5127142086728,4,31.138517876709024,649.3798888534844,18506.97560997166,944.5842640635468,202.22648498487942,735.6988750129141,921.8435445402068,12233.32810495253,831.1693647144322,611.9840395032999,0.32193181846585084,9.513723879808817,5.793799422288758,0,yes
293.51076051818796,335.8366219823854,363.0153173464469,288.2441371580388,0,61.580848581656596,697.1626890544387,19781.736616745686,968.7738789834258,838.2516937479618,142.53591902044195,745.2805157354062,12510.268264991304,783.5312717145462,713.9872184252326,0.30931452434027457,10.164905419350033,5.834193833784386,0,yes
279.5795001839321,138.66705207258934,251.97030942595217,230.9900129734117,1,49.29866530240651,810.2321407726911,16551.5238220009,909.2452098540592,179.0454662754837,721.6054990778139,732.469701362211,12525.747371949317,799.8260634008491,742.1661026324556,0.19747805453454623,8.566690662182955,5.834507649006144,0,yes
258.85062345538086,299.6717283059771,235.50249395145815,283.01306279303583,0,95.74678897038356,666.8059728861222,19879.68177125483,997.586795452357,774.6274286279979,131.20988646830483,794.939293196468,13422.680896551197,684.6900153895696,665.7433793576113,0.26820735076070873,10.211208448353563,6.162832069725445,0,yes
257.58639933954373,185.756921465826,285.1006200716492,255.9871024630079,4,96.77214196374698,633.833876577549,16678.716885723654,949.8734917069318,348.00122566034474,577.2009310563127,943.0397157032157,11322.174583113683,459.8784110343149,636.5629460407667,0.24312491159060678,8.596929787630106,5.290766705934683,0,yes
246.20685995731836,360.3246167158693,225.59296469943672,296.34879599912483,1,51.69454845627527,855.6192013539309,18232.67995907685,921.3315792156352,488.5361713711312,460.698147203056,979.9109345230588,10897.684736724534,593.7037747394997,642.8282980254074,0.29001601357728773,9.419108235892375,5.193367111107163,0,yes
256.9060930640974,235.9801565845297,309.78915524281035,293.21307156893215,1,25.09807354405624,664.5580440414726,17914.09186011763,925.1510923251191,387.6227636669733,522.3587397125752,712.7763772729776,14564.009160624519,485.9077090100385,764.0518328999387,0.254500544173344,9.217934838717893,6.520550550031317,0,yes
248.03261275366808,120.95510899014387,255.50450144775303,234.5504375152134,4,70.19774489346602,621.5942705743424,19034.63146397337,935.7955233722072,465.9966127290074,443.58460864129705,976.0966631545073,13311.847938638302,230.82223357002434,657.060290894071,0.20244770482299645,9.770287428690148,6.008785977478371,0,yes
201.8133132867601,346.75184425920895,353.5536750086304,276.0623527755602,1,80.32954879484488,846.3808689425936,19681.42051833468,942.6289105968926,652.943159212306,284.39702780643086,932.6142630626123,12430.55403965773,356.4698258211096,731.7659175513575,0.30411524033448745,10.144318001434373,5.702783368507606,0,yes
274.01750294703277,115.38222523498621,312.8489219713522,223.0544921709659,4,94.92202731131283,940.2016330377865,15751.822625149918,901.0172893156628,823.2836756231695,161.62992705802742,821.2715288908951,12487.086603424297,857.9247481842864,660.5910219311468,0.21578473119341654,8.19510987211708,5.878613243602823,0,yes
284.77218169666486,162.3197873758071,223.20215574412583,211.81065549266657,4,40.813566922195264,705.2088027391624,15727.793996875615,960.3761329238663,226.53853555333635,747.9256906189778,955.7932190936631,14924.364245532466,421.2773427962898,787.5639434927605,0.20894084987252237,8.138545323898228,6.7480416753283805,0,yes
234.41828748101904,345.5644788214091,117.60259556796476,262.7840234552493,1,66.79855403600584,733.0475465693287,19098.7036978498,934.9735367296734,148.2368374501816,804.8147599165936,792.7404561760343,14974.818999006015,457.0572079004826,662.9859709976721,0.2562097435171736,9.826646014815275,6.6978619412747715,0,yes
253.76654246343028,139.0155253397699,240.95604985237645,265.8353556236763,1,59.7751194767733,686.5568088191718,19504.69528864541,945.653003800796,720.7259891470497,217.677545280216,890.189151210027,14711.002991072004,549.6270499524019,643.4811512066252,0.20043391408555356,10.02087021868793,6.663772414845392,0,yes
203.93495342215456,201.51026260545652,212.8198409700015,233.83988850043363,4,40.454298597405874,994.5577063316633,19029.92767595498,963.2784191807757,722.7820551838001,236.99264364251042,758.1359208446135,11745.861960279708,476.7191020329995,659.3695988951566,0.2166823056298318,9.855202463536127,5.400753397296775,0,yes
286.2291821937246,359.8009720841408,366.5494018726539,215.98419683033094,1,79.63248641777467,635.7295414501384,18909.850259225437,945.7735849902377,698.0011861909733,224.8612901489647,725.232443051635,14872.794684511755,652.6388292405543,699.5560992896276,0.31050199059743494,9.712345985942097,6.708951199675909,0,yes
207.4274409500105,106.81209648814428,340.25089656883097,247.22083505050938,1,67.33380686792022,604.9628437399818,16778.511455246742,984.3547151293901,599.5595772752736,339.6356159230944,938.1371481425364,12483.702730384348,562.3108237071476,734.6773682188904,0.19878492336800963,8.645304477931612,5.8092289770407035,0,yes
266.6100605709727,212.1503079195644,285.0844330078259,254.33814609084402,1,37.42539214921873,956.7184865339937,15576.987435252098,999.2865942700664,180.5745632820106,793.8473573686588,850.4447758980936,12940.94658537927,620.6356934193008,605.9131815497739,0.23502964418321093,8.124997228660426,5.9683087731043685,0,yes
266.60358081665544,336.96122277854647,147.4626786631053,242.33294260592442,4,24.413397053095956,659.7253594221482,18960.177022330787,940.5027884718755,365.2942248157428,566.7991750274718,939.1084710897113,10724.220657960504,214.75329768463496,720.2412884677974,0.2653925064540895,9.742024976517465,4.963915207532197,0,yes
278.9710731948366,291.4937522898682,220.91058504343135,290.17567392805597,1,51.57555828500514,858.7738527211295,19610.842730127843,902.9290457857542,604.6440365176804,300.5498861503023,747.5361773527069,11361.266111433513,586.4181983123984,786.5371411921099,0.26444306783473104,10.106387331363832,5.295908219489282,0,yes
295.6601111128296,389.86601394559744,159.66456408870093,287.0208027609719,4,73.63377284623695,893.1775687918746,15965.579455305475,920.8499005388246,416.98582656197317,543.3034625552971,915.4789791591804,11654.841919605768,568.01725761439,638.3410523317673,0.3077991859966225,8.293983193818748,5.461117335736328,0,yes
259.3255873507032,279.8488773605087,137.92539090188103,215.05055743527382,4,69.86587778884223,612.6007427001995,18229.94551738727,910.193336051106,503.0591011085989,494.0283303464709,985.234069557609,14475.031893310632,183.1256042703993,695.0046369492253,0.23997586044604924,9.362484528246583,6.475671704916719,0,yes
216.32793322164335,260.7017645505573,261.55310019478685,217.0289135699333,1,39.749866459265775,977.547738116444,16359.300412756456,944.2699020006519,382.01296062602205,579.9917859461514,746.7074453413121,11996.763879717935,340.5667431589519,722.2241852724674,0.2362189840388662,8.513344592912087,5.4506720923289,0,yes
216.88957958329195,231.69570731503168,151.88377331974363,207.5795991307784,0,72.57202888342323,763.1991656138016,16512.907591058753,970.8804216468474,35.72761167486791,898.3918038960193,906.7603410755605,11221.17988298735,720.6743437197621,754.5353750432369,0.2009896146631789,8.545367156129815,5.356955233694125,0,yes
294.51016342468745,182.66368846320836,145.028898195095,273.0967355702464,1,78.91016395904884,954.4539353186789,19198.133400572242,963.2356113595451,591.4224239962059,368.66580353768825,744.6074881616324,10331.228817074652,811.5336680505695,636.0681573360708,0.2077239853136647,9.930060761586134,4.960404971156349,0,yes
296.4259736954577,232.04594702970414,195.92447328134054,203.30525726784046,0,51.76936395173772,978.3150915736185,16769.624020277333,947.5922994960829,143.72571590736473,796.3438726238144,907.9489794158064,10631.061379790037,419.5098341787062,705.9987666727206,0.21652847053319532,8.719139948548817,4.9953018738319335,0,yes
260.75361214326927,334.1903932424282,115.45326980762553,219.59841415219432,1,42.92245061712751,897.5830957851667,16703.038911548523,980.9215315966725,66.73669422624671,854.3699034079505,820.7665111723753,12155.441038787802,132.87338901983495,763.395516680776,0.24292137367039288,8.671977646759,5.4605385863301485,0,yes
289.06695904479267,143.4703370495773,204.7707707655488,269.9423100741456,0,25.806130638363527,897.1868576328702,19927.32004003991,915.9875782301675,723.29898410829,183.8124021868988,827.8590294216721,14487.708475011208,571.9388190094926,689.6275478444193,0.19199913016494521,10.275098420769629,6.560225993385947,0,yes
262.097431029615,235.25974252805912,347.1560537589106,231.79330873874733,0,64.02817704041738,689.9132391085765,15532.284122471627,911.4556309534963,169.14618553738416,761.2368713326894,728.5274643550514,10269.049191069686,726.9216545127857,711.0311074626127,0.2509516447722164,8.03071660785596,4.901029217580791,0,yes
283.078101532229,241.18099853380122,220.1849189212047,294.4061761583095,4,90.66327066080908,739.4744665456676,19277.220519546667,988.3976871601566,172.83710954705555,801.4504174380701,914.9234673411494,14929.877856771149,341.27070294443547,609.2674970885157,0.2624535033012489,9.924690948274366,6.678345441542193,0,yes
250.4072611636148,343.81220404631847,225.29167271074442,249.34397190542325,0,67.84605234255224,725.4030572412019,16269.001861881814,937.7840874910667,324.9732409841515,588.9010415289205,806.1292455291343,11682.237995592002,452.8042057630052,682.6977729872449,0.2725112664575508,8.410492580209599,5.381702829642801,0,yes
294.77054975802054,347.96045335099944,165.41573160499897,293.8711298795924,1,74.41528832963266,666.3836884080649,19653.882906019546,944.9417081589423,938.0655930656692,21.063310720575146,935.4299488146918,14918.398700934167,609.0802665603815,749.3434589151019,0.28154276930087957,10.090944488786825,6.8054207390638854,0,yes
244.25565006036874,389.22198955201924,265.3072260474329,214.14790970888365,1,67.80414491889951,849.7167409300583,17950.322012061406,923.2666996817825,79.05621976854748,897.4398859793533,762.0837341031672,14281.607762306474,308.84213314581973,703.8876978977081,0.29485608969911753,9.276864714611815,6.357647367566091,0,yes
248.55399281455982,399.70840493631624,201.47113091470015,263.07519372716,4,93.93818296824301,929.0111803304821,17738.578806483594,958.0550008782432,555.8059164492438,426.51856130330407,990.2267523271994,12032.156196819255,641.3356819547143,630.772087335635,0.3118985284467772,9.193745549635985,5.67332332221072,0,yes
210.74538820057788,373.2360591317428,200.7413268664279,296.26284906686624,4,86.70775861198348,720.951382874755,15921.034891822725,943.0094963922921,6.105861648876764,982.0849397718756,718.3949069204557,10529.558681595849,352.777655126348,607.3540294281008,0.3021157831522158,8.236244372642014,4.8458839556020585,0,yes
282.7754777019073,142.17080532283825,112.48382577469313,200.78953050684103,4,82.02582352081548,648.5869452309636,15856.595377501046,901.2526920023736,212.5211701554408,781.4061378248696,812.5575395919889,13733.81089289805,576.5125298447042,685.2051455041616,0.18146133404896897,8.182430572181756,6.26573764048128,0,yes
276.57164894330543,364.36982223488474,309.19949385026405,215.3335507679072,4,90.9858963430719,600.0865871421305,17109.78088919577,979.4301442923768,346.4650902464943,632.4019237119564,847.1651193074841,12122.856491450437,277.1118063088595,786.7319544817234,0.3129340214346215,8.809198756504827,5.526818715080311,0,yes
258.32249321038046,183.28907464183038,201.59809240731573,231.67679343435458,0,86.31047690231203,658.3873608962971,15692.146711908468,943.3146555026252,630.9964356840399,360.2915852114005,824.67271634357,10168.15907467886,174.0251120520491,627.19823735805,0.20335257527258216,8.108103416277224,4.675353508368572,0,yes
273.23372997409876,144.99529833393558,313.5892045704852,215.74357004338512,4,20.66019777903221,831.6516684572824,15305.109587069981,913.2434206816645,591.56232526711,406.67080227953306,982.4240901872462,14899.637931869936,230.3242484904727,654.6369349039293,0.2168810919701866,7.948827771682897,6.658120844301401,0,yes
267.00512550593226,247.84703895044143,151.97283415192814,284.8440455101511,1,94.76647689152361,940.7194957311197,17614.01354561488,942.4046158410547,663.0171658249817,295.40584942573093,962.2704571215861,10613.173995552126,791.5487471072164,685.9838446358293,0.2360461886750647,9.13198649397467,5.15857601251532,0,yes
294.1889812788032,386.54935890378056,263.3572977281647,249.08273565290784,1,73.26124758070108,632.5555170626322,18994.83667489683,912.6313555507851,310.6502060468565,639.721394281451,716.0080641576005,13570.412047535001,770.9253080675501,756.3280808949413,0.30739015566987854,9.749606415794009,6.24291830438302,0,yes
291.4637469732436,216.73075542203972,155.01586398927225,213.6502219460078,1,49.627039991465466,801.4451034206095,15895.602937620526,972.9097947440931,513.4789795354882,400.50791339869,981.8162985553945,11165.599329306238,474.5483843911507,685.283271330838,0.20739146434599656,8.245509542263807,5.254375620340319,0,yes
216.1575925534661,224.79144087080874,144.78674888066746,243.00447785696204,1,93.9688216762599,907.3614600740048,15977.138557899829,977.499416790191,452.54731740984175,538.6669555764153,832.730210977474,14266.12381755043,607.086435466932,722.1947153609699,0.2104917191691704,8.310775868579084,6.5034681859171535,0,yes
299.9878350779256,195.5362046758589,233.12816514965257,237.345172468398,4,69.55424349168534,846.5063063908432,18880.663023441615,957.9267431754857,386.14630065132326,581.2342473321169,780.1371478442838,10055.89895446309,303.01797184809976,687.4178529944802,0.2348605749012038,9.746071914078874,4.668824488922546,0,yes
297.1232946617696,312.357581581752,150.89243731197786,292.72991373101695,1,46.962977269518184,766.9850266268145,16970.430173343648,954.7880184041189,157.5037928234546,821.05367289679,851.227052171805,10569.188588078005,693.7395589508102,742.2603794839596,0.26101590877159214,8.772749825151454,5.067660854524583,0,yes
271.7605651852571,235.9661855115727,209.86593345602472,262.6149895289955,0,49.821622611452554,654.6903965216765,16161.017661698368,951.6824697677291,26.57242506897155,881.900256623464,966.848659299407,10124.258975533543,714.4254345070831,664.1932053362225,0.2293775973781614,8.342881198543509,4.924277253723971,0,yes
273.83295668363496,376.3203858387739,326.47990066330885,205.60082550837558,0,91.06669395481256,948.1678387853833,16610.62361848575,943.481994222552,659.5649002952059,300.990740084598,855.8155219558336,14392.96406786781,512.3075823058061,758.2639768028366,0.30288720519729767,8.632145321043073,6.5260749541925795,0,yes
259.7017369765822,316.0429107077239,372.26359828976126,294.46581013166104,0,59.061080680339515,773.2090740977733,18667.251210804927,990.4497839022895,510.8478046969765,405.95051584511623,895.2848335395224,10315.63441565243,437.54180569281414,710.5084167400039,0.2998934205674366,9.627470638260789,4.868685943500104,0,yes
297.3908699373042,137.53180972362992,281.89316289161286,220.0758118540648,1,36.67712052407459,985.6577795553451,15470.812345901433,952.1152019037637,934.8739831191012,7.752164227927437,977.0771242332426,14120.449091009057,770.1030001305097,702.7690129834742,0.20149606108013363,8.07205027386507,6.558870165231717,0,yes
228.13299160510525,180.77525637779718,371.5120084735051,202.3298009523498,1,35.56738525650543,904.6804403803364,16133.181430591027,930.0221634005392,564.5913304432182,354.29439685189175,765.5074458008961,13342.534826291998,561.2928720038649,715.5868138960842,0.22426540362461497,8.381651990990488,6.077992265568206,0,yes
201.05175859921982,225.2446498502689,233.20742894524722,221.5181639214387,1,41.89909637248426,811.2417271879549,15211.687382819446,970.5183913744455,23.167104532784414,880.9387706243594,824.4356296422496,10818.785635277683,461.27800431556034,733.4584554269725,0.21560703906142537,7.905410723745705,5.05240591138179,0,yes
233.91672626017788,189.60461337709236,161.90562028314022,234.5689448929424,4,45.23236627887763,814.5091767662016,17714.527676738046,946.1967847269888,637.1832057962163,351.1641217888049,855.0392605025975,11953.344800951627,357.8512888111293,649.9388779770279,0.2062690792910882,9.154210788575114,5.477673032147148,0,yes
285.2981321466468,193.46115122620807,155.50551579349784,242.7968963444072,0,26.412526789238164,901.6634402453848,15109.899839947704,932.9662699735649,228.4052396381989,734.8042734538692,836.0355355394208,14635.256299709794,518.6551748677585,764.332118019727,0.19631204831413418,7.869729135527567,6.618792676028215,0,yes
263.12064280693943,115.18864412431377,231.85921029278768,222.55999640431048,4,27.080662883988698,911.7935531494015,19275.3162332336,985.4876402011073,866.3898888380036,58.86720872766318,720.4736577255294,13089.535779012413,361.7151129930587,667.3659090137664,0.18950266918598843,9.96197874715029,5.87346485229193,0,yes
291.0261583395465,116.52460006023827,160.34695754131096,272.20207023829244,4,57.15157235777467,779.4190521500913,19824.786979309254,944.9326237853849,278.20620104883034,636.8491115567476,900.4887428822738,12671.40847459074,679.9894195891022,716.1441006731317,0.19297596574913187,10.201336678064353,5.9105629503406485,0,yes
238.2713671948152,395.77648397721833,265.5087023559462,220.25821742197041,0,43.831197007036415,954.1228762192984,17866.740661314023,919.596162284655,700.5701625608431,266.2757503891655,980.5541292080113,13005.237191353162,347.57331226583136,781.7244190178862,0.29097042979437926,9.258295310022817,5.958981136345492,0,yes
265.30868313199437,396.0969435693858,194.77620124825145,266.1315053669886,0,70.188316281802,607.3214423960064,15490.16751374293,929.2383619745109,902.865445994801,20.783881924816114,787.9966241791834,14393.264338063713,487.4728437867817,778.5614716862385,0.2928589645378925,7.994052965801863,6.48676981223912,0,yes
256.52057738501446,393.3628863558959,344.4049868079247,254.50223966018206,4,50.3382065228869,978.9598723042816,15619.628984214605,901.5828194288708,399.9871259532715,576.0781666055925,833.3740452513434,10523.814365490212,280.7275838683739,734.4965544467593,0.3317581048867191,8.137992603784618,4.8757904427942504,0,yes
283.9295762290003,285.6117769286071,306.21084357307166,295.64469020249214,0,88.48264115711717,867.9356938279288,18938.00412159096,994.1000527843258,860.3007814435742,64.17551419870642,818.8580374441918,10173.032232895011,673.6004206835461,666.1099665984608,0.28151231205885574,9.784573963342217,4.870699458818688,0,yes
207.04052230038036,157.9064552502769,372.4358772265629,238.52040344231003,4,53.65881081847594,868.9145281426619,18858.805648727342,981.7228753948236,449.6998657536598,543.3940949231044,868.6757691998739,12308.00042255885,569.1313864255264,790.7809050505621,0.234151674180365,9.74348042555584,5.728800705057611,0,yes
202.4388744927784,193.445796841574,233.2945507418631,246.36790662766623,1,91.08305658238159,631.6054311636778,15876.151064259546,986.6093111151987,418.542966666569,547.3260170113715,949.2607867284826,10601.187653574383,233.64519634375807,710.4071165824464,0.2142333425403749,8.200232582095017,4.929664522830057,0,yes
230.43658961887445,395.6367980968605,233.5645912105801,253.54617825420186,4,78.5549050545189,913.8511386775647,19729.974204718066,966.4003607376885,468.6584560285815,504.08001568052697,963.825691383197,11083.113073208398,828.706228304949,767.4421128386979,0.3105585877669103,10.187137161581518,5.374801593489815,0,yes
287.8221727332447,207.84915370577266,137.572256111456,285.57883759681056,1,89.3318484548737,685.8290315037938,16305.48875968115,923.3153043213852,371.2310956312298,577.4467326887358,994.9081057191474,12223.20999167225,455.5544586860374,613.7252792211834,0.2192662975867009,8.418043622918974,5.670436336169764,0,yes
226.7994929746619,324.8831035027493,394.53656714244687,245.55434750267204,1,27.742110690978485,782.1604721927198,15503.989908674894,956.2258840152189,176.4931053505454,733.8948279837896,799.2850848991333,11041.366978708891,722.247878369845,640.8510317614216,0.294006481730764,8.04310192649329,5.224425364759927,0,yes
264.1775379255866,215.34461460875784,266.7970561307219,231.52009969017718,1,42.217881029417754,676.746630138956,15613.15389887522,944.9221325157382,708.0164466062785,201.16214133981578,730.4997031816318,11698.931602338971,660.0834949567851,688.3128569960345,0.22838080383771214,8.07284725669361,5.44113830675769,0,yes
256.94730632312246,307.6809957897891,138.5972990008866,205.38513223844316,1,75.07470423116894,609.5660956154073,15909.843004019554,922.4784906949379,266.6109183127357,680.1186154276156,914.0246020136291,11355.21155719836,716.4767474978803,632.2334669811015,0.23766406662120756,8.203452838307207,5.3974018227395195,0,yes
260.0812609645112,304.2452183570199,329.7101927370469,275.9815210226823,1,73.32575943473388,785.5660461740017,19519.756393794174,927.2647134914773,62.348526433056946,881.6699288471566,736.9488419033822,12019.028454382358,532.9520673737283,746.0866034102635,0.28880814724071985,10.047765976279647,5.533317025686584,0,yes
223.7077164015219,252.5177491158276,362.62528488709154,293.8846185397813,4,56.60879099825368,878.5126991154759,17113.757387407746,980.8566249317681,581.1085427003212,357.45299016970694,737.0246960868166,13568.908125696964,174.2818582614703,721.4726618994482,0.28358181726838655,8.87300603975443,6.005818300208441,0,yes
271.3351466611444,250.03568391603324,133.16563694074114,263.14591496549747,4,74.7265347231486,647.1638631029682,17958.124978525248,906.7386088638053,112.67328991376004,865.266822920319,759.749891787053,12173.93997701109,442.2986049541429,614.0739019876912,0.23884852962001604,9.233632741973496,5.555443892909832,0,yes
275.8304165667133,357.03977376893397,369.54116753872717,278.9653654041383,4,76.87063839399794,628.4543595625793,17794.190792551286,997.8622317018501,825.0521539248697,127.33909703385348,787.694564084119,12729.83321023737,179.69193899488243,703.779157796942,0.33292783659167074,9.160126850821708,5.692182319017613,0,yes
222.65156428584496,303.74197286382935,232.10017846663,230.7315784183092,1,25.2935513355129,998.2984003848021,17586.650726326858,944.5343779667844,515.5948493364094,401.3621664806209,992.4071346926742,12006.676287155875,593.5636760504754,723.283604803965,0.2492666306450729,9.131849186337393,5.648071699533053,0,yes
264.52937886994255,230.4843051068114,318.6913404953648,288.8225221664862,4,45.037353184678636,677.0460361142959,16919.427399029377,935.9886129367054,77.13563552314268,876.322841943235,994.0738066682064,10282.661748468498,444.06539751034774,667.2566484319041,0.26867491330796633,8.724823023027486,4.896952462030357,0,yes
267.3456791055603,379.3238472859187,217.94413067457657,296.3941761813099,0,86.66455829160428,967.8406885886887,15991.19512859325,983.7807793713878,635.7012234778726,363.15628383010244,794.9638358302138,14657.579097043954,461.7299971815656,640.6353111943264,0.2991653505656628,8.332506540509055,6.577127833434539,0,yes
240.60998888086198,215.03688202892994,313.87090221731273,254.6813530049605,4,51.949348910673166,991.6483181963408,19185.012221414054,970.7220956200508,439.4266915055835,532.8447137401076,916.6796158544247,10211.98905426912,693.4925547623872,793.208433510627,0.25254759373976043,9.93309934145537,4.956784125013672,0,yes
286.7833765386165,343.4586872395975,104.42783776290175,221.79157554789538,1,82.42306523520055,767.1520154215914,19936.235176901544,930.7455018274222,770.3661098447259,143.86445184275453,949.5054974573409,14339.615275452663,448.5248760938306,710.2357959707894,0.25312335079737497,10.252386782952064,6.503972846957924,0,yes
222.02070973179167,266.8092850407936,283.48847117111427,275.9266399027994,0,69.27465022386863,743.760761866062,16516.981635159493,948.7131070642162,755.1912129769902,183.32140732610765,962.9302841595481,11066.791273519168,204.9110629940806,737.8517571215797,0.2552586984360937,8.540040980103967,5.109749085268336,0,yes
279.23630445340376,346.1675348066985,180.80335257140672,258.8992443428772,1,43.30290387680204,765.9341835266775,18019.945888097776,910.4402202017042,10.19125387372445,938.8414579387841,910.92609733569,11296.634432863524,769.0080889661203,798.243407092686,0.27102963200754393,9.291194124255314,5.416017756324986,0,yes
249.2465655057247,255.43718910801152,265.8151874142078,222.20258310082272,0,93.70499565745357,928.823831690841,16519.854764359945,968.3079903075075,327.4158218489264,656.6066011691483,930.0882452251531,12721.466165967915,204.7583566495793,645.4956815971591,0.24294256820383153,8.585754744368494,5.752522696742569,0,yes
276.59451982694026,143.6310134142605,389.20495140699455,237.42361284359913,4,37.00033178653725,651.2568477358736,19643.440160848375,962.0601773281884,211.87123954504034,759.7152715220286,838.3774791493041,11695.714482485022,298.51335865724496,744.0814407579186,0.2382735660258683,10.084771626703661,5.354319059272842,0,yes
259.413199735272,284.6414022452309,317.97394681189013,209.43700733377898,1,57.209757964360335,644.0916175553441,17298.363753438305,975.4550062611099,228.51093423953202,675.6632586483825,813.091028535158,10074.70045068234,419.77445973308375,694.754861655625,0.2631999038061219,8.912518170853174,4.7285249458867975,0,yes
270.2171073296345,346.23087952885896,320.0483093205735,256.72126261400007,1,30.611997380987912,719.1392204470948,17180.45190717645,909.2620254247737,155.81103747941768,758.3705919288616,959.8706125744227,12332.974257968588,638.4228095418816,716.6933968992793,0.29573149015747136,8.860932069021626,5.782268634275964,0,yes
271.1542451725426,133.08752227682473,279.708627850543,245.9962492432756,0,45.359381501201206,735.2909733799079,18299.023263668096,959.7066610059312,526.301160534271,408.77276109789443,803.5902420406567,10068.520716389638,703.7292440615827,731.7058459357771,0.19823330644376871,9.430702055382381,4.844945319203448,0,yes
293.1206755409345,101.94905708730519,194.64412016787324,220.70036138654132,0,39.58771670224123,715.8394006932433,17049.794066342125,959.7517556488615,774.3061220840614,152.99054692165305,972.6558497241672,10154.274699328624,170.95185917301984,612.5333968768117,0.16576261812376528,8.80180050096632,4.717030440309065,0,yes
298.2591479012698,230.7435721840889,224.55279712685683,251.7617136300089,4,61.8947256139282,645.5900538054398,17820.445441641583,921.6680113379863,158.7663061713845,749.4987686663642,926.1035389364317,12304.900073413133,619.1063549891772,757.9277955485004,0.24892965924625446,9.166489148029331,5.754467661230145,0,yes
289.6130559476563,126.72662977948872,215.18370336693596,267.1953319169905,4,32.997353959597135,676.8305938633705,15422.601167540823,902.2612197713984,739.4219428009865,242.77876072749416,969.5475273212057,14949.379903176712,822.6339416017569,602.8038891134764,0.2038077861258529,7.971750325177164,6.900793334632521,0,yes
211.46259070951427,159.8665140650861,264.5398877061275,219.5517566255734,1,24.229708639059737,994.9383528406272,19227.981933316863,959.6397062637678,107.42214367640351,804.0042200181136,940.2870275472981,12786.915612850446,196.21868246171968,714.6368265070017,0.19442212238096881,9.953815990062731,5.778481791465872,0,yes
231.0991720577919,261.2266553258193,347.3700461579804,232.12245489441221,0,61.207950578213925,885.3511107997673,18455.309501011485,982.4377271923247,234.0954014990525,730.1387019709697,797.5554845189229,12124.111559972534,532.709588459292,630.5300947164504,0.25717363972340507,9.545549009411465,5.587055055004445,0,yes
253.35021484292966,113.95112585354326,360.90240871728776,208.67717823297778,4,94.74031217447617,659.7634258296227,18271.12594596963,975.6050479574894,50.29527665340162,913.8234399338382,919.4110224813489,13107.55182165578,595.9871229641622,799.5054141833762,0.21930962932360806,9.402343939029198,6.07681714515553,0,yes
248.78521364153968,131.2028400312289,247.89360254203132,227.815485324788,1,78.80386182078007,656.0653954055161,16808.167962388237,915.5142542448046,539.1156861079379,439.1598828468775,721.6648796716926,14145.748282525197,417.7767310327927,772.6884735694857,0.19285484982344392,8.661797240643986,6.340084457631146,0,yes
225.3264492860566,144.55740308787352,197.18752280381,224.23443250702704,0,23.318017616301987,879.0639217683579,17402.2633938592,956.2432559109885,794.6073366952068,164.43462770232554,870.3442011695436,11819.633967053054,856.9669474776072,772.2253653484344,0.1734003809804903,9.013985710211452,5.642069400754376,0,yes
201.25753950848156,371.6598250349456,176.3616271647282,242.39351693741116,0,79.89299398277834,835.0178117910123,18016.02746223193,954.6193043722408,432.5699016717507,559.1249559781497,824.1598213729103,14498.6996616553,843.0868461000709,722.3492278184095,0.2677812407373447,9.310716474695079,6.687557635592984,0,yes
227.9549150371232,226.09972997340725,151.29879158539856,284.62359590945266,0,83.7232661208111,985.6861864466039,15651.023205855776,952.1804194201328,682.8971280399979,283.27709113094704,914.5832622982982,10069.381785421614,245.01629996479818,643.9020930253492,0.21684250297733199,8.162171237254883,4.698914168826155,0,yes
221.72694503281528,143.96281332508082,132.33885245866196,263.5545369957924,1,98.71923079364282,644.2971798367548,18323.440260061572,958.6654609785095,226.18261004109732,744.0286760266251,869.6303432774896,11062.585650661022,328.1807305137317,634.6947191115377,0.18108138926896472,9.422784064520807,5.1108326323536435,0,yes
270.3453435703812,293.05543869997314,365.25431577138306,256.629739255849,0,21.91368677803405,756.0182746655655,16077.160411106266,971.2869043975458,806.5784353239341,112.96790405764341,941.4260791322952,10951.0213843133,301.38631169144594,718.5535663616757,0.2784073047912929,8.325956740925,5.088274451648675,0,yes
236.31762015951375,282.3093381446246,308.26028334363343,224.50991528443973,4,58.77933134005512,658.8071457991869,18627.23161448932,926.2856887451842,597.8413656309815,307.88348403381883,719.0447335917243,11152.720024415004,285.52065449029624,687.266908860213,0.27261627212393374,9.573402017127995,5.067637495015451,0,yes
297.5034028026587,256.5617923210715,256.7633609423889,225.7936190098463,4,31.23627707169213,781.0267586732537,19252.842835578384,947.4432090205114,112.42986291350626,877.3941512173993,808.9289287270764,10034.149971735802,430.12239027820016,687.033170474995,0.25655612612949547,9.916067486898267,4.725537369249747,0,yes
208.1744974269069,195.4822998143572,121.09285821372194,287.4481736145441,0,26.63139489902153,771.3679272542349,18835.178161873748,950.0765040535427,821.7646768735301,112.75533788521739,828.4976244162774,12877.91358999217,670.9921644142142,690.8163078067296,0.18944514369810306,9.705449124497713,5.960090858526767,0,yes
226.38378264255934,143.3535481446868,378.48562426173385,223.88794527347923,1,23.80875821025534,751.42978042614,19879.460692933582,959.0889064108856,92.05096997641465,838.3792749184554,708.1042300483425,14761.780795202796,116.54059361674013,783.1623849460007,0.2133043731216876,10.22440701063002,6.455389628364759,0,yes
291.0531582595667,367.7065516767719,376.46424619140214,216.27647718495592,1,95.24549059841321,600.0539315472191,16513.44034075434,926.6029974250374,10.032211931726275,988.2263923831819,923.4469421928646,10152.328269203495,656.1719663686088,784.1919369979887,0.3182803314167265,8.503750198946292,4.9230926257078425,0,yes
249.6642706451932,183.07417374102243,379.20584755193244,226.54569619285442,4,81.06964531218544,825.7369602392492,19084.684924497466,922.9105156412058,369.9464217127268,593.536239480464,701.7368571133435,11780.610727228523,203.7268771248507,657.575723496611,0.2520079264125784,9.838610501139529,5.283172245758846,0,yes
272.22951434782146,360.1541486436954,381.7047311486277,246.67285636682243,1,92.26660039535274,921.62393975961,17586.913532643797,969.9638934732936,528.9581999501587,409.577825317044,761.5977166722587,12622.4419764552,734.1387206238918,671.8653362246774,0.3196280081095585,9.117869881912892,5.854457885854484,0,yes
253.36590261438866,117.8755278079126,323.44572813485655,255.34063699139617,4,94.60988904130484,924.9588534690538,18857.83777448581,948.8829739937805,472.78005989233515,441.4234224750033,992.2232603928207,12404.279682884013,726.3329943009074,610.2111783433829,0.22270632570459575,9.751187538417387,5.8449179263693996,0,yes
299.4461286306598,160.86614603870527,259.083846083106,231.73267423704328,0,80.22489817806928,915.6450206198947,17733.01909959429,908.4554156938593,195.09088770965172,770.2970805904939,804.8685748486513,10597.599362741066,626.5014573649039,745.9654748449747,0.21033416582080536,9.181116346344703,5.032259166328192,0,yes
249.55588350800784,233.79350405996217,282.9789238851336,218.7786186125444,4,50.56819385488305,631.3758438407298,19018.969631976743,901.5969627195178,290.7155340800373,685.2447426939516,905.5133155060765,13866.592808363017,141.40980463115324,714.21852371064,0.24764855976121017,9.759910197742332,6.183331020987011,0,yes
264.82518183988225,307.76245015763095,301.1923219123823,239.4277904331371,1,61.80172346065235,617.2648100063423,15799.154055537025,975.9870575704884,659.7321195990858,306.6914702394622,736.6648656826185,11562.50208705435,246.3583329472865,671.929926929529,0.27635212237678486,8.157141775129915,5.2292431223329,0,yes
236.71938554418452,133.51859599448284,198.1965560680523,255.5692702976229,1,39.09728051658985,747.9685715456299,15835.202884740185,985.6396014180425,510.3464794706928,401.878736236733,703.7064936455592,12255.983217362507,301.11520452434667,616.1148823810385,0.1828759558598873,8.205179722917439,5.500605388020432,0,yes
231.89556136852175,201.49099658243162,236.51294736126235,253.24317157464696,4,91.45194378300046,695.136747424414,17253.917931137534,910.6261621141145,759.6723157453653,140.78274479885476,804.4747871700879,10135.464020855836,774.1861811724951,714.500365004203,0.23523549544828654,8.892567722415293,4.893248521457653,0,yes
211.86649619829058,342.1388026210939,276.965701454752,247.37088316494865,0,22.255450340796912,652.0785439979942,16254.593313840083,936.0525115949766,321.48354138643646,625.757868963145,812.2570269942922,11836.64528044537,385.2821380768801,663.0879842797441,0.271182901366661,8.386950812968886,5.420903192493876,0,yes
257.18764897410426,204.3737820269397,391.8137721086528,216.66236418654887,1,20.638926021288555,731.9407824165462,15781.347352152166,966.5584649579677,936.7895731945815,10.659052789554039,719.3615708895067,12713.562962825656,508.28376757643497,764.7569659593285,0.24242800732103792,8.172068732118857,5.797183518460712,0,yes
271.758213220493,338.9244221279537,318.62288479770854,291.8725409297057,0,36.232071238235775,708.8032412605933,16364.816153989295,933.4883298715123,723.7237852435377,239.37055131814714,810.7502237555827,11893.754854673254,623.7116829534747,681.3792465047022,0.2964554667994641,8.454151175680115,5.543103187544509,0,yes
275.9172892727126,201.95721274184552,396.3699355731577,218.52571932572005,0,22.836690344797805,777.9195084685314,19548.431535173153,949.9077953056484,525.5703402781064,388.64297870536484,779.1207908733408,10552.609835809286,292.3899175550033,684.9389711626964,0.2413917004720589,10.063509350386727,4.85522383456457,0,yes
287.14150164242193,358.3486317595534,111.20503403745971,231.87948956801458,0,61.19343989336528,942.5708078792275,15920.434713944647,941.3899596966746,140.13169688060322,776.6800347377225,987.1535237841974,10276.888806487144,121.72412005491218,663.9324600711093,0.25582856028099576,8.28548147540112,4.757475383354759,0,yes
218.30392867469342,323.97556037954837,321.0432885051082,243.1130166269993,1,82.53065092648666,880.9977558269711,17759.51478911501,917.4742780959899,424.2081934550469,567.3898874307085,798.1819920925366,14810.753884107162,880.156745775686,643.2061621926032,0.2842708894292533,9.187729444345312,6.806384700296646,0,yes
243.28151370666626,358.22362010184884,395.39265657568353,253.8644731206379,0,26.80280219755458,623.2959142613488,17863.039940651364,959.8612489457677,971.6236500185558,25.920598054152038,868.0308557556424,13095.002743141957,698.4930618274575,707.7858504466506,0.3071404163430831,9.188171078981767,6.084675890486237,0,yes
220.2344438495133,135.20810926411949,135.11731041657686,220.6385049369926,0,29.24031206482401,833.3365037905014,19537.687619921635,934.234758237595,881.2535400364504,68.64820613575864,834.7257521545805,10842.071824240526,265.2836448919846,613.354529446815,0.15662867880586176,10.068368049359313,4.977919772915414,0,yes
204.0860892659601,344.9000210700058,331.3311165429353,246.42009053142817,1,47.75469323312937,949.1384834116132,17373.286786927874,987.5089284483032,581.7860457015354,370.3545147661172,739.4784431948835,12007.167062968356,410.97747106303143,617.4952533765046,0.289193146253077,9.019774034073643,5.464984785063288,0,yes
221.83158012493072,149.3233142528373,389.04548480088533,218.66241944839012,4,59.44546472952122,746.7108707691422,18843.693012507636,909.9101534879607,595.0924064352472,390.0976146636127,929.2227797603974,10084.882816269159,638.4646861870023,696.0025916840043,0.23266330816370384,9.698733044809329,4.877824839781481,0,yes
243.47696084538538,199.75102721489202,192.3754843298406,267.52313581417474,4,69.63592323584352,659.0107205857624,17103.95741081931,987.6755541865257,827.1326219383375,131.78167007226114,772.5285763724645,14879.597545951005,106.22333930967338,615.1159573490199,0.22728826744207553,8.820265812109906,6.505897665525008,0,yes
290.47396682653186,157.01080823500325,159.22929127737967,266.5864091801299,4,66.02610092159375,825.1365099067073,19617.549814462494,967.4927281595844,864.3681088192019,108.419836663973,884.690586199461,13064.223458227523,161.0420738904394,758.0185437632414,0.20886943541929198,10.111035383247778,5.867277994415046,0,yes
249.5215797319721,184.5034005747969,185.38097153225698,255.23093684895815,4,86.78957566740513,757.7475857838572,15371.451263897608,979.8655864365644,779.6914784276728,149.63109591256398,985.1275024023504,13225.457142316025,731.670935642375,681.2773973064462,0.22025293610059354,7.974671618424808,6.1840631154678,0,yes
293.2362811733743,293.2033388274597,398.242918695154,211.18297271725615,0,73.73144384748086,700.1361708513106,17106.776292357023,916.9784846350275,424.98179362415783,573.1646951468284,704.6227267292127,12690.048282418995,858.4217932427623,778.7725640067347,0.28538729240102234,8.82096376778026,5.930811530218405,0,yes
283.4209954567441,375.08693086299826,150.64950559465962,237.5471758893573,1,40.5310877564838,730.2786846920263,18739.726647277777,985.534334070874,392.41147019404167,510.1417573678139,906.8643545664625,10804.17128339264,216.2090953663676,774.7674437852793,0.272477823292127,9.653514878514546,4.986786136527078,0,yes
216.67885562403393,276.37619386535397,101.94920964542337,271.9126373515841,1,43.0562567665055,822.1406229639879,17293.200566269486,924.9497042319301,56.482733095399404,922.5089964905659,844.5028350847562,11738.397463028892,406.4383557174705,673.9798238500467,0.2220045888621266,8.94234141153677,5.408774471205383,0,yes
210.2942899480413,151.38104026914408,369.22041931034295,206.6446508712143,1,57.8404713938629,750.9507383772419,18006.345313821126,924.4849228439468,553.3892167194282,386.81767536177244,867.2716396070261,12665.20059582984,655.0454021278928,778.0738736517504,0.21345955307664577,9.282990630888921,5.896488007181759,0,yes
269.20920309243127,242.63217290837994,118.51052936027527,245.24129999455684,4,71.84694815610844,910.9401823102348,15410.35532356734,902.9768006621666,22.324170834353847,951.9907635877018,967.3239502004442,11706.94140715593,542.4873709921782,704.422951029685,0.22874403998795115,8.017965935421135,5.503104137887893,0,yes
237.26889148749328,277.7989803987495,120.33339950869937,288.52218337162554,1,32.96094935756954,943.2247138016427,17482.58194612552,969.7406775598485,420.97844441853897,537.3307940190682,871.3389364769266,12235.111410350168,882.0664945077897,630.3182133443228,0.2309042849283872,9.070608880715625,5.799866645403546,0,yes
208.52712451330615,248.4573749532973,264.2106319327456,225.18777328490216,1,50.45478061765917,942.6542195717459,19698.193922377894,931.8925616536831,111.82123891457992,855.3120808813833,790.2868019426958,14929.515863912162,352.77091719187274,674.0072211763047,0.2338453391629768,10.173077086323541,6.640433454841002,0,yes
259.66386522609525,257.2339574709737,281.8788221109646,295.5309167804767,1,84.05683030137777,837.0146499834048,17347.332475007766,982.00000985541,697.2534145511542,275.7308665897847,848.1280561531299,14894.975846290614,582.3752680985855,688.7113333795371,0.2656437771539208,8.980597351308072,6.744338788186721,0,yes
233.06120115713753,326.1164599368349,266.36585350411895,248.18988735291637,0,26.419426057836866,966.3642559846403,15147.632323749327,989.2896601667231,146.49222843622104,771.1233836571641,951.7772614721628,13293.097200735705,235.22333388868768,682.1434043363876,0.2660175538746347,7.911148782764062,5.997711716430404,0,yes
216.06704434607246,378.36694211894235,100.97135142068664,274.31807971491196,1,89.21604209694007,761.5550608431923,19929.576364073044,919.4775173477437,651.3938475498385,279.6275648786782,734.0642341000413,11057.342465387896,509.161065749304,675.8010648480065,0.26881238252030437,10.246272219845787,5.126900371842455,0,yes
204.02728405935133,323.6637232885339,393.9364714300445,295.65322555895307,1,95.18371072074216,662.3320461091021,18763.581669593317,981.9608477376823,115.77768282611939,879.9445839362533,888.3275743900712,14687.332818521834,851.7821748523999,782.8421135634176,0.30902212724740646,9.650012897794763,6.80075829236556,0,yes
234.84023225681784,122.15342924637056,305.0624026574329,230.59717751684997,1,67.93969169419121,693.269625701902,16074.219916580398,957.7870134304374,133.75678346797395,821.8955570271743,894.6474514424195,11867.619419279132,159.79402462704195,792.1966441831454,0.19809669204216201,8.308776308181923,5.394316325973715,0,yes
264.48215067484153,354.24821297988575,191.84770262563364,289.1405688724702,1,47.617860824907126,626.3582199312596,17524.417296712403,918.9857846296936,665.9438509398292,234.53998722061306,955.9843953599043,11858.9297438713,260.21517791863266,740.2373080126143,0.28119372705558127,9.013915104601352,5.441063332540622,0,yes
224.1632367537276,229.59603260772022,234.17397752866594,294.45217698738736,4,98.07954902812135,778.3224575714455,18675.678096365285,971.9877963845015,587.282953950773,400.3509676036556,824.025567104124,14096.424968900787,353.48178124734693,639.994887762131,0.25410842861236377,9.63026601983318,6.319350605605434,0,yes
206.06490990787438,165.99577102761594,165.31578088299887,212.34828610617987,0,29.382045826123147,820.539261532374,19664.802855820948,957.0821262087006,815.1787393147968,177.61809811726164,826.8831073613524,10232.564835441657,329.907021333093,770.323286430817,0.17155459880957208,10.132196259138954,4.783446647465956,0,yes
284.0987113439876,203.59063229162913,190.17157790747257,227.31516669264082,4,83.73817879943667,638.7403595032999,15552.367230273348,979.5776140430139,178.71599905135824,812.1407778794784,767.8051924881058,14714.289820530086,272.8593459716657,606.996085561448,0.2272548772554449,8.038922538552486,6.507896142135061,0,yes
293.96123794971936,362.1959812475689,173.501372735418,267.2539085021465,1,42.09299399686869,970.3162175673865,15176.683874235436,925.5174339268693,786.1940107221114,174.4693240281979,969.895020630297,11275.416522049862,617.0755838389338,725.0763827879227,0.27936495359838326,7.917798542238933,5.362204387764363,0,yes
212.93879590913423,290.7708974593394,138.69348235677438,285.3421962354084,0,87.8381084388139,761.5770923910043,17329.44028515522,916.9668083789641,755.2595167900521,170.25745415458005,848.4203288587506,11052.467733199037,116.87696350203707,715.3910363267626,0.23895502598846768,8.945865781559943,5.018245690489289,0,yes
223.48440308624245,103.74885714361639,118.73183930399628,222.16835766651732,1,30.813507434418,849.5226930941876,17945.788751519907,915.7862164615752,191.66321389813461,783.2147979656642,765.3516914427111,12327.285254991424,141.4099911349129,791.6472025713111,0.1456819578479801,9.273531353097047,5.5216897563265634,0,yes
256.37936713373045,262.2602389851398,168.1078309221259,213.1162568883073,1,67.99218816173905,764.2441059459893,18671.07658035358,984.3792948699283,315.10055909795017,631.5469490566579,721.7216257239646,11005.050111195964,436.5742458220776,652.0486960652728,0.22598179460595996,9.62655056452255,5.071037993284948,0,yes
201.5147871431711,359.12794187463845,326.80383017432194,257.4520637228415,0,64.96742534513896,917.4271993887087,16317.4219407821,943.5189709254751,146.70114848220538,847.8014701466025,846.1893578473154,14492.169630304224,661.4977822597318,704.2554796188897,0.2940245166791913,8.478525022563701,6.619119500412379,0,yes
207.83762477074464,220.26434695417709,391.0117229104187,279.4162434753083,1,80.82443128150942,914.6399578309095,17035.75142585322,963.589925569364,777.7668129386938,149.7355334320365,712.5083746927886,10299.0383814888,675.2858651727627,742.2453415597619,0.26250503859915075,8.839817670935966,4.889702531646075,0,yes
264.2660934039608,139.67770829508362,386.59430642331114,239.19884069999853,1,30.01730073152948,974.3392100268086,17944.16555772761,964.257925669662,92.12032741709024,837.4789493637127,857.5299241582928,10351.183179241008,767.6155718695503,618.3800471465001,0.22208707538904368,9.307789595063284,4.989487263981409,0,yes
287.60442863251365,300.92705700789537,295.9139647422313,241.9879366713391,0,20.3082064076888,758.7848416789794,19408.08225116836,957.378487476563,721.8793126670298,241.83735317724881,720.5986039332927,13543.682944768078,871.8491269651731,678.8903009374837,0.2667433529862365,9.990112622452932,6.266027086831666,0,yes
245.73401795844651,357.2046005630189,121.9136308629858,278.8540944043323,1,93.11378230755803,776.2235354499385,19483.010516802144,981.6152996996698,561.7821139785754,435.35708869252744,711.6645309486397,10618.315543060335,832.164831538717,631.8666712502234,0.26968108669737934,10.034796654714713,5.074890871040784,0,yes
296.724157998249,104.33462790698705,369.62898788180354,272.07471633766073,0,93.5384873723348,875.6143218026577,18249.67051021916,913.9649461438246,570.8412588866039,360.2615301533025,940.9674654625543,14663.868020107486,714.0787937063182,786.6793230025917,0.21922820954922168,9.431109798627302,6.748947219247761,0,yes
259.01519028542793,386.8168258738247,328.92943109490864,281.3371293016596,0,91.05411825066685,981.108173655261,18153.93931002035,952.1660745247168,548.5010624892473,400.5861619776215,747.119504468229,13749.134839895694,642.5274681850508,662.3483417474961,0.320846201529139,9.412570828501401,6.262898859169424,0,yes
254.18599576286016,189.96753458811577,240.82414620897254,257.7287384044947,0,37.54095268198321,882.6396229881493,17802.28314685208,982.1973105629977,144.6069273910746,773.045905278851,890.9675274454812,12988.624120735818,770.5236800655109,787.9989018837075,0.21242536850059593,9.218388503909013,6.079762909265612,0,yes
222.33635378000486,391.6077057585625,355.78192953676046,236.16591043315148,0,98.5552176367966,874.5779146155955,19467.45524555033,911.913481856555,627.7310889943071,332.61956958329995,797.4297309467206,10970.737310428565,403.0379146939322,634.1643998492569,0.31540656041891024,10.03948761217304,5.073726119224394,0,yes
234.22039846867477,248.5241413273684,388.244764263719,297.27259325373035,4,86.39662428649478,933.3962524304752,18145.756498115807,901.4109064407185,438.3239864189835,507.9844313329871,833.3333769081214,12430.457651484012,822.0130396535543,775.1430936204815,0.29285895410738416,9.390574194011677,5.856249681386892,0,yes
222.53670470561005,290.4485123310413,350.43809042452943,244.1725735468449,4,84.03035355635768,835.0384554757445,18825.058537020017,976.7141450937238,13.361759025676768,923.1758672011902,909.0565298133912,12004.661541461737,398.09940206275263,785.1759268867465,0.28967399438845126,9.71828525834866,5.5466528583334815,0,yes
231.55793369720632,254.11390694296705,275.567128467922,231.1400268429367,1,24.82028242461383,879.2126540046809,18606.641796828862,951.791373408948,99.63456812020974,810.8286667652512,723.1941587041183,10894.878321966273,234.53903266156607,631.7955526119769,0.23925593229147324,9.615595700786427,4.9391356133931765,0,yes
286.47722658032467,290.85416517222995,252.38602096174907,285.37336611376844,0,94.35866847659399,763.5673753966955,19353.973668977564,954.4135890911083,528.7903364932833,427.3652149636871,755.7819248916148,12966.518722630786,148.5763009470159,697.958312001419,0.27185178219625067,9.963711208777495,5.7613953370657525,0,yes
205.2687781085227,253.96599595461797,263.58672865032565,224.65012297354184,4,94.50370652790143,913.2230083000986,15855.897159616046,972.3963080370074,264.66760733316875,637.145905706705,837.4157436372938,14496.397676742781,212.58138958238106,657.1282547579683,0.25294359687650825,8.250783539855123,6.41878646749536,0,yes
273.59764062318686,235.60435708717364,237.07820125725135,208.22901381860635,1,87.09031716274555,611.5596435064397,18382.109742722812,938.7510509885233,704.5141133100047,213.13509050125697,728.931045776048,13271.844733848771,304.5349118353501,799.306192930942,0.23271622320768845,9.442249608735647,5.943353604925909,0,yes
239.40657975487443,344.85581352241604,233.427802037556,200.73452407942148,0,91.119078370914,790.6509984960866,17356.517652033574,911.2810131308826,642.1003588644985,334.07547319028015,834.5773301640136,11462.833876474888,758.9566888546075,782.448099260961,0.2663698550107154,8.9650937696513,5.449567907647496,0,yes
262.81749498121195,325.9810930873213,318.2468837747009,259.93839948935874,4,27.272401824749828,869.1802788608376,17962.31568413743,925.8477045838874,386.6160296325658,542.0243339269505,915.7057587060333,10031.491643507185,683.8469666030182,797.7396883383899,0.2985586045999591,9.287603562829602,4.874941495738038,0,yes
261.5906029909546,120.2500364821534,346.08952622556825,253.03860002217237,1,98.9134803738118,761.1679424228785,16427.94414523766,996.0401540068157,189.01266356338974,722.0005070486844,895.9629154570874,13225.01399120297,602.9864872283086,782.5409304039933,0.2173061258543501,8.505918455656765,6.1076655893177385,0,yes
255.54711641858472,250.91296012424505,116.75361801907209,292.6572495044953,4,72.45152048130356,963.9045951293181,18119.377129071258,948.9291534622214,337.42429072865883,620.424281751923,710.0009392017869,13425.415114435295,804.6756198987733,744.8888661904672,0.23953562523102767,9.39088288854774,6.195525644746989,0,yes
288.6412857000039,280.7177556222403,171.45046125370146,235.89775220239525,0,62.60193832798653,793.6814417418842,19598.714040266663,947.1073177880406,568.8182275331366,334.8321810090455,739.4486055454776,10275.08503035963,671.4148246863422,776.0701301547434,0.23799603043687378,10.091776318113878,4.89059103822786,0,yes
244.76743696400638,361.6722011180482,286.1512253579036,205.88183903034667,0,77.47757574430256,645.9759494795841,18153.76580101208,912.8388001458015,262.9596559742432,723.8065814876736,929.2494073768116,11987.580392270753,647.077424045104,764.0028632001096,0.2836326874730195,9.332026574126402,5.65158922353658,0,yes
221.34499409663596,116.36292378466948,157.23597224736773,291.9152941207909,1,35.08337917678191,843.7314544830894,18153.401153862047,959.4003821897422,821.1750401366496,150.34920884224653,984.6647458115256,12427.124144225501,811.4389912588446,605.2554103188338,0.17264426091564644,9.38201989412591,5.892302988897902,0,yes
257.99709057073346,157.44851489908606,175.49763671761264,286.9694510880226,4,64.44408192123059,971.5170621301202,19386.852745358243,978.2366571643811,899.1380799348814,98.9216444938736,956.9917108636769,13513.398082348123,490.80143059980685,753.5139243593426,0.21206426579433021,10.030414150291222,6.210673509822255,0,yes
235.09593229639393,379.52229425702075,172.29702151100335,217.7991438243415,1,43.87024605900386,610.7062831580664,16372.829490523673,982.2617749137581,8.150063892380249,940.2869396410412,931.751817318448,11546.196649145219,721.8927875611868,689.4295816332381,0.26893825966583673,8.443421558522822,5.490794537474586,0,yes
234.01697176644464,386.4243472218301,230.19418480490182,220.15739121326328,0,74.75625608147024,638.4362019194627,16465.24374437707,942.4926732248106,286.35970653221483,672.9217191737616,817.7937102534407,11231.509601370146,284.1179285061279,798.5112100341634,0.2834964668476945,8.490182136929745,5.16020558506034,0,yes
239.26638314005544,274.82743602665926,153.84710973994737,200.59205233255116,4,43.22812733874629,625.2263275264074,17350.460121687327,995.0401362963485,786.0666468881993,213.20745265029575,906.1884659800396,10788.30977288859,138.8956118963361,673.9287845652235,0.23237520451908594,8.937166734794035,4.949201481227366,0,yes
250.2012597614017,320.7364394492221,356.37132941748615,289.6748146501755,1,77.15053918006959,727.154225154485,19902.141199300797,975.5820625600198,912.8827108341278,67.10880474265616,954.378316049837,14447.634634376322,704.6334880795897,641.1471156429469,0.3027068567561253,10.232654983797348,6.651528782975969,0,yes
220.11408684429747,100.01275574471056,257.00476609877984,266.8125817099952,4,36.31908526788312,713.3158617953864,19264.339648845387,902.4774016879353,326.06518239890335,617.4003687552179,881.6199167568117,12301.948409210074,292.6313815729717,642.6155647758568,0.19303728637286954,9.900666864048851,5.594506387539666,0,yes
259.8797250529253,313.1520402451162,137.29408779781863,225.94216705150322,0,54.409388757820366,656.0222277480952,16309.878929005226,950.3342333989946,378.5550359192427,525.1299510449769,877.7564077743751,10350.441775914986,723.3875682977978,621.7086358520764,0.23747622326376647,8.417417441278653,4.976482432973744,0,yes
249.35035541548842,341.7848809104661,273.3653657375154,238.51511727606135,4,71.58393963295592,820.6013053421136,19447.358834364917,936.2039228197962,429.5510197814791,552.3231864348973,967.1215949485979,14180.138836875583,566.9540120553227,677.2991188698695,0.29548561055028116,10.020618052946055,6.499560157641104,0,yes
233.0991995916444,239.48838433210946,289.5974728502697,263.54486130324045,0,64.91431069420025,653.2467213498292,16785.281820977318,991.5650725023147,467.50164816850946,469.4806370590598,842.2592125063572,11914.889495257163,181.46577304243408,613.0110015843658,0.24392690769422096,8.66020726044933,5.374713345199352,0,yes
222.20540866478157,393.75329369135966,255.41283308218823,217.74185403540153,1,75.07982113667669,893.5356823434461,16809.167924897483,977.9733273266629,86.9417318102286,856.1895157625243,757.5083319081172,11491.01499835492,440.7311255775383,660.9251893786766,0.2935374151406977,8.723715759099882,5.282082451916786,0,yes
271.5566916487195,222.8909167972763,232.4306323115096,254.58681126102894,1,85.33859944642063,929.9502252033706,19334.909934000945,978.9958246142342,335.30681485129526,620.9606013182732,946.927904224161,11942.63621132712,225.90573301906494,700.9658602112509,0.2354942407217322,9.995016565258656,5.4596446965448155,0,yes
241.6843546532217,391.46931572924615,173.3883410015507,278.38112406380105,1,98.88682365304342,624.8089310805818,15671.290660133813,954.8772061910634,899.813711001561,45.991304010713066,999.5682882735101,10901.684579040106,612.6047687444941,796.0502737002099,0.29380155236857824,8.09193925257231,5.230195961658216,0,yes
225.85454072779126,118.67167167441657,185.14408013200475,211.67764019532189,1,82.53166124158864,627.1130038369974,15862.862609986241,954.0933074403933,487.19308287835133,466.7059374482276,722.4258618471802,12553.450403712899,422.25628584720863,627.3464423134141,0.16963601597999137,8.18811902048819,5.682717148928655,0,yes
208.09293577774451,366.1504781991196,396.82453806755774,281.3006660424661,0,59.39172726141354,784.2731591964788,18607.55021568027,907.9401820006739,90.67011970327708,864.0667760697978,939.3710335697536,13844.027690687599,888.6786365277769,643.8293746736224,0.3157365291317451,9.588733013215725,6.4745665660594405,0,yes
213.55605549522645,124.27079115486352,169.0062124095709,220.88114502811078,1,65.79277585095105,859.0250891618673,19768.166305538216,941.3666191930727,13.896018017416639,948.9804188866858,914.6136527896498,10994.5945032262,570.5961699206684,729.6109064149128,0.1668313122880561,10.190365245555478,5.21007703741813,0,yes
276.7143955928768,388.043923123463,368.7885795295266,212.73296394108436,1,38.22709848752126,930.6533194533442,16304.667436485928,900.1222316403,733.7019104176322,212.46458078102467,850.8680724112658,12104.57761330916,646.9838214332776,639.8702416899919,0.31518668573547975,8.46922734095855,5.645010093295763,0,yes
224.68328815520147,145.6059992536034,174.39002559913868,299.9770421291344,1,49.17832195575041,901.5810354857203,15749.72801846282,963.8896723495624,55.16963791676382,876.6508707207086,768.4043465681075,10526.917054942844,588.414230513114,771.5067435444952,0.19157775575162678,8.193876980562177,4.972948547886679,0,yes
220.10305365117432,201.15317382714,381.82867477088234,238.28844617710138,1,84.8148795971339,614.6119695103945,17356.868484311595,963.1416549684168,227.6104981238056,754.009886971686,766.7164424592285,10424.126315159643,467.9253722091881,707.9388230721238,0.24684850135178715,8.933648301192287,4.881385043835792,0,yes
223.08194366140864,381.6718689406191,309.4929362620309,262.45844468775647,4,74.77820756824755,957.2777205986574,16853.78881255522,994.0734203936302,558.3554214281099,435.3290231177633,965.363834856716,13419.784986282022,266.34506140558943,765.0592747775133,0.3205369504070443,8.7628025237564,6.087723845960018,0,yes
270.72885138936,361.0724548900447,257.8128239265256,287.739837097179,4,77.27542388141558,867.6550511045945,15239.79982622445,947.2555700730409,224.2363474197717,685.9159107578247,802.9710920025867,12516.972372556847,528.306882310469,726.5518936340062,0.3133552010089792,7.928938407165006,5.7498161611811005,0,yes
210.07662271986305,270.86235769007226,219.036513906874,233.3355494268774,1,29.03067343861612,784.9506646251638,19882.102350949837,959.4339126931955,71.31018565794865,899.4015437005713,785.7364545122562,12987.754921054337,463.45380386635486,775.842578905045,0.23290496126698773,10.233221373531844,5.920161872916512,0,yes
261.5041477348178,100.51709855399982,334.07768976495845,285.9914001140538,4,71.5001079135946,774.1943421395308,15301.756160341929,916.9377691384628,5.410520813831164,944.145650598215,832.6048648813138,10666.915116670665,275.71066572546545,685.293061096381,0.22214284849727806,7.934822259699844,4.920559390595365,0,yes
217.41622425223161,122.6749955587581,114.16255195032177,229.12911784589195,1,34.17435268834451,940.6505194069189,17371.472657447648,928.3113917428266,507.34930389268027,491.4480689816013,983.7986589608406,13075.988391024399,639.2612127265578,689.8064900629154,0.15338686875554722,9.0087670755899,6.097486717313397,0,yes
259.3891073648617,397.01458651618765,292.5877545354033,226.43304749569816,4,23.28066493965884,722.6420596729926,19118.33881405322,975.5335813730869,585.6529612428885,316.94191630820706,985.7689285225199,13468.426966943061,608.4982500590063,725.2738567161931,0.3142037217463978,9.839751305650648,6.234393375111791,0,yes
271.31573806385904,337.4365405337436,308.1292338226828,247.95802674514275,4,74.02626688739642,691.3890482055034,18297.40398438958,955.6893045705463,819.9278459301266,160.56604900109642,834.9719837006356,13983.871348880912,597.24182287642,757.2739582681864,0.3056735109221704,9.419666306699078,6.390696095235776,0,yes
293.8262001393968,375.60096960913484,386.1353718399404,283.5435571363092,1,22.24949826504421,728.2429928395644,17243.393816873508,977.1378536360927,89.89196130077404,895.5741700038363,851.0356639813187,14979.253996725643,790.5990738862168,696.2672981742764,0.32800069362063644,8.903736788354836,6.865225374099965,0,yes
226.4930785804754,267.96723570011034,317.56055423382327,213.8272146041492,4,58.01835900222203,857.1678145348349,15896.995365076471,931.9041113931007,447.6024277534121,541.0418342681792,823.5126859971991,11941.115707884388,717.0392110849801,665.7046036325786,0.26526614920113994,8.253062791047986,5.605955357719014,0,yes
218.90687014355328,343.5994942761007,329.20998489380213,223.60361910859274,1,35.89664936764259,923.1454139065179,18933.0752482296,969.373241495207,96.23989516429191,853.6380411695986,724.3768081291896,10172.188101715194,558.7621509580295,751.1813189681436,0.28406571426320326,9.791216165418087,4.801358624511834,0,yes
238.73395042457992,284.3239478394386,364.3287657504856,294.2265892170741,1,46.14146907444696,830.1965968685855,19929.08340150992,908.0244830259594,351.3915176805236,597.4104902518263,825.855292894273,13041.900752754244,420.0971382539058,655.0250623724577,0.2852959352355689,10.259775603916951,5.921527351467406,0,yes
239.56031720296102,135.04727013658058,331.013033755454,230.34727401611707,4,24.989484059331808,914.6236685376788,18053.81437834995,991.0845570833302,151.0458886108869,807.1751610770326,851.0597880347589,14569.899180343964,333.3479962089143,620.2718875659174,0.21559230892149003,9.352647888344794,6.5048580854979745,0,yes
202.70998009873568,244.6655972412469,255.36491057650045,262.3854761776804,1,67.40100285530943,651.3860246177355,19361.958952427147,943.3617754718683,772.4689009488782,162.8377682396209,963.3722843810426,10529.613252404826,271.2566973862735,761.6647514274516,0.23939522156553764,9.941485789739861,4.924317844570845,0,yes
206.42040995722277,215.5528280371892,195.69434807842646,220.1086537244391,0,95.53924273735709,723.8203626888254,19636.01796640323,907.9457268326682,478.61934873931983,495.15471399225527,733.5465120633576,10498.205857243209,483.8101002816381,730.8785503633254,0.2073671303197767,10.089568004158396,4.9060526974926795,0,yes
238.83296701847001,394.7778545210296,132.05464116122346,237.01254082586917,4,76.42775548954344,790.065978835853,15962.299576978736,924.5170260715526,674.7038718808565,274.6966752101142,833.3215839137114,10207.772652927006,700.4875770391792,725.6610120532071,0.2873997032659337,8.269663976051689,4.912408893243257,0,yes
226.53587378751274,241.03639054071414,389.82307616564515,208.69146313069615,1,48.24251647316352,798.3017932942138,19370.484802942425,949.5847662094466,492.09708860616166,448.64120458653775,893.5285774126362,11691.175093126085,433.1264345540089,696.4486995411987,0.25469575846990844,9.979033193370892,5.417857377419533,0,yes
297.59406828609343,156.53846170920036,394.3683701366946,268.89761013942655,0,82.8667899696658,673.2393633005854,18241.339532229875,995.4691192479002,767.3537042434403,164.29960774123128,718.499550499387,12375.569615867815,224.50010916154702,673.2626122528904,0.24319039618577704,9.393152243220761,5.533853832283604,0,yes
220.36174181487542,339.16142523726717,333.01262145893963,227.93584847492858,4,72.35391532895292,957.1991350463535,19377.474114102894,929.6334690971836,680.7419203752775,290.5528546118103,907.5753874065438,12038.995301912451,227.16519000094718,633.5737080734034,0.3006838877860255,10.015742117203013,5.4761713290218035,0,yes
262.0231115783665,115.56788626945183,386.98908443909374,203.45363019247426,1,51.543294804698796,647.854400707606,18464.526758695207,977.1088653033611,760.8126804039917,223.9821469471375,769.1335068857891,13605.082939497639,475.6639224126756,664.0652574754456,0.20779475409570322,9.496649792903941,6.152491834935986,0,yes
256.00463198923296,309.4630794217345,128.1729799530624,228.2717516340947,1,74.75761586376832,679.9360190605403,15964.839698736605,981.69385817246,153.25382154956262,839.596213010232,757.8625102600272,11969.87625169754,277.4523818840029,608.0575059883912,0.24071025920384334,8.254460820124828,5.40840568323013,0,yes
231.2210227125644,308.3802163887802,153.7618621518773,228.84720018535802,4,27.068746464696865,837.1897816333802,19115.088322061725,997.0594983614687,838.3543145404243,118.85940334125098,729.3595240956183,14239.92759950085,674.4203774002176,652.160186450526,0.24838284458580584,9.86660239585475,6.464651214859039,0,yes
267.4242099356938,207.16611135042922,292.50640685807764,291.7067067107114,1,50.95375045876953,860.6043541966978,19507.417871410333,928.1943527127104,529.8155189133752,438.584853679517,892.2428284416937,13979.476405685167,685.3265243981857,775.5793821860843,0.2437974586846392,10.058540486004054,6.447847825326605,0,yes
256.6837823399846,272.0243380794725,269.78476772549766,222.07090388955535,4,66.07694068863691,805.3916160327174,19597.713969900644,918.7918397889015,80.8746263862932,856.3897316578383,748.4079261850554,10823.506414403368,405.4925515073821,718.7393308917847,0.2638114706124317,10.090008021332938,5.004155486158716,0,yes
247.18059128871312,338.4039349951353,332.7293142829608,207.9466767397618,4,97.79227556341758,956.2036989115911,18321.82290837,989.0967397290482,203.5437750108451,772.5814482427397,953.270610738428,14027.07460989014,690.6909371126945,744.4902419572444,0.30291379543477304,9.495882786860452,6.490372935253097,0,yes
288.5059692807823,398.15874286531425,145.15688423147526,220.9280840417366,4,31.244023710482082,690.4684772105096,19733.397279152086,927.456005557365,786.0843552436702,134.56548083081236,850.6303073395216,10893.23720535562,348.46277263810725,746.5609725067092,0.28876119131553146,10.133583348795245,5.051536724931522,0,yes
250.4122167622902,340.99856594113265,330.21387067039814,237.276199152854,4,70.67394482016475,623.4943488290642,19760.328223390614,937.0409854549022,968.8584834518196,19.13358573689777,864.5006798563202,12209.93818416677,570.1455071696589,639.0131896668256,0.3063128546347367,10.133720254617637,5.667532581618803,0,yes
273.1077439432971,241.5698123045202,181.0815790637596,230.97163817835298,1,81.68845856294504,751.1224336738844,15919.714583456278,988.803989786418,897.7940387826624,94.09860854115368,744.9417935780152,10362.31299344618,344.364342511137,602.3498364784509,0.22771029216896063,8.248572632223196,4.7861002603029315,0,yes
221.23514587286036,194.18041420665136,189.45729783547546,275.89792069574867,1,30.73515948331144,809.4355332498174,19010.41940928553,954.709662126392,131.3830321757821,793.1898505684443,824.8570862839065,12616.995695322486,561.5160809532312,624.434972816782,0.20645170475413466,9.802192882093086,5.800405576413179,0,yes
213.3195102510397,295.7692572340627,182.10399667567057,226.81845355960445,1,59.04314178928872,643.6758690045108,17267.212444253524,918.6273728272678,179.37921676060324,810.820215850292,991.666848657826,12925.676370537793,118.68308243216532,743.6493274508268,0.23835934749943324,8.889038946621174,5.838206018880534,0,yes
258.55116068886275,376.1228277201976,209.01859861742852,221.14175634690986,1,33.89336266219359,978.7192128873774,16411.99281246082,926.9323992617728,789.5946365455055,190.1864481298311,733.5908894526228,13427.417250597291,820.9554279685084,720.5290246051525,0.27730266898895234,8.537582530197286,6.212073221697686,0,yes
270.24635649037896,366.38108983862276,220.3991246700406,202.53762401944888,1,62.13582919942938,928.5088338299756,19652.14782427407,997.5788523973657,79.52728105086884,891.1428593336374,843.1483480071447,11265.904556293824,666.2093645934971,702.5165149891998,0.27699098667813704,10.1558819928668,5.325752712975607,0,yes
211.88570350733673,183.1514275131857,395.026284282206,249.852613424041,4,81.25830129217167,811.0593683911165,16904.263899374204,994.6878370640154,758.6337358077376,158.94380424255917,993.3200213566997,13334.818432966023,738.7471448969728,797.4670163108187,0.25511552841060603,8.755004294005449,6.247727480721267,0,yes
223.07059601703472,163.42743180629122,384.95008143818353,269.0425528091092,1,57.487637568435524,983.0891993733965,16036.292593672553,975.6097820899532,591.4353962425442,359.42686736745634,840.7337994851177,13261.750325047275,737.6002065056015,771.4947188762221,0.23547225257451102,8.357438117815473,6.158101398426621,0,yes
266.7721861368811,313.5179491356208,168.02916583607913,279.58537742306555,0,96.95464672381183,879.1777262067928,17754.214130074717,942.2944896818157,155.0892584102852,840.8376965552269,794.2398578380181,10210.22346265765,705.7089838718687,769.7716791985218,0.26071982976893954,9.188068347193656,4.912134415840921,0,yes
230.67446152557892,201.57963937564273,117.47672478589784,225.3672579118639,1,93.87062978747397,684.2508709393173,18420.239148312197,973.0475649670627,489.7671552516568,500.3850137613021,780.3794743997302,12945.48001767687,719.3139873284263,774.6316337375688,0.19403846316419282,9.481911282525553,6.005981848215288,0,yes
288.0125385257477,273.8575972152369,263.80259949627145,297.47521260812425,0,33.696780778507915,928.1337172336764,17025.05099617032,904.1631386361526,945.0943007619853,29.184946025334284,950.6524472517763,13434.243978620549,649.0134249449004,683.2517617421803,0.2623250388116059,8.829394615227214,6.227171071185312,0,yes
292.35158192077995,253.90247018756983,195.04331891804293,269.89258919847845,4,28.866292048237263,782.2255191097971,17281.274335864502,999.6173453909237,189.70824110592667,723.9717726774759,751.7990420806509,12297.755443319083,886.3770916694696,686.8341703553109,0.25101734845783935,8.937760341177619,5.780124954261589,0,yes
278.24822455302325,238.96257989964454,368.01648821922566,252.78481321535418,4,71.4246200865094,720.6109266086944,18308.17957435718,953.9323539383473,687.6697103916681,301.2576507699612,826.3334285144074,13925.828553346439,296.53555047209073,669.267793285392,0.27977731816393797,9.431243695940408,6.2332746153534035,0,yes
277.29055561862236,250.60768461245993,126.62758274703981,292.66206275769196,0,91.72468233400674,874.510019163841,19552.379560998626,963.0950803775416,890.9159794509853,68.88209911404886,864.183042074806,14530.13376270248,591.3802550093865,748.6736900213815,0.23056442939926147,10.088958125408512,6.614539211983177,0,yes
218.4504578398831,328.4997045752342,241.56390033029484,214.45812090037182,0,55.04173639398167,947.6190087416234,15738.992127941488,985.520435278995,99.04584012595983,841.2882782323679,837.8381945528741,13864.42648791059,832.4232227567064,601.8297995867457,0.25701619664320224,8.202002948703683,6.412145272593876,0,yes
299.67643058822614,209.32303440950892,307.86555509090164,277.41866368453265,4,68.02360103262237,626.3087787633201,16867.439874823,921.8041277630105,190.2803188714257,734.373660559462,766.3313227310474,10872.78302630735,636.9274417141016,698.7938701617048,0.2631055654451138,8.685801133843453,5.119246179430204,0,yes
273.4051279294149,361.25063532820957,310.65296767177347,297.7787045890967,4,99.58726557670117,718.4977488256054,17565.54972103336,934.5088421486241,78.5673819668944,895.8603619975886,779.1507214957778,11726.681590572152,822.840395837463,789.6915648463632,0.32914702057261946,9.056793902838681,5.559216265053202,0,yes
204.93650960774454,270.08217131688764,271.1544499408878,226.89086962342034,1,64.05074937781401,609.655310198786,17953.045315268504,974.0995209109203,355.66698255785246,583.3585566923796,955.6534612868131,11036.302095432538,261.7305644406356,660.0623954329986,0.24548059722267854,9.232172060492864,5.107178090507118,0,yes
299.77960931851476,226.97798694425157,197.71647475288495,245.07014644374144,1,35.54335551610056,988.244311598921,17383.33746229959,975.7615088704051,917.1567572828429,77.6434386941113,892.3322846406132,13162.227399969344,784.7870259663823,613.487873519409,0.22559840452058674,9.03217173724738,6.143046661030204,0,yes
289.8921599140401,166.54826366412019,196.4171910917824,293.9330320837045,0,26.20366545077804,860.0957322200229,15083.322433849928,965.8033795107426,520.7160368778652,460.10463594881617,743.8256491688259,14251.983660223603,850.655724023625,745.12259691455,0.20451224850152022,7.851548524541246,6.561277977045705,0,yes
255.9884595740378,155.13736227376728,283.5026813675785,252.90055974317036,1,29.22316851301753,701.4885111705822,17027.705775985392,984.0355725737368,222.53689153514594,696.8468103953621,875.5830633235402,10082.969314656017,750.6492800376705,627.8064991693448,0.20924597689916632,8.79095143151625,4.882469186500534,0,yes
274.7219299249513,107.53125738720752,224.13420229308798,235.08469213838077,0,42.35806788491152,943.3605067707589,19454.800029413756,907.6670535362754,137.07628196069552,839.8080805014691,980.0900028640104,12079.092804120695,169.61732855414436,699.1028894915643,0.1747880171661541,10.048228524944737,5.507576205826537,0,yes
297.17284137965777,232.70285775397983,364.6805764288655,239.93425572969585,4,21.984918416902246,763.5474775343844,15721.626621612111,904.8546790107872,868.4531677671349,37.724947919270335,826.5755259670765,10834.80911314532,858.1582378695878,787.1551686367093,0.27021957650099865,8.140742407524503,5.225854041141997,0,yes
228.65656267852108,165.48061431837976,226.0730314618425,257.470191239115,1,41.88188067948758,951.2070918170416,17083.85552297804,957.5781387643067,142.33786379155174,840.8611086168106,969.9155158555111,11134.162076621446,112.65125737548898,610.3840817033615,0.20094758384771527,8.87139723839886,5.091986534660824,0,yes
239.4706516895243,247.29576052893128,108.10814198083658,246.49339238802767,0,89.3181562097022,646.5984047570877,15470.103494748333,934.127336017249,549.3021763588688,387.6152329744493,928.8698006305533,11216.095652456115,401.00351196746374,715.481763438487,0.21121528025302205,7.993244960054528,5.231101849812199,0,yes
210.49362300304162,203.53087116466907,207.5738361532815,275.58393310765223,4,80.8001022957065,766.538523546908,18574.976465450265,922.4061384448818,565.2492745699951,342.00417572961464,737.7291995107004,11734.027800112777,830.8292300195619,661.9517828739124,0.23068975755566223,9.570479159592464,5.522637882562967,0,yes
287.8282109825055,350.1283562562139,324.9680397029248,288.0646526341473,4,21.959682040494908,873.9264025726304,15355.244432344754,913.322824907592,168.00899040674705,831.7674544811737,753.5139817730778,14040.598913156336,491.76735825255156,610.6262025143571,0.3176859229035977,7.983427417219957,6.3219778096288435,0,yes
264.1467966267139,359.1243068631767,113.52266553369485,203.11443508060952,0,84.36284619909286,793.5207654558759,17997.325628900282,907.621003729444,610.7541496999614,339.1793841444878,792.7700130183007,11557.333914941904,232.7960604792297,776.4671455063213,0.25085104424467725,9.285637993316286,5.255763202183237,0,yes
245.29210323397197,149.6428482073911,329.8546488708126,282.9944353278745,4,60.0770593275477,810.6393918493161,15816.093057246635,943.5617386956296,337.9115909483652,568.5637816393233,956.3119554751602,10061.634334694989,780.0538687605372,601.7463173775626,0.23686283401028846,8.203765682801894,4.9128252703479545,0,yes
233.69188534374376,115.023242153272,301.68486799767857,287.18030640190455,0,39.908993274862894,601.2166177229317,19891.013160222545,904.4268739101876,162.08935398820455,743.9476152218326,909.0769258838038,12518.56267336059,479.79143553591285,776.5501160225364,0.19821717071404812,10.189758386724842,5.7795736257865435,0,yes
229.32528716364814,361.60183708736395,319.8772469338361,203.52701104410548,1,95.2744079696811,792.6539571148344,16303.933651359199,980.3469325519171,553.9719472080882,400.1090884544335,785.284326918721,12946.638012881125,663.6933764045995,711.5763386383229,0.29416552656020295,8.44874162446483,5.972803202728912,0,yes
278.73562999711436,191.61074973993706,282.0355522878838,245.4084141484878,0,33.58509306876756,692.1195547859161,19420.022308859232,962.21086091601,3.089439906471782,923.4700972931994,889.0833629147916,11879.388609562762,176.97420868882165,725.4129776424388,0.22147043425964358,9.982034571550168,5.390787082655123,0,yes
215.35194935676668,262.00752487946886,205.30326390530513,251.73082449255907,0,62.61613073610886,981.0498535064999,16712.135625778683,966.4055050732784,711.4783908774918,270.51007264839416,947.5573151198935,13037.134518326628,743.8699391172104,662.84419259439,0.23118270665248594,8.693617806188003,6.103415507728549,0,yes
220.32234656092453,389.80590501743717,351.8207899378634,271.576216304597,1,37.4167339057928,778.5114963412813,16087.352109504327,981.8698606659917,311.92038564050455,665.4397882315498,701.6521927608993,14902.11199552153,758.5869361013706,675.9731656130787,0.31703472722300263,8.337511632300904,6.75801588329209,0,yes
232.97182700577272,311.0047261840889,356.5105549391237,204.80587462407595,4,87.2330856387511,975.420281325547,17914.639382100493,944.1061559469102,414.6507344283084,510.9946578832373,940.608106197116,14322.387145428815,365.18805327338055,760.9741906236566,0.2929584453630225,9.29050129419239,6.468478310234822,0,yes
259.6074315371538,223.96668546630366,372.93198906078345,291.16676286870455,1,62.298886500854344,804.6812965916039,15512.707391639598,934.148309744502,293.92586802777777,682.259617808887,777.2911535197445,13724.050280119092,652.7163685049942,719.953154706493,0.26693189180401167,8.049448958777148,6.280337390198972,0,yes
267.5147288322681,307.9506499384894,274.02947277035264,263.76930316771995,0,31.306806127238012,981.2338495879893,16572.568577456295,974.249555481184,249.3423132647918,690.3393480484026,829.108756534252,11039.009525448846,826.5944854933152,626.1427632520295,0.268370534281112,8.624960024205121,5.2792374693049755,0,yes
267.946001345072,330.088192697792,230.50787833530825,228.96462812015417,1,39.16556261462234,661.5349873677928,18364.341631386036,937.9761534952829,422.08997541067026,497.47170796874457,742.866419849303,12611.53962535244,334.9841644863893,647.7733934985858,0.2666025600034634,9.444156256475457,5.677181564329857,0,yes
227.4362599443622,263.6373977061016,205.26435462777698,217.1358822018117,1,51.68124567252918,893.0185365862151,19949.742582010782,965.826906055908,714.0105596792516,200.1696450307411,940.9260421183608,13905.382043849919,230.2595272783936,648.0586315846716,0.22905925399211527,10.292207777475811,6.231354275786591,0,yes
239.64964198632333,122.82116536385533,230.9650659222273,233.05322281594886,4,46.59104414793474,665.8458497466472,15168.917152958797,919.477166790463,182.29689374914693,792.6762159465518,881.1670011967096,12477.857524867377,271.9665346099382,734.8640682454404,0.19395963766591431,7.844852947397858,5.672918211938077,0,yes
233.71273812911656,339.55993853186425,259.3432054439725,266.06254947093424,0,63.80777356876262,901.5136775876575,18347.023538052657,995.586120076005,230.93830823026266,724.3620580356255,810.8849124610367,10870.565377587494,294.59930976253094,779.7292002021842,0.27834662067022703,9.49689510253953,5.014197091848659,0,yes
258.40278092920585,157.92333020336523,171.410552438184,280.48240551240013,0,26.931647177428744,600.1321464752825,16084.697749051695,912.1386928791268,30.083551058682982,917.0215564809411,927.6392310910428,13714.281342322214,230.03631422973027,774.6623854914243,0.18947570595378116,8.287417757398577,6.170756195805254,0,yes
235.7205971069142,119.85619875197379,107.68637571868189,251.65896526875653,4,61.17912927888054,605.7451121489166,18758.011821374876,955.6888281306891,119.50120602264386,860.7419817283396,938.9503854192842,12873.000609622364,610.1467128161908,689.1094183975999,0.1731762813371474,9.6312658852531,5.984042385920334,0,yes
271.05126757869397,183.42090480647664,296.362289263991,260.84158631404676,0,65.3711055762565,647.888157488972,17310.021275335406,922.8641654094511,721.5940970375365,196.53087033160034,907.8751322678783,11038.04735303116,882.2773036554673,625.9046684421961,0.22716894093857884,8.911942481012463,5.329647811048825,0,yes
235.0814235806356,188.75855248850468,270.9975355623913,294.347880657337,1,25.639039977967215,845.563656842569,16486.598055171304,948.0862255183979,317.47810663432574,615.3997115671456,951.9399817323299,14636.435474038357,280.4723237576004,647.4668288259063,0.22538949960566818,8.547472950578893,6.550747867939139,0,yes
266.9215687443141,130.26382477870249,394.4852854281224,274.22773549955076,1,21.246294269925087,708.6616644696388,19304.022536071985,910.0118509425178,317.98484726441836,582.9946664913563,742.1866822166104,13126.003981575,889.909158065729,632.6356825608017,0.22613925832015558,9.920511136191843,6.100147080201731,0,yes
228.0751732985975,388.0587536436074,356.83160560587163,229.33786662996675,1,31.56475222913217,845.7605230437998,19150.239760392506,904.2951101622568,921.2318632425595,26.657791571351595,786.4230071965775,12252.072710173077,653.9766591471554,722.0760499932651,0.3091339902882962,9.873341493032608,5.692082714295602,0,yes
267.1950262031661,381.9039893407823,347.43669636989716,265.1794516796107,0,63.05143142333789,930.3730474586162,16724.070313067703,998.7624408739686,551.0599427852959,432.6458315697939,730.9719832910127,14315.489282913904,570.6569435210147,780.6901252241953,0.3168649415268613,8.692433328864544,6.474675155777795,0,yes
235.66059891942433,286.3081982515665,268.9541651383711,232.4108585616509,0,77.59497439959111,922.901995103617,19316.6894505265,979.4106609023765,388.3759706609851,602.2680721367136,782.8572351003511,13061.132690942732,323.3751162351016,619.0659787502971,0.2542172976596866,9.984355077584368,5.874405343382389,0,yes
273.2171603182715,395.0765885716447,334.2303677177044,235.4606768253103,0,87.50451854008287,673.7177861012301,17174.35175320962,940.9556165334245,857.976107487642,91.82820932897766,935.4394096579972,13014.366576185826,247.77897369575436,746.0802135666797,0.31738580389036214,8.852237519528535,5.897573826144351,0,yes
282.92599004537675,302.893505987726,328.2566808895965,292.4782476891737,1,79.38501559658715,683.1444788457534,18125.742236059446,944.1572726458567,363.20772621789973,609.8368502454473,810.1095732870904,10858.615344937778,739.8535366474661,685.6293808375979,0.29492972569847,9.330439338404082,5.177180918356337,0,yes
278.7537567708976,367.5743623085105,103.6277997535915,246.80561083987638,0,24.994080168113637,941.0955132108284,17208.490440716043,956.1703421864092,97.11953789979101,810.4683144448195,795.1813445264584,10364.189598455325,453.00356665756743,717.4029703423374,0.2553763929652145,8.931204309996778,4.853904880202839,0,yes
291.4453701788356,205.69156034534032,328.4832660710985,252.47623242219083,4,71.8961004352125,859.63055509745,17547.336136342252,936.5695930560427,938.4356778888466,13.50821641207142,880.6780774931377,12491.19764628173,181.58494232547184,755.1168253494526,0.26023158410055197,9.079428212854882,5.641419607599621,0,yes
231.18044458174424,180.0460269538647,358.0625957433888,225.13901910121115,1,70.68057639171656,825.0635066947842,16362.878888691936,993.7575158732084,619.3874883708769,281.0334668085328,725.3776508868428,11675.90915994982,409.91783809676815,610.8885877246174,0.2306443553722943,8.48731830304523,5.318473072611819,0,yes
293.5895383421213,301.74832068524177,314.76713721412284,200.35925608599226,0,65.86117837237464,886.1032081008632,18844.50245002762,966.4505701130671,317.96225383573227,670.4750246156595,986.0629835349446,12080.714817299991,495.7919567056896,744.1148689402021,0.26900067356283364,9.738106150580329,5.648640931489515,0,yes
246.6627822083842,200.92280381920392,363.13759134178787,238.29727423941634,0,98.61381934355327,901.0514108943755,18308.026160626294,957.3621889347496,632.5230067244689,271.11904216339724,832.4674762286759,11107.80331190706,610.3986265321433,652.8888643312787,0.24411099149435972,9.472005978285404,5.220189660737098,0,yes
259.942202488434,219.9004870320728,135.67620720273533,293.95713633966375,1,81.72579910892833,778.4542141457521,18000.008349410644,984.275174301375,81.72828698898144,887.9464491634137,770.3236456162165,11329.29469660128,769.9957116841643,667.4827389222539,0.22089719608060956,9.294160036609867,5.358743088885264,0,yes
291.3209631574088,305.31671700833215,122.12438643985304,271.9000782533862,4,72.00638258657482,616.9033037638744,19781.31522593392,980.3054580790847,30.384606250741843,916.7208028721409,868.5897707130214,12506.967050992267,321.7683740959632,670.8165054909572,0.26269274036658263,10.148741045724286,5.687155907677769,0,yes
246.77137267625028,225.7806391102297,300.70196143528534,279.86636262719975,4,43.41587767284129,610.6576439402204,17956.233627971542,914.7283007609486,171.34519327485341,821.8769887068132,847.0754829151358,14598.195953390874,507.9983002974566,767.2885426021344,0.2589545397801128,9.225825618056893,6.608667067229809,0,yes
255.23001790998634,361.3439116984105,179.33024874830534,239.1459636915643,1,40.10320901857889,849.7164208951665,15422.189080689812,959.3962399580547,758.6278033694115,170.19533427177794,954.7082682790611,12283.211852308496,164.633912171794,751.9850988085755,0.26941465479571103,8.017759829784888,5.577465942094163,0,yes
226.09205982871316,291.83315377166554,179.2007604094236,268.85734618108756,1,77.92464265322721,899.9138495492622,17514.852284798908,984.6138001666086,456.54443175397597,466.27065560181194,918.8169086630895,12371.439076667777,332.98553189711885,669.4465891365018,0.24859858147171035,9.078924750800876,5.6540107241026805,0,yes
224.87448110527407,186.9767056253856,316.80125369149437,212.94781485191245,0,58.02422586700943,862.9386855138731,17763.034229865676,962.4360298733413,819.6533119596761,109.55912710331859,991.7987982662303,12359.892892453612,761.3854922967323,626.9468498136328,0.2163385097443401,9.191581210404053,5.84525246904931,0,yes
244.39464342399816,176.77462984603181,214.25224216274484,251.79017514945704,0,44.5198013234836,752.5779809762013,19688.32625410987,993.6901785068943,371.967106496651,573.5143519285698,745.7673293330836,14688.050460845077,291.01457018657334,660.5786364561625,0.20028525082244045,10.133878611535527,6.496591065919626,0,yes
285.3281214238815,308.3605591668205,254.49801867851622,225.03492496943167,0,83.77795859494013,939.3970246346312,17791.05603080338,982.3726867328348,892.20452605203,78.98324085423405,725.1067519803436,13229.116286117556,607.2338218423167,643.2203851948643,0.2657328250166001,9.225716371428003,6.032507277179362,0,yes
293.72956833944664,190.38383165896406,106.38938773021422,293.39954015287884,4,95.85082669238191,612.2399214939477,15451.481971469704,923.793734507695,265.0370224755198,730.9612093738037,892.7118233013949,10500.803018216071,656.6062452347924,760.0598224586399,0.2211762032034327,7.975033468892993,5.046830113744238,0,yes
225.4331631258227,274.3127597803562,192.89687467515438,266.2369519945543,1,42.466392956205176,604.7024431751041,16487.035754051005,975.3606637018179,641.2826284424096,289.71623511538087,770.3686583534347,13508.054868929852,840.2465000039191,629.3607972278766,0.2392648954679986,8.498265596351237,6.248049881403965,0,yes
244.67535083053298,153.3627225491283,311.1989941864985,216.52226638211096,0,57.82169533668224,871.0511581549646,15158.184096697501,920.8756824051673,980.1573587248772,6.390568214726159,838.4252882068637,11650.259501951074,868.807271954309,651.4165612118467,0.20496374008594972,7.885279931825553,5.554120032840531,0,yes
208.38891329176496,377.6141810621668,167.40764354409765,213.4119052325292,0,39.74833932627607,706.6221110933026,16069.628027788414,902.6370235437096,654.852300973876,283.8238092380951,937.4017551125924,10644.729274988074,191.93762185389866,607.9051604344575,0.2584291649756877,8.301858754934177,4.908461658336158,0,yes
238.8614762887409,322.54145293172394,345.88976513979276,216.00902959157307,1,33.234760718448115,642.3276045203868,16509.898680672224,981.8257332174014,390.63889577696807,554.2050549515238,716.4512602704704,12982.016229626022,515.7215783464014,732.8633071723975,0.27964558193119043,8.518781954923682,5.901779638594036,0,yes
224.9902026551603,229.88187906241086,106.10817716113084,242.45822178085896,4,96.55865235563054,991.6883693946329,15962.599950205988,940.7336049287594,157.05344999985718,815.3319287625517,981.2595422953825,10399.788491131001,602.0306456664982,679.7944288512917,0.21812395440408922,8.317772718602917,5.006121892368644,0,yes
218.98050948740809,329.00289842146515,301.3861074235123,219.1409333845119,4,52.840429455999725,638.7334631288119,18289.594978951856,932.1823839778272,715.9997971098544,193.32366246473862,997.6939175466548,14988.288249381585,718.4216125233748,746.0243312190375,0.28590869796713847,9.40100777728527,6.894747121097075,0,yes
295.8490272323401,329.37474944901214,325.70847158021104,228.95533163197985,0,65.81857594964933,704.8031063899219,15442.48718271792,980.5796226897614,380.6201721219356,565.226792538014,984.2697780092644,11992.369077003754,564.8087589959197,689.7147879642774,0.2882397550122331,7.998592928746423,5.627118576513459,0,yes
292.43981341160253,372.1508516870086,394.3729638144209,204.22403457242513,1,69.98975185679211,682.5803355585816,15698.70614889219,979.0402418075003,291.45316248448967,684.0871214354872,773.991328880824,13685.837142761593,565.6559623931511,695.2279196823356,0.3182291452908949,8.121606824746253,6.225553015336615,0,yes
222.97885386410297,237.11159754094928,325.60329178592184,204.1804180204661,0,29.466646711373457,669.3706777487188,18908.848748933895,983.7551571154255,296.6720779710935,633.6483285673529,936.4241648257682,11721.612019600308,518.0520536630495,661.5505590841927,0.23257064721656867,9.724435462581708,5.475140303001723,0,yes
289.4652966682364,313.1715718370974,309.73963453466445,232.1696259358366,0,60.042169956061215,914.5656090656786,19992.872071313977,997.8518534801588,709.8315073923769,220.82546582531745,960.6945578951265,13573.898875688617,707.5561219863146,666.9983311653402,0.27767238378713566,10.323102638485425,6.302326243793664,0,yes
257.33090978560654,181.02538294372383,126.07109851910118,229.06678104340313,4,87.19971038270327,954.9432590582785,19849.168432266182,999.0808462961761,163.6947200615501,827.3024122213845,778.1887294401304,10852.902923199708,337.5055614063941,616.3927320222207,0.2028060976101229,10.260651695694882,4.994598269281298,0,yes
214.2259127112082,383.84521203357747,317.53688702948557,234.98188174042556,1,36.78552023317699,800.4709615426582,18952.252815878128,907.0341082533254,255.4930046980308,727.7136457540503,873.2541324582919,12421.105494693391,749.257127306048,727.3259316924633,0.29962578982940924,9.764572360598493,5.838108507229763,0,yes
205.3087570379879,282.44434347690003,385.8598125768097,257.6783606191923,0,65.05840458786832,858.7117910273039,15152.622420080363,931.0726158721595,159.24050521474132,807.6364133329005,949.9748306635206,13956.631376854497,437.8200159868678,696.7285238153374,0.27569768738125905,7.881110392670849,6.352130953198698,0,yes
224.70250441512994,272.08124245595104,244.1588433123912,242.4903288104754,0,37.06326123531486,737.9127605940872,16845.83068039453,933.8818469455287,492.3049537740555,473.16728604565725,948.9522764573014,12610.541545983495,502.50848958647254,772.5141063588039,0.23910399607831176,8.701135149284823,5.849017427871349,0,yes
269.36476025913976,255.73111528024575,299.96452233543835,207.5236383896076,0,26.032646589683253,951.21999102368,19612.22822431479,952.8519704925001,421.7522778596504,479.8193433398431,830.7564167546849,12054.789447682368,571.6592526323838,740.5251435298843,0.24099191612032972,10.134935772578249,5.594080113199954,0,yes
291.2192381465875,291.06444179201264,370.20975305607254,263.1072702037982,1,61.02500555770189,789.4630879510935,15680.74613707878,999.9733047481473,592.3116021595052,388.82840086497697,990.928767672721,11895.581494288615,810.4699598518661,652.5985744310445,0.29145688655288304,8.139157804802302,5.689321371152959,0,yes
291.84419905653203,172.14343824935204,301.75088097300863,254.25983967436375,0,83.18081198563387,800.2510487879857,19441.98018729844,906.3331560163089,415.1270771411335,500.92133452987383,816.512144326216,10311.220771210295,361.9083345443581,626.3385038911724,0.22729204306460976,10.00929131253145,4.7939972117853165,0,yes
299.1680578270477,399.35401935820886,391.6137287771796,272.0354269012891,1,50.773469703568274,919.4025812612924,17140.160510691996,995.0704145029306,251.40312071475697,703.5606789341648,714.6200165021643,10088.362283642324,651.5963559123882,763.0941808128446,0.34055801841342126,8.897462716545707,4.803344201199185,0,yes
210.43435509668095,157.23333291755694,394.12513959923206,248.9043886862383,1,23.9497103334974,652.0067655706367,18822.78609122092,988.2554246235417,712.9814422116706,199.49436502445292,910.2615087966658,11268.682860784578,880.7436287325838,611.7219696274303,0.2249914580219966,9.67822960006859,5.419619762543716,0,yes
226.09221400570263,186.52242077596455,182.59121248574493,237.00965902348247,0,22.59699754497701,932.6320330620132,15604.068621242619,924.1220473328839,269.5851560323075,694.9606326509848,795.4046237406473,10671.406775178493,257.6916221278789,756.605128265705,0.1898282748295308,8.122657767568041,4.911770787823315,0,yes
285.26128238331955,346.8598617027561,353.87456976528586,217.4898208494194,4,42.012306265700055,772.6176222825738,18889.905047528893,981.3998423159313,346.50665743575195,649.5664130549226,988.83758740402,10645.58783475454,607.3882184909874,763.9006744631756,0.31023981663607963,9.737412350342252,5.124028930274866,0,yes
267.8294991975742,295.31291612958546,212.8497641789636,222.30334077663906,4,31.980144239939712,825.354505456258,18603.910809346617,914.5392315169319,113.74946775919187,810.8267990472002,855.3336974299784,11510.084076212954,293.41016253867343,657.0205507179486,0.25891076533243434,9.596992994888211,5.266855035916416,0,yes
262.94780248841687,263.14843406601506,122.3771139200332,282.7953894301702,1,95.78940302710011,872.1371833376131,18435.923141291623,900.030852647487,507.0560503859656,455.2677233175225,983.2573976209828,14912.580086533904,599.9942218127583,688.131626440791,0.23545312351877307,9.521548848822516,6.8109319480118025,0,yes
208.22231523474218,244.45076246328813,315.92778267671724,231.35746745459755,4,38.748690166820666,970.8100305255066,17071.9305676247,984.1728374878043,683.9530334334489,290.7045542609018,882.2947766940024,14712.237429165763,314.9008250479598,602.339255336395,0.25431027384486915,8.873611883277967,6.566838050556508,0,yes
245.96365787653713,104.48377752161684,297.4224980696019,212.43983157374632,1,21.899249936146063,705.0701631259759,15859.15282012984,946.033372691555,205.79510666526198,720.3442889494779,733.1155124484978,10978.7341527045,665.1336353564649,634.5782076965352,0.18148833122924066,8.202220052356276,5.151391645636483,0,yes
277.66748706444054,115.21305717316625,186.0672933019971,217.43840610093469,1,65.29503306835822,817.9852272493381,19233.219132151247,955.2603880788881,278.4623884344652,653.7619126490195,927.7038029342291,10620.722510568114,266.765528053019,715.4939719108784,0.17397422949672103,9.915581528293833,4.938148951466495,0,yes
221.59594326321658,343.2558835615773,236.47934982647757,244.26371458323175,4,34.5757644907522,675.47486528382,15293.714458292943,992.9850759573319,543.4324655592148,411.4686320928105,825.5888004260634,12181.838667398137,255.8135617449949,732.1511348326981,0.28168769641093017,7.919484864241105,5.522689413720018,0,yes
268.9770110496501,306.4484546063941,254.42509202346992,267.5984485372238,4,38.320238640816925,606.6503085942555,16764.91777898496,995.8411559934332,944.7725944096331,16.094563750505813,964.0950438439875,12229.87080330211,779.3465191629278,641.6977888453649,0.2816811157823219,8.64046679082844,5.7956260170755725,0,yes
225.34836307283186,141.72620202189745,109.55599498046014,293.1471424750735,1,81.95725633621936,764.6160225239371,15300.756356535105,913.8211896158787,499.66402392371066,412.3473241613007,773.5469526544938,11707.071178588782,868.0785907252522,695.421804697527,0.17989795273345055,7.931768445351734,5.546134756459681,0,yes
257.0803798908426,395.96458092732917,366.61712174664405,225.1755017321412,4,30.19651108505908,862.6100409161156,15768.864208547468,948.8617699596695,136.38187472857908,818.212889788431,997.1871407183368,10235.416570065256,233.90621877576504,784.4598157423861,0.32891517518907754,8.192552771121749,4.81091592017464,0,yes
295.7112260463204,363.73362238118,272.7407604014377,224.90522665834868,1,24.741635144155907,617.5511095261949,15368.49830795059,947.6390979291386,587.1358218378891,350.40569018780116,824.9479016027573,10533.317857476653,305.47256848018435,764.9460285335483,0.289399276974213,7.937967715424319,4.884859888242114,0,yes
219.05126947450736,295.12582509354434,192.66079336830424,206.13798959268365,4,47.36053104133329,633.8447685916045,17781.15946617506,983.2929501439537,613.1516184322495,336.3303649835077,782.2300670450505,10311.03557345186,153.16198130090692,656.7137855995239,0.2473323561214204,9.15276547818702,4.705272128441324,0,yes
254.6189937860596,334.86389925520973,213.6681103546851,240.56667456021808,0,73.57000344957618,992.0122539506233,15126.908760503728,999.3690928267698,104.80062800647458,816.314862666634,930.0514246309313,12099.989670011448,537.4508638689748,602.565383675702,0.2661040275070943,7.908099678389309,5.622728781295634,0,yes
265.06199551383713,383.4023525050076,179.2252681659026,254.05087940980138,0,95.23699708094524,667.9309379892235,15031.686432693743,942.8976183810535,371.13255940931623,540.8954260645412,807.1090841326698,13065.551759170781,260.69013862018693,695.9302149734909,0.2853734531640004,7.779904121069517,5.860065772907669,0,yes
261.5616414067484,232.5226945394225,186.14673835995404,290.0135417176773,4,36.86883162610768,625.4017250617641,18617.98638829365,967.1476423655773,833.4086728458908,68.04727147419226,845.9195491767798,14864.246130571548,860.2243458392282,662.6445241971273,0.24181740000789856,9.567107689082778,6.829059674610089,0,yes
214.9699952439582,236.50294611169252,137.5085065622316,281.1123390478027,1,70.5917316602526,642.2343818368416,19409.812374738438,912.3309390357898,952.6298401070561,21.858033363132336,820.0254244246403,12325.295894576095,426.84524757899044,761.7954673976137,0.2182526918744104,9.959163878589722,5.652899829869555,0,yes
204.2663955760187,280.1123453315149,325.68464587697815,275.6226817848673,1,41.67539830277608,987.60695750667,17856.45854384137,970.8329241542804,927.9243423393732,38.95666634478516,721.369852068079,14932.315275274828,135.6007702068414,623.7223136159851,0.2672479537769604,9.26790399869695,6.520494390272736,0,yes
252.0970984283064,392.5885209127035,241.6879172567845,229.1238975472638,4,48.26798640252779,770.199996850115,15031.422866343573,941.5084774978727,98.19980768287144,886.4883815790193,893.0677272671537,11956.124346766897,673.9920832852877,760.155572879927,0.3050096283019409,7.802134307455469,5.634499855537037,0,yes
220.3971046898901,345.4655342530672,227.90629404402478,288.20299783124597,4,33.035316964327706,900.3151232077541,19130.246045111937,944.136262934619,806.5719226298851,119.84486312406727,986.4059969803951,11207.643901372134,876.4346507127241,636.8121135999634,0.28929982298116214,9.881129092466216,5.429122351432239,0,yes
231.62144165294023,337.9643291327339,307.5704380065955,221.9687148508933,1,68.77277954509564,647.6525877009038,15153.582709737702,959.4860053775761,700.4987241736842,271.8963201634399,937.8597805841787,14855.7592556829,152.39716185055556,680.9348853928749,0.2828950391743929,7.838700871119784,6.591448301531969,0,yes
239.20666404983362,221.7999068758083,226.65444931012036,255.2010904676712,0,53.58607018532431,755.5189870583984,16501.736096211444,938.9797538410492,574.5939449455626,392.88562272532124,931.7085892420349,13631.197143554426,306.34967406750474,738.6013836493659,0.22194184103227418,8.533685346168726,6.167684603767257,0,yes
213.1381072221919,337.9283969085593,260.9394913467083,275.33790523943065,1,30.075268254771146,971.1067382014487,15485.405098505824,904.2367216784567,242.79026599889684,741.5633384124092,869.2588887641813,12500.689610279362,415.61573780548537,601.1704360438387,0.2770301453313303,8.069433224578251,5.7184797875177145,0,yes
233.98342753800796,297.82508627380093,324.8015910726803,248.1073407733254,4,61.70889108164832,856.7648408616192,18156.346126170527,919.7968848197505,871.6808983427503,113.75566838860232,798.1925734815331,11397.342517731646,441.03979048092856,799.0228008012816,0.28692365932418773,9.380989565024418,5.2851491778146205,0,yes
212.760551515665,343.1962269280023,237.90163588871536,257.1696809629586,1,74.02972020571454,902.0700921265513,15350.17047028937,951.2297978323818,188.81449542818538,757.8862188142812,776.4192090355087,11538.972739013363,647.0540387100576,784.0333156671693,0.2763734478740774,7.992465304292666,5.408147340501959,0,yes
238.4880131450621,350.1902905686159,229.72573645779508,270.23279974244724,4,86.48238466038661,906.558673180009,19596.82256735266,901.8467256526338,13.195781379832463,923.9895191215858,758.5626842640343,12739.973221680868,363.286245219851,699.13188090776,0.2969636865158657,10.110048777476198,5.755320408318964,0,yes
249.99151510128627,199.76673123402134,189.3137512612642,217.25802810460863,4,43.51860177034412,791.0071703757875,15377.474484231901,940.2520294430559,685.2775578208557,281.36373281207625,847.4217100842667,13798.492162170893,316.39320639051243,791.7409606931365,0.2141697077910748,7.979618406462903,6.2118687279553075,0,yes
220.53186027253474,299.806530797376,251.6945133689247,290.5197724071966,0,44.63558914065118,894.9879012154947,16848.425352484915,934.5065289724961,29.5917059424217,882.0469688463345,854.2114508629154,14611.288660292044,444.1945735225046,738.6822233371159,0.2617321875759352,8.73768743684924,6.576204889807195,0,yes
210.59830749081723,338.5157948709118,174.4163186853034,233.81528406718013,4,95.91757621629709,798.0499705924537,17625.377080949394,985.9963324351916,532.9392044370038,403.3740383850079,968.5884138454743,11993.14408045168,681.1006036665931,616.0521245713361,0.2716128924592753,9.111449286666895,5.656705760545879,0,yes
248.92965531843603,301.9048230482957,182.1481911494845,231.36699820973917,0,38.93181443656409,845.9432545391894,19359.3104951562,910.0083266059542,902.2046030374701,9.134304742761628,917.967358447057,12161.926189927823,796.3447900536663,756.7139821962315,0.23970287686326777,9.97869753078971,5.765177133734481,0,yes
215.5476930491922,140.2579840790722,388.6206375600562,201.43005608146018,1,98.81897643518889,673.3471763098685,17670.48187335675,997.0898088762365,959.3446640314687,21.066645471235233,975.9623443058612,10470.19449122574,881.6200644576467,683.1768391613963,0.21766328190122197,9.107972027682505,5.145556074818431,0,yes
246.7019901954619,269.2902192466748,350.11031660153094,245.37294635198896,1,44.06732452919056,829.9300128939434,19887.160448782037,959.6744891085484,198.9092477697245,765.610649442315,836.9970706565914,12833.271573014397,253.69380747006565,757.6413376745907,0.26741446684268727,10.245837381595855,5.791688856163453,0,yes
210.92231893232517,224.59092214272525,348.14975223605904,259.06555593421433,0,57.00750745421648,669.5644354318018,19191.091556723084,974.0846011991741,816.1229949950678,122.41648168012796,748.8386808109734,10326.473294074427,840.5219464554862,795.713464063412,0.24498811296862089,9.864261465813302,4.989943470176017,0,yes
283.1931162609386,363.84406025688645,374.9340805078367,262.7565103089388,0,62.50582173225851,928.3463494309937,16133.87077109562,933.6859903498738,596.3237390021953,340.80352286079597,810.4839185835235,12935.64885055357,625.9079374885653,731.5944226083212,0.3166127537090389,8.387890255001874,5.963692451385073,0,yes
287.2593122671885,350.06115950493563,105.63361160242518,237.18345843703264,4,37.2928857721838,696.9458688425013,17680.104729797218,997.0240410274491,371.24652916599166,545.5621729327961,761.7539614645249,10032.59260457867,295.36650598418726,637.7143033621076,0.2654708411130392,9.117953101248501,4.635617260673092,0,yes
230.531487594469,131.53361208325273,342.45925635506035,265.6028085749962,1,76.1372424421529,983.0498371657884,18720.979400957884,917.0897553176669,266.7051909645778,709.5184213685175,849.64254000508,11986.822109036619,884.8032275870961,637.853990416778,0.2168155685166719,9.691727984680345,5.696425199598555,0,yes
246.06358698861555,186.0540652260189,215.0689300444917,295.7667992184049,1,39.93197145817483,612.0679804135763,15732.738040129327,972.597239932609,156.87823467744602,763.5123415698292,755.2242945103064,11328.804227637604,137.87443775698458,724.0941927462229,0.21659003746201222,8.122335211866757,5.100350866022635,0,yes
225.4196025692878,100.55740403791981,146.5634940182418,277.0578652003657,4,89.57955058555073,925.8849153792944,18676.401102655185,983.2438102668522,348.5736694429933,645.3040121085812,765.0927650020784,11581.702546183396,767.7485582383176,603.0571482849078,0.18058161710945017,9.665421978619761,5.451637686822899,0,yes
278.45956741853155,189.6211023112209,127.23030274418959,214.16489947625445,0,95.21649965132647,645.0652341528145,17195.92824896102,955.3704653193612,622.0883293837182,283.5749973251619,712.8838371823002,10434.285690959845,199.96907040803453,600.5477540420881,0.19117810873256913,8.858741836148454,4.732213746999143,0,yes
249.1800920361497,142.0480342545313,112.6927336266974,236.6633464368856,1,46.39478671715939,774.9054224353947,18602.87869753597,946.5096793736627,131.40756633792824,866.8687629895871,803.7403423979579,11292.781152159174,815.5416233477545,690.2951095455347,0.16789799742325587,9.589595291142471,5.382684672472126,0,yes
275.7820933712273,354.56794091650454,382.434906833576,213.37918651388605,1,56.56008648417046,888.1232440967494,15134.086653094973,907.1077359663464,933.7105904806658,11.478637315483184,889.3780340391336,10677.653876731083,670.1180970283511,776.6529507836661,0.30684106781033194,7.875213335289113,5.116835700933727,0,yes
245.49740564031222,203.6569186903047,312.0417141352124,262.58500323427404,4,57.237821165751804,644.9957575897364,15559.106936329998,988.0629725746425,284.7451163447267,644.6805289729059,773.3695053296864,11691.800187112218,688.6196984383017,611.6951853010381,0.25049303144026147,8.044832291356649,5.459575554940989,0,yes
258.5465616790117,112.25827218457894,358.325366061638,247.84442842104934,1,44.173638743471244,696.2305493360562,17740.092983623163,988.3127021630554,160.44719443052057,759.956548831131,909.0694399787442,10811.450538091107,677.1545522803996,631.5512711262415,0.20825020591828267,9.146581534214823,5.1584873368930735,0,yes
280.5243760696467,158.73264406234193,346.7188006321472,276.6994598391473,1,83.62321023159106,750.6272261801275,18321.12824203551,989.6630780919833,774.3446643357739,140.7959301221074,751.4444590546343,14227.357246495583,205.1106639144364,610.3630983241123,0.23803081174429885,9.449288845964466,6.269496355407286,0,yes
201.54306371459475,150.5543405322708,189.01995228081347,279.2745346737443,1,38.669691556750394,963.7063009175477,19394.84449581617,953.1138388108138,258.42735926930726,663.414706598061,769.7028283200623,12329.896468086357,486.9859813646057,609.2037088319578,0.188100796924144,10.02914673419214,5.631330679519826,0,yes
295.4456014109548,321.7135536129788,370.5253319285945,255.89654099865956,0,44.48417617860777,695.0070783185013,16567.420978972248,940.4387000199442,222.5728075322121,718.9869092225555,835.4751932517869,14414.358159813883,114.95845007019447,718.0723776543549,0.29679397998695045,8.553372621456344,6.359610875466753,0,yes
231.36976594856569,195.3012321825447,181.12825092614776,234.45817189397107,1,29.299799182707336,830.7659973754646,17531.061673939064,915.7722639528115,465.66401084872547,526.7760526384675,928.7585057782345,11076.92414985911,520.4315484703434,763.6219251365769,0.19804589801241992,9.061950601974631,5.237207884847472,0,yes
280.3237470816859,170.2554222375391,356.62940549146737,204.45713775608093,1,32.856053806819034,860.1183442721351,16464.1418702564,984.2782745560626,710.8929176435412,205.56417774457657,764.6395257276058,14464.370308450703,644.2811336519977,722.6678970548078,0.22376631052886445,8.544517203228665,6.5601794080208835,0,yes
208.6569698823703,368.2015312281843,153.79011548962816,268.9522692379754,4,77.50822009379567,647.3680370279687,18305.758611434292,960.4171544373678,8.791395335415116,975.9951197755784,877.5082294627069,12322.92735862141,334.4489422302784,644.4767435139663,0.2838292145710854,9.414855023959785,5.62392377458462,0,yes
220.25223897073815,374.8227573560478,196.44199159466677,204.35740619016286,1,52.51193453896438,658.6466496620852,16894.070179271203,943.8468516357615,151.0104961202682,754.1039415912267,966.9833798103306,10133.208802278788,232.82624172911034,646.3359298178924,0.2684103951392545,8.709194964203855,4.732471329854034,0,yes
247.1121096891785,294.22471604989323,327.1487935798823,225.03508488699356,0,49.43659276974182,778.6394775403138,17256.550946305688,938.5274199356644,78.07376590400293,883.7322125082671,988.5510944861942,12539.384973757813,614.5586437837891,727.8757403749327,0.265455105021314,8.916165524896728,5.874775701134628,0,yes
252.8774605445278,339.4679186238088,107.31851189987987,281.7394127423096,4,47.729483400325165,746.4088609909998,15094.733049874401,992.9369586694879,852.1465078264824,73.82404652236403,739.4053041759555,11405.67393649722,676.8701789940254,709.5945151436601,0.2674416064743118,7.835611081590618,5.339215391201641,0,yes
283.12769199198453,223.57732653620678,199.82598871093967,276.1976553562774,0,81.97781723642558,895.8230578318148,18677.22329730766,995.2716541855673,209.77629715676355,752.4431831436717,706.8253267773464,11117.727852947435,222.194781670182,734.4177052391485,0.23061257557856976,9.660659208467088,5.037401048170171,0,yes
262.37692618543565,112.67198184439606,309.74722971901264,291.4918176978598,0,52.009862598302135,898.549509829782,15817.687906825693,927.1641272734892,771.3269592619167,153.52279184903614,816.2445562658447,11548.418591138961,368.4347673470236,675.0163258402174,0.20489906974428898,8.222120838051913,5.298963855986874,0,yes
285.38322175088445,173.60150863622962,369.90327633066477,250.3869069316362,0,54.047658356924,715.697492772747,15009.173222912226,988.928377626311,834.2194780170815,76.02486553900167,830.0335528089054,10672.448687019722,729.1846149227147,718.9322990031046,0.23624983422209855,7.785491469074476,5.102186718012931,0,yes
284.25821979878634,260.8056072619615,109.8004852082783,207.72870128187165,0,25.122722119070193,882.6009939060657,16367.913126364398,924.1813638369168,262.1403745542654,688.6268075866174,806.5619555937917,13438.351534508372,501.2751691158023,662.1902590917796,0.20680136252077358,8.493209043659949,6.106071933623157,0,yes
291.43001994102985,216.27444274838967,144.58348692457417,264.7294038095261,0,90.13160876831216,608.4769069610871,15215.120752183384,951.8531242262148,233.42676367295812,685.8586064178828,943.1404013745572,11412.5670545546,314.79947123054706,734.7833664616899,0.21642650314989226,7.859885812316437,5.281057620401239,0,yes
202.45920230593032,363.3265431837832,396.95083364843924,232.6341073608,4,23.367745184223246,879.185008041078,18007.0937788405,963.1197355163426,788.0930817567768,112.406109120358,809.9254798581449,13849.846627621759,459.75408068690626,636.475510246383,0.31566027344235165,9.317375988821464,6.2451543869681405,0,yes
285.60636703123066,100.27207300628393,115.50377558929776,235.51834072070102,0,30.915899841796204,933.0378494191286,18580.92184638989,939.0334241138937,768.3275073190151,135.54541779350927,708.6242928213936,14970.609421744288,364.50306041193807,644.3103718393705,0.15018536151233303,9.613221063163621,6.616324055147383,0,yes
236.93063787449228,396.7477102362641,198.13160812203927,265.94815821786545,1,29.1524449086406,652.4287805013113,17227.65011799501,927.6544380876578,655.6596243712805,254.21521810234412,920.4369040267918,11047.299466972205,137.55504811054038,617.6889638418938,0.28900723423630353,8.872404527592867,5.038284476749586,0,yes
249.9484472635986,387.4907340620259,376.0138754719939,252.4405063714073,4,27.63756806033811,903.9587728903153,19634.87199393136,980.5031546168617,424.3554267228983,544.9727095879783,800.4914005254423,12773.763156377461,489.47697352833035,680.8280690650047,0.33163446080583886,10.139284520656132,5.838096779358616,0,yes
251.98276047346096,372.78843439171663,117.02433011914214,236.3041870243993,1,40.999116636231,708.3228473646157,16544.105704506746,984.3540974346741,179.33695856380996,745.5949919749536,773.5173373142989,10242.123811204725,793.5424189447601,700.6402720020149,0.26066486243804105,8.550699445065018,4.932784552674867,0,yes
241.7830704412348,309.7041767131492,233.95780887312716,285.44149472031125,4,72.9417141073887,889.8779969022139,17836.247170035313,911.2164516251627,713.8115044849528,238.059473640458,946.7451735367744,12898.441674511392,607.5123374123018,669.4875354705506,0.28337118822419477,9.227252173372673,5.989786345388616,0,yes
221.47594700895726,271.6481063787223,210.6713604226449,276.5677580487782,4,20.17062799076136,932.0062412303034,17346.66531170674,969.4581799242371,596.2051268921895,393.6496009266916,743.3115643613912,12030.369334075329,723.6308960656867,714.2947029724639,0.25251830409331205,9.000045696094958,5.618783141345113,0,yes
242.87629197209608,124.66207938289595,246.6935263329211,287.82431291912394,0,67.19548525219662,616.5067403786834,19467.361894849248,916.5900219172246,900.5561695457151,36.49336532709458,737.741891361082,12500.664986190317,874.0808067522884,669.2568353172169,0.19579379137702424,9.982915885082775,5.851634813286531,0,yes
227.24798338210203,107.02783084439443,305.9584030031558,269.59231363542654,0,79.69276488234935,928.279625300949,16473.59885142411,954.8640502980287,204.9442760054456,784.0160304726603,895.9087428360164,12618.913874397227,851.0118002998656,720.5620057190062,0.19654329609040475,8.560649049963136,5.966897170998805,0,yes
297.72714072983354,153.9487979419281,374.9101211050236,204.2189879306245,0,73.02892569171071,858.658284240785,19141.51236959262,914.6994962438223,61.804129416284475,897.3685099722823,944.3629999439606,11090.724026326869,396.3026762065902,733.1190693339527,0.22410702078435832,9.873302658988317,5.190665578125834,0,yes
270.31688156556,290.1843802389558,290.4669916940769,277.70563550718515,4,40.8076761694451,920.3463996810465,15355.01735307288,943.9580247729406,62.34560392705277,847.050453846867,904.5665290348911,11600.615928990965,440.6098211438345,715.575388302505,0.2848875194633475,7.998048367274579,5.387277075751103,0,yes
284.58409044035784,168.5656250062915,118.75904284385615,266.0703607945959,0,72.27181891125426,706.4578879652315,17773.382903127847,913.9812692168106,675.535790898488,321.40691195550255,787.0490251187222,10812.853725618917,813.6784020488411,613.0632814618591,0.1893331174822763,9.155248291556932,5.172982460532946,0,yes
295.7288510316299,297.7933639455614,118.92836717251896,292.833748751514,0,50.82455218512035,707.3273723540664,16100.396153911655,970.262943776812,250.6390816091597,657.7592297596982,723.1340486841174,14781.250843126158,225.8416129489185,689.1073365867798,0.24512678964389661,8.326676764105029,6.49742114905231,0,yes
266.72993963215197,133.16334636735846,345.0497363942717,207.34942148809938,0,79.40785271692211,934.3476009457332,19856.12999799291,902.8926814536152,449.4399485093436,484.3601988989502,779.9849539473457,11414.52308880836,197.2529749990773,684.6650259500793,0.20732287141068031,10.246180380238592,5.1649249600314215,0,yes
234.7469947948365,386.4314763639091,302.27829823166644,263.8896626915605,0,53.7168116165164,614.5313105763169,16627.167131303235,997.363848171779,707.6336317707481,233.85400133027395,818.4718727608242,11974.937520514648,619.4096828215187,782.7263209126081,0.30410985084226055,8.573515719670368,5.587405691015241,0,yes
260.0785709552306,334.1950913932146,353.73842829193643,258.3514678590767,4,66.69558819900146,714.8227586979666,17046.230201045648,929.536622706007,4.616826880236716,931.0982240046976,993.1896739747759,11616.742133368676,124.60503887152426,658.7519614391758,0.3132338172547721,8.795642467269623,5.298892154559907,0,yes
238.86237384849196,240.86669412212225,115.94758597409124,204.5527846098818,1,87.15663606272099,610.5457333101554,18390.9946313715,965.9276982067968,427.0767655549604,496.6020432799611,899.7992133486605,12519.760672335215,778.6252090240487,756.6461873133389,0.20547471584960456,9.450211733985132,5.895633821871684,0,yes
258.4194265215041,290.5600970766408,189.73831784967754,257.9176035050155,0,86.90127727212843,768.525547159725,19780.955821237927,967.7034746496572,758.2720582293168,202.7967233378762,916.6643627810267,13021.539950812285,112.37462035324049,786.1825668509866,0.2492237501078897,10.180135320861691,5.845665641053967,0,yes
244.07993271195866,225.55465333736157,373.03035858477887,211.47614411879164,4,85.06083788871811,756.4924020014702,17408.24089346151,955.4631775309659,306.52793143243457,627.6155368753687,938.855011755942,13256.941976808495,470.9622781383209,796.9514523782811,0.26454701299518785,8.989419761740299,6.08987621760152,0,yes
284.6443413248405,253.28866512430793,221.5986522366839,278.4685495248917,0,36.13541087282804,893.776226236719,15754.73949767124,980.3350287279402,784.1439995678244,159.75297691998617,769.207573701237,12161.087230980444,790.9432478176908,788.2206296870497,0.24173512454244359,8.196882848365227,5.711838482490883,0,yes
261.22606998857475,204.66217557729186,179.44083740520333,250.58849924130206,1,81.72296302617556,729.2091009199913,15142.216774026707,972.7406387013895,276.9198918262139,635.8847937458597,847.5876908058106,11522.335433888336,599.4150628957018,792.6021857229089,0.2150431351407711,7.852753764174025,5.407405180546193,0,yes
224.9798811507722,368.91252607067736,237.23846643654116,207.59036495004642,0,83.21989566308328,920.1559715054952,19331.77505055987,932.6706417292717,596.2961681373929,379.0992306893495,737.555626510831,12978.952951109964,697.2009623718249,716.8409543023399,0.2753098586625775,9.984834626004144,5.9836771444876655,0,yes
268.0416896596319,343.1424383947252,188.10362524030472,269.42180228001615,4,42.284995731229024,796.6770780041237,15595.10123726265,965.1680801179613,382.75417731014124,598.5520841444936,808.647159204295,10624.786511735236,375.70270712452907,736.0957770151379,0.28383901641504705,8.093125513047495,4.945215681834449,0,yes
297.6478299952505,184.04722052229764,273.1153359193595,274.4166167445727,1,29.42834787314049,956.2428224725734,18608.636481876536,985.6895433004754,45.49760529723516,857.3253694718175,792.7019484305752,14032.824551088052,638.2856091312655,740.1461753003302,0.22833638903465572,9.638826399388014,6.396843206329982,0,yes
284.8276035539784,331.2192371634824,353.81691933358786,212.42998303857036,4,49.14669620553149,611.3162620999273,18521.69123772563,962.0334620999613,59.07882942063759,874.5335073831328,843.0207030660166,11250.589750784213,153.72405196144462,728.5242457411068,0.30380185022121003,9.515190370369796,5.112920984907547,0,yes
286.65329628733684,381.30332529690895,361.35322614911473,270.5617871988365,0,86.28651624892075,936.2183284741758,15257.614118290225,981.1052596073672,456.98788504346095,481.0232388141256,896.8545626049595,12338.462520107007,715.6052843241838,718.3449682289393,0.32586968306678493,7.958092931316704,5.793611984705761,0,yes
260.5738313018802,290.8166547394891,269.902304502653,283.19424461134565,0,69.51353941649374,776.5524029818033,16728.619299496037,986.6580456280791,606.501974740136,320.86566001111635,826.2097395511462,11518.103090750727,653.580673284189,618.2921127116336,0.2685007039446249,8.6583725344694,5.397795998638435,0,yes
289.3648918823932,275.3759591497884,259.19336717776554,295.3162605652494,0,39.403594594095736,705.2098250283011,17282.833414342815,902.0929946108402,834.7119649252988,88.3344827072167,871.4268269162496,14109.325615115022,379.82507205056066,632.4259981686525,0.2624673281274308,8.908076454494884,6.344124473271455,0,yes
248.7911370686182,361.1114552313518,190.1007582695558,211.55656176589994,0,99.24487767860077,641.2536752697514,16743.712820971632,950.4681051857622,134.9441652736251,784.4605565237293,703.8200951928437,10874.887676372677,613.0766467514857,670.5581171712363,0.26857940420731313,8.631127597411759,5.081107390514489,0,yes
293.8809638840561,228.7537248439825,358.6493298287268,201.59916281882883,0,52.15249127181609,691.2666429508946,17280.418332948208,983.8438555445217,115.0346814726553,836.0380081587432,834.0328162204025,12499.374249950813,874.0124790330775,716.6613052877124,0.24714091112748962,8.91503446980426,5.897782977643846,0,yes
257.8006373450417,229.93508446109448,353.29804298465007,271.428042805742,4,71.3815351024484,826.9621767941117,17213.694878514027,946.3586026251628,586.9377258454583,318.3116490851106,948.0158287138888,13705.908193038555,464.3607366212772,668.1055358064293,0.274358026788801,8.9066061682068,6.249451949997667,0,yes
282.5789554320129,155.7958771014641,286.1690729009796,262.26475486668187,0,54.812594841802465,644.2311092175439,16730.373789578756,981.539042505121,579.5000034999613,420.42130087946487,835.7969396272285,13781.347895309134,391.4168990254734,771.333962528584,0.21449724906558085,8.629395231599755,6.232253181214858,0,yes
211.8476514352675,349.76256380693303,370.55376347755356,276.4414435436015,4,92.70602000832133,981.2425462931831,17366.123586530222,949.6418596987988,849.0999053336911,58.1948586396162,756.5961170287167,14858.742517896106,397.27661303981387,706.7846669730654,0.3236180808400185,9.01834667895582,6.61255777306497,0,yes
227.17580998366188,300.0611425554632,252.6468021861943,266.4072956582253,1,29.4943276092844,876.0172361429471,16122.279106782073,985.0766208232866,54.17553041876673,913.005268905413,902.2018919238615,11211.228760064296,686.6719294002118,794.6608852919428,0.2601380725501876,8.377286721338477,5.347452078495773,0,yes
217.09812620165226,176.8900343150004,345.83433467474964,237.14810587833506,1,41.06055269357603,858.2193673371532,18577.14215599133,952.7911074073786,906.1403639285452,44.043609871468675,956.3704450829707,11535.570822407992,327.27226508690546,678.8516078794394,0.22383634485154788,9.596242153993769,5.337391109095246,0,yes
296.81473257350183,334.64480249751614,179.8021424402649,216.59812566360662,1,31.194242442264528,960.8997485768732,16459.455845051525,926.8394910417129,480.72010957578703,495.0608425441215,727.5464385284461,13081.992794758196,832.0617774304384,773.7054598986163,0.25846540561606257,8.557200146508018,6.0824395739778,0,yes
258.1543195815237,229.01927981582838,399.7655181396043,294.1540381990302,1,73.25815705929071,692.4704919898853,19577.59322365983,940.5910913156812,371.33000000027226,529.081569400118,836.8016298041496,11694.973223616145,187.83160331447544,608.5002291428425,0.27611108232929293,10.057922350678762,5.281521100424238,0,yes
243.38092609752928,241.32611088800337,356.06861150943485,275.5456809565512,1,41.82384641076745,820.7899721958445,18645.44017350459,966.2006059532141,856.412318385884,85.80557494293078,734.4307407493916,11210.081952263066,571.2097947241477,601.1080882567951,0.26275323398651274,9.62382823206303,5.204723787492138,0,yes
222.9220632637033,158.61524871950837,164.10370053446462,265.5521116053764,4,68.00004829545115,695.3266235617014,16813.42598559837,983.1615226602476,57.73554738784955,897.5018133435278,960.5592426403575,11286.489817908378,103.07132882197054,698.3993977561288,0.20198280094256335,8.682335785275402,5.153024453466695,0,yes
284.0351078799287,161.27097868303,226.00470910147686,264.756113114477,0,55.06757325926888,943.6705079563403,15074.09998395674,986.0789993956994,232.70550736452972,723.7893687354048,960.6035080625779,11444.602334029889,628.2194265865671,621.1254439103459,0.2053691824175218,7.86872977629253,5.416379066059378,0,yes
253.54778649288514,222.81616815584138,378.5443014089011,208.55821532699937,1,23.49874115573143,835.9067567780517,15847.259118491378,910.107912997916,714.5088524375604,280.24293967666927,831.1972647468467,14218.501915467305,640.3065593779496,784.4148036597868,0.24542927486635305,8.220429582010466,6.505858972270954,0,yes
216.43649546248366,109.41317161476348,181.1223333113244,200.43822054478395,4,38.02710809624404,889.0361480680929,15639.506774501784,993.9405984481809,766.0150915662596,146.93091075148038,765.5072741322766,12780.544822863067,573.3689475830863,719.5132298485245,0.1680964399312077,8.140076918910314,5.857734195193805,0,yes
238.3167188622001,114.99845142230583,343.08063037682905,246.04243523485434,1,77.57579180443,626.6626065767107,15992.910176086829,982.6209093241902,554.4429951294014,379.8553212885099,790.1190901288408,11658.363650619558,665.448811353191,616.6898865033753,0.20757823024944852,8.256983010333283,5.444951980319166,0,yes
244.70844378337426,334.5613929445974,325.5681546705869,221.05702647064126,4,83.97456242779616,886.0837703212817,18610.93586891181,975.0113338382259,193.16535439390492,788.8719922441821,713.0413277229055,13227.111094272293,376.1963137806121,745.949082620593,0.30051629129852675,9.622500832208093,5.9495096293877605,0,yes
297.0178705301861,352.60549080554756,356.7527225107766,208.70337868784605,1,82.27266510479956,852.6971624033979,15429.02214839253,921.2990461925934,320.4975855855493,623.2558735420359,714.5334029806678,12565.415188324328,862.9140550902478,610.441856852183,0.30590747931102186,8.0166166163934,5.8570072379946385,0,yes
260.1844036773439,194.41986641154182,327.9609247089909,223.71761871606148,4,22.276031301913903,628.2369287177496,18780.862533532785,903.1354493604518,920.5642353708517,7.006635454617026,832.7671998261984,13809.70025590845,185.63615059701812,636.3609814465747,0.23967173807169173,9.64038255303615,6.132269011049073,0,yes
223.75499856174352,119.39215903426943,141.1442776151663,205.32452770659836,0,38.716878402836514,864.0770863368039,19160.19667298806,906.8256998000452,923.8733231139238,50.8448382603342,927.1112092597299,12387.328604578957,681.2129771225319,653.180167981284,0.15008045855868435,9.882791971792,5.807978421703418,0,yes
212.89393348425727,295.3808193999744,354.80028474984636,292.7152435121581,4,93.26413029180212,991.406711927493,15062.293316262007,996.784530464621,804.4714534204841,188.656114054785,864.6245741037775,12933.693835139826,836.5330594926327,670.5930947773893,0.3021717080963395,7.875293045259549,6.068492806269055,0,yes
284.16763448837577,399.85917814410874,182.66913625007976,222.01976057070016,0,87.86767445791261,945.046411454334,17844.079945216392,900.273867656043,369.9996537988775,576.4339899380757,838.215659247093,11657.022191351667,814.0737901436001,721.4696570700983,0.2877307616026002,9.242246358710373,5.538537987487,0,yes
283.58428400320133,371.02998541789486,213.01086961116752,263.0505386783636,0,76.52931243429552,895.3153881426626,16202.382107064499,955.078083315001,945.1409975186702,45.49094166895475,841.4746928324938,10692.861700462428,675.0120546681145,719.2051527260787,0.28897392201218336,8.41756705812959,5.1043550086632345,0,yes
251.92658937490577,350.85085828718525,218.39689761712808,236.54657005666382,1,72.25149741711547,905.6948224428736,18627.515573896897,945.0729989895468,29.33435251306754,885.8887917023983,740.3491137891984,12168.700598810354,648.4780902801346,638.3652817405806,0.2761342837052872,9.631115072811797,5.622611630972583,0,yes
244.5710903437156,364.08027990805726,104.30152094970221,279.7324039927718,4,86.08000581031308,906.8246420457507,18452.314563993787,923.6515452728095,746.8589512827615,222.42775505128793,977.3570462914563,14005.471092230164,439.78444391250315,796.3629463128473,0.28005299884932505,9.540833598585756,6.396974617106086,0,yes
227.23374074829917,349.0960099151597,351.64883268719916,238.33276729963413,1,73.41097542458012,701.8491241280701,17491.406228313586,973.5146899540522,195.93519842210594,740.1581361616264,886.1011029017545,11295.217235038659,846.5246706796195,688.2622422259102,0.2994650955090387,9.021425553055046,5.420146023977159,0,yes
255.01310202486567,147.3426355887297,303.0410549852007,263.45919550187244,1,44.654483533112746,974.3563253145473,15693.545256880221,983.4178242300586,896.5264137528156,86.82330196962516,750.9217084316758,14873.40279694536,239.77981062801143,732.8050236850229,0.21396354916090904,8.185131307518258,6.567049392624041,0,yes
205.51304477897457,279.82182910451513,283.13507243154095,226.84403481265076,4,58.51248200622538,636.722538635906,16870.966894295176,921.6039953124211,133.4463468909188,855.2964954626518,770.8723328445533,11142.24140968889,137.15273548220486,704.3273031769651,0.2631397520170945,8.68980646965256,5.038494018852278,0,yes
220.63387622497874,177.56798750618816,179.3480169426569,219.5698250399963,0,93.23805666814908,974.1467755103463,16106.516972990239,941.9728117081601,456.5479070213461,487.03980260867445,778.3738015010389,10975.54353843189,526.2975255413176,696.5526056631893,0.19030091358542106,8.385853639336935,5.123216350485966,0,yes
211.00206068424689,366.7759029311421,165.36871803447224,208.58905576815556,0,75.29966401342435,920.7955879793781,15031.36172962076,916.9451174050809,85.16711381650715,877.2214774953243,960.3558674879514,13047.615372728233,697.4064779607966,719.5785463066471,0.25752032285321075,7.832620985877647,6.098910764260435,0,yes
266.8518419470372,179.35677296271604,315.35599327075215,239.04938569175872,1,98.69754803398605,839.2661439893296,19444.215170809817,933.1866743545963,514.6547141563124,460.47382844833874,892.6641360141285,13890.015841318454,813.5171642754227,601.7438869759517,0.2326428333862709,10.022819835222418,6.441531237011804,0,yes
261.77175904338094,315.37789002086873,157.92901795249958,245.2508914985834,1,68.0437665455419,747.6464131004766,17331.707192499598,931.8612695612204,892.1214313952568,105.79581224066408,738.179115073516,11104.790025866887,641.6315688024538,737.2667895226867,0.25230864079939086,8.945950150143888,5.217859655243672,0,yes
207.1608546490046,382.63693211712706,164.78738305684615,281.88695964414666,0,24.9532158672583,661.9177082801988,16877.947838039334,931.3173393171708,528.8099106096128,408.97123484610313,997.1281084244898,12482.307331962627,588.6188794729271,772.305552743644,0.27159483692792924,8.700129808417543,5.847600088488552,0,yes
259.7369957894127,351.480778307943,390.9799916487094,287.6445145146691,1,91.35100173767091,923.808006857427,18267.481044730812,915.7898447593215,362.8076822446395,557.6294500514624,921.1291350609852,12025.839875717884,192.10811649907953,688.8191902551127,0.3245120194786427,9.451209738795312,5.462568335851647,0,yes
260.49781214618474,214.58066462168154,134.38776007327397,297.7814546226673,1,46.021831806916765,805.4565556127188,17110.206521469645,956.5097770938893,244.22839275432526,686.9955399480859,930.8699596256604,11214.214774962527,186.1966175570445,775.6181700243633,0.2148581829216194,8.851444959688962,5.152433476043883,0,yes
215.53528721425545,204.87067549917822,367.2115169950644,299.1054386995744,0,57.39881436830849,680.3454261085802,16392.109454752434,934.1488465679682,391.6907832515477,549.5102317034434,787.1856007049879,13296.25611290677,647.8648923502345,618.2601183179213,0.24955182462115807,8.46163511706811,6.093054222033031,0,yes
260.95906501579276,141.21029897873277,270.23668996029585,253.12783603700535,1,59.94495033840002,704.5523894218276,18991.131744229686,970.1335258680274,433.42486638063195,522.2717158546861,771.3830017729458,14831.491618119475,684.9063802350664,654.6943738621728,0.20555757062150803,9.771415945205996,6.7224039219474525,0,yes
295.6134632865983,227.93375142340608,187.76440382283283,236.0213444571689,4,83.58524802738845,980.498258008959,17427.005540117138,930.1872010735032,309.0386173195752,645.5055677294276,764.3573955407733,13335.099168954643,465.9193353117519,734.4675468602612,0.23969174774966748,9.045945031061324,6.043801322532387,0,yes
240.05517874260607,140.65611028429709,354.18183488340173,246.3016871024737,0,71.47760938601536,802.0424141506103,18697.340982273425,919.765406076601,423.89893737956885,486.8502586391108,908.3474584110668,14658.562959114755,245.4075879546088,651.41610565716,0.21556634388905815,9.639206521380608,6.525625806571479,0,yes
245.69142289816787,299.3516987565435,165.71587219491258,272.01732296824565,4,70.0779688830974,661.9739101909905,19485.997975742015,959.3115361739133,298.5904442298857,665.3427628631773,729.9712789398462,14345.339192421132,576.6249599866893,641.2498196382045,0.26303095391769,10.00801452004111,6.4674393752240285,0,yes
257.3817285789563,211.57827042998963,152.63854525572467,209.8183373122407,1,90.69851675315189,792.7334152144997,18019.688016529337,968.8531222181564,268.55264664281725,718.6611611936207,722.5036039078233,11595.316609717514,442.31669614127895,793.7888656441394,0.20493749774076095,9.305047830666426,5.334119548907216,0,yes
220.3805957428657,111.19810510600729,103.33845916320551,207.73381952714593,4,84.32192500579598,863.3696587030897,17574.84918379038,986.890591272293,511.055760176926,485.68990222235345,980.1399865933521,13755.111690045076,409.5473757326415,785.2113022008596,0.16103055963696947,9.100966137927301,6.288159497621429,0,yes
273.211181298419,281.7264598050871,191.62620207148439,294.848494913498,4,64.90852211215854,990.740053211216,15110.979918035946,990.4375769653235,689.502816801578,225.50381444647508,728.7618466802497,14666.344421693255,709.7157452330022,706.3549425779715,0.26856058921860404,7.898601621059959,6.650436783501453,0,yes
255.28171235236022,229.40750242522455,324.9403729165671,230.42213790660642,0,90.50975146036292,762.4249370839224,19187.372818723466,978.7847526683496,161.4764148417603,799.1134298907664,964.0409072449627,13221.074941171762,173.92900431355338,695.0609440118565,0.2463609614140307,9.88352053495712,5.956891360046782,0,yes
294.9465246397846,180.61027934254605,376.79363673791073,215.2188410201041,1,93.41210854673832,672.1310297757187,19807.600009279933,936.7621443526871,4.646566529065895,964.6156320011718,871.271858759416,10431.9536763535,895.7773307955409,616.0243423954955,0.24355900519669604,10.167938403878713,5.08370489512627,0,yes
243.06032012809715,308.3736271505264,217.9678727086568,244.79426583378324,0,62.65697812237513,674.1373962184988,17517.761451712504,985.8310248488552,405.18553747196694,591.4167699468853,926.7558562621275,14569.015505483268,819.0850998729338,662.061369167196,0.2543799681963805,9.03022348499509,6.739856528677985,0,yes
257.7182547723444,186.42456180347068,127.55920264219294,230.23264519624195,0,76.87615761013119,920.6941494439191,18746.52351675841,977.6141742305324,960.5119984751702,19.09039776294435,959.756392918272,13063.072540665204,506.64243858678253,659.1116414853097,0.18824739886271333,9.698520138947963,6.022959266968493,0,yes
245.22837116376823,280.1013083761193,189.20970633663842,205.9440018224532,1,84.01614539242982,940.6613037650286,18575.043398881386,910.642436675195,587.965810238042,409.8621820685855,828.8665994018277,10114.104596852667,318.14070467695853,670.516096463688,0.23650891648490324,9.60813847589144,4.7196392916116885,0,yes
233.0488041027757,394.78847583833317,135.84411586049578,272.61665565132785,0,92.6271035782358,874.1666608019193,18956.138308914095,915.3035913474058,404.2524345619735,499.189913947915,800.1811800827218,11835.960650146051,518.4715137690937,795.394946141922,0.28058891264171393,9.78419930040478,5.480611253601436,0,yes
217.19180841676064,360.26497217486093,226.16240903116693,293.82638955204425,0,43.53155834427574,801.2110719539277,18748.35738987592,964.9431165578143,671.5430791000136,309.6962814530983,930.365346941587,12114.325349225035,538.0688689488345,755.2563243175789,0.28090998958746116,9.67073457961804,5.6572006155717585,0,yes
284.4000407221617,232.516893536218,277.92940556036694,299.6445330592974,1,99.00315957472459,860.9194794705736,18127.82190392289,982.8853500313825,623.2861070714781,329.15454779169033,865.6086955669583,11433.3682440235,367.9217210520415,723.6812815857502,0.2608008295032265,9.376345017642418,5.282691760475778,0,yes
264.773089325849,380.3637236876736,137.46918102132713,243.32496745091976,0,25.46351644690106,684.7469846803591,18045.312244355533,906.7550517074068,251.56606040793613,711.3799485065106,738.72128976972,12186.32958513744,383.25028912490023,793.0968640750322,0.2648535458410706,9.285454968119783,5.5499379826814526,0,yes
204.75440755618405,225.1153922674937,377.24471603807285,221.44407622907568,0,32.348714599553475,901.9848767279078,15918.859179782226,995.0434132147179,775.587816191673,169.82939231236503,725.6559587965721,11766.986076608533,211.00522828550686,656.1063612600152,0.23961485975602406,8.282844648591356,5.287521451217437,0,yes
254.73836005505922,188.3346825737614,364.43488405126874,298.7709376061359,0,91.11846696015672,753.6890955621396,18205.82611012656,972.8385768977264,652.0754513713816,341.12282639685714,922.383672541363,12400.35056249787,379.8450608818107,744.4071403852467,0.25150833160396047,9.389987638767309,5.7053437730766,0,yes
261.32776395060944,321.3767845570235,111.0595645175685,211.31452165350876,1,69.05107087631063,853.100434871232,18116.668503228502,959.4226797265893,67.75111023184336,835.4999139840075,894.4358927259022,12173.025145337804,572.8759420129079,607.1932735843692,0.2386175018026917,9.365765158187607,5.65002999850602,0,yes
297.1804356354244,107.22492847210167,261.72442683560996,266.79864155799874,4,26.71057065083012,632.3548421772133,18341.782234283,984.7597114092672,167.31429895306752,829.7492041249554,824.4941735101796,12882.203641980057,110.70101035569868,768.5936418804357,0.20540489255309322,9.432955255339131,5.755025783978839,0,yes
275.72743411822194,179.32802731384686,215.55844850988296,297.0065537942259,1,84.94798815357905,604.7774652404681,18239.7973178679,988.1189452373583,12.125057393826337,922.3496333670978,812.4324313182223,10279.418330772209,597.8420981586298,625.9658257474601,0.22365747943974457,9.376428656616739,4.8764919083424765,0,yes
262.4245485546531,333.7133969917428,110.70876040013636,278.7632013890311,0,25.321085448698568,867.9071991728938,18550.76175681018,973.2833146727066,138.8829169454563,765.7904205178249,915.5730174032591,13969.833591990562,756.7582735505954,719.6506053073966,0.24761391871357888,9.588063785006979,6.465720762453188,0,yes
289.2334352367539,353.75551802159504,194.95136430231048,248.23155933874548,1,41.20561703229061,971.6756510364239,18714.26561481734,944.0163129104436,637.1030705279835,328.654772228061,839.7825560591075,10198.260535085205,812.1920159402979,764.719532265311,0.2757636394515649,9.689439598601833,4.963311049752923,0,yes
232.21364354820486,190.6041283940267,307.8183291172485,291.98551222443814,0,60.99095541640683,802.5516158506432,18325.214263504968,932.8785237920761,962.8250940921328,25.425541203212788,772.3213327403275,14292.074931884046,556.552035860153,785.0774047501011,0.23310041155574973,9.45505255556087,6.477422884781284,0,yes
215.6623536190168,279.9979583342227,332.1601583333473,274.340514697084,1,45.11288455162514,602.8343519942565,19013.164947518624,946.4142582969271,809.0715106742296,125.1540084000394,744.9838581094695,11682.739650900323,644.8757914315685,736.0903715638829,0.2701112245570944,9.756934268851778,5.44411393253806,0,yes
227.32192434209887,263.35647886845436,233.08008809047638,288.87582006237164,4,67.59424949674003,923.9020098233734,17506.005066395526,965.7192304643336,807.7880908259524,99.63959032819764,978.3893324159721,12912.80290978049,572.8573610768935,606.6978200658593,0.2628439726393431,9.077349301648503,5.980020179377939,0,yes
215.1146194951448,181.2674059474507,108.73484567304519,212.6020457731021,0,86.28534756143802,884.597629886043,17861.857729081465,999.450280998876,950.393897720659,32.919740280697056,997.7455737092978,10080.363243091404,165.891440064612,682.4487992155915,0.17469326216582057,9.251011682640199,4.712351332639762,0,yes
201.56178608996908,343.4719920427185,294.2114437269505,202.9586553095336,4,43.61307141698393,651.843292810331,18946.23099258056,939.8493397638393,90.50534404469148,849.2730120653695,972.7892766192421,11076.09810293605,293.12963168263366,736.9511123645503,0.28366664947125814,9.733239328166489,5.152757112968569,0,yes
281.8822558977264,226.91982694446762,155.00385142523282,208.2609878575118,4,67.86023822134807,996.8602837457212,18326.51798255582,905.3457904234552,926.8501450587136,13.805923888418306,829.0803922830264,10938.54365100583,202.9140068188431,712.1160235255488,0.22346501603813518,9.496084923819387,5.000997701529936,0,yes
247.73105612866624,230.8513301449493,104.95321124457814,273.83601423887916,0,31.172451613943686,735.5035731739281,17405.25331667439,959.59766944106,333.37096183105945,662.4143728416143,826.997303660838,14563.794566436332,395.22357219666685,704.0432465599804,0.20320955701997528,8.983849051850033,6.533732982358254,0,yes
211.0297148282003,390.8159266840743,331.445345431426,299.57914577757293,0,41.64683972170324,670.3361091890561,18884.932452302906,959.5778760847184,667.5139950800004,325.96571915470133,739.2699248538789,11620.76200499851,726.7674060797931,612.948650957313,0.3143227608156779,9.709348841150186,5.44177413571369,0,yes
244.86922670307962,391.04593133552714,169.7206110698305,255.06708122306893,4,39.64762403985942,912.6269460977526,17791.52147131485,989.1358225316438,155.62863833850255,806.2576700278534,841.2733720389559,13486.09707290046,131.78780185544508,723.8921067243671,0.2931904549422212,9.220776610727833,6.00092462940194,0,yes
251.7395742117929,157.17569172544862,128.10128737094888,267.65137830862363,4,88.81714312959647,873.9674294254348,16301.893978769607,943.9342093547066,400.3874502380472,531.3767835971485,816.965921642752,11157.159880442658,683.7468524842501,648.2531322909422,0.20088544620084423,8.460955158483024,5.2663081729901124,0,yes
224.9963403916202,160.75569525047138,182.21071538725738,270.4754557078784,1,44.85421082636794,724.3279914500465,18752.38835648237,936.2159651795923,903.240441244061,26.295026567173295,966.7832517277453,12612.91073787445,116.14149511758383,716.1958774188463,0.19279748857980536,9.651733405495778,5.690130711055559,0,yes
232.8295412745777,357.684334398967,260.4912493798069,290.4064637939377,4,81.53660148639844,602.3110046405482,16506.376391089638,939.5996005550586,771.3943893086878,188.1504600177667,884.7506424218539,14379.925929861507,529.0887927961901,708.9328529554214,0.3088122243262921,8.502490215421316,6.532466347294375,0,yes
204.6538762189732,262.0741339550866,186.33045218917113,235.66156359227858,1,46.22244219659624,859.7894160229748,18745.449297687275,989.4192140365644,256.83940398002767,673.2941823951554,881.0272746296516,11328.847201295433,392.6533684216774,720.5929231003771,0.2247900079821966,9.685809074264549,5.253471291629464,0,yes
200.3853259070249,294.0712325948714,297.7140449959851,267.1911051575111,1,98.65569893846883,749.2706152493272,17343.911911878917,944.816146395162,866.2700661716613,58.947987393920585,889.1037335335757,10783.993437772513,315.8999836397402,765.4937053787764,0.2722254154478397,8.95419025386851,5.013347226756216,0,yes
290.69500026573814,107.09633282686096,145.60546396933532,294.66823718031515,0,73.23796453803018,687.4354161813619,15770.282019822751,983.4861851711757,478.8094185281014,520.8548956321015,792.5315123282643,13648.392680135494,734.8907372772044,755.3118160916932,0.17672995777016282,8.159075533112093,6.296984978144537,0,yes
204.86295636370593,385.6829074031509,195.9836861150365,202.9929810046232,4,28.060330035781902,948.8537950857785,16023.360260307294,900.6925143306929,251.14494669919148,712.6686020718095,751.2312658666663,10794.819788122271,306.4507204478467,634.2690214938624,0.2793741951491737,8.332815943069727,4.946735995328518,0,yes
264.54879254606783,187.17964625364527,188.90465719942517,209.7697117674944,0,72.94143048733537,734.1522854010826,16877.50934148432,905.4663996465563,584.280302766486,360.36599129273,844.5465555410927,14529.349482201658,621.7488620860328,674.8865382086888,0.19709536435657568,8.712256917467522,6.606680797156297,0,yes
234.3172080433801,194.33834642130856,358.48037076172216,247.8118325221782,1,71.92065982451585,705.012050749257,19563.763071580695,919.3971176442752,250.32108239599472,660.6103347068372,736.4730941123428,12505.248245667673,850.2072527869946,656.1368994931249,0.24153160492797304,10.050860467436898,5.838113901365422,0,yes
223.1842772016525,358.4850814036737,156.80197639274678,201.01200415085242,0,93.1829225497552,807.3298191631671,19519.930681548205,930.0516710985818,631.5608951266718,317.8821177856139,950.1021148877278,10335.382116219102,409.58212706934313,783.1187381847274,0.25476210011578176,10.05309085898414,4.901450385524817,0,yes
208.5750394006577,198.92395854355968,273.8758138087011,223.51040188809145,0,51.226716470309185,671.432212243954,19181.42876317699,910.8281974825701,463.95269405547157,473.7908836522244,924.1346077211767,14244.087442638061,226.86971037154285,789.7029396468236,0.2117326108494609,9.851150048166998,6.380733217978557,0,yes
222.79852406527,138.56756591165143,157.44496784808368,298.5655164709456,1,82.01212267286242,741.0770120392601,19275.260499765893,951.3734813410819,77.49416657021739,846.575804869938,813.7454864197267,11919.210143699484,857.3470052757802,655.1012681912251,0.18898085162068054,9.918952563497845,5.639123884041962,0,yes
245.78642385714397,219.08485382779887,363.7374637367121,281.59989656707285,4,46.60678053375314,779.2685954346356,19709.62613431685,965.8719006593772,191.55413712338634,724.6298127255817,836.4932885099065,12749.888320845223,100.17834490838453,780.6326310059603,0.2695065776014729,10.146606149225118,5.693155739707009,0,yes
229.59631442279078,363.0920941479479,213.78150872389892,263.5791027598782,4,25.521575695285197,669.9895492009803,19289.746985362697,946.9451496178013,14.360100494010116,894.1365015613089,852.097756663158,12225.792898546992,845.2394094228581,768.5960490005546,0.2888182286653222,9.909941390851724,5.785128048224775,0,yes
208.74825649512405,288.90973987875,339.9876687466767,232.09719298826104,0,84.52349617846566,603.2142040257022,17474.70674090906,981.1198236062552,338.2811567777562,647.0911187595524,945.7783005327149,12788.998382427984,302.9745414326777,648.9275366063315,0.26687465157639684,8.992574514545023,5.825734626695921,0,yes
238.00903378805205,344.15881912684154,137.23570123354384,230.93005598129122,4,62.188796590049904,946.5235756074105,15899.562915646095,947.5272309427514,953.5800114071299,6.344489976109571,868.912375358624,12100.959884353155,484.51173316991697,744.9241939347755,0.2650775106633586,8.276794164570743,5.601533315773901,0,yes
233.70376090585034,219.20002151335126,169.08309462694206,240.47671510152978,4,82.18140539738184,760.4534970420201,18567.131086827765,904.4636515480667,928.977808320233,4.473078475252919,711.9075438711407,10532.662410902467,202.23989431608,781.0433587632448,0.2253424503202218,9.562754705861858,4.7996743666537816,0,yes
290.45241942942647,116.80337951567415,105.2994755572899,260.0489641243654,0,94.05953960580216,770.0749127531924,15382.529078317591,944.127341885634,81.97462745426115,910.2386955784675,914.3898629151752,14439.909450089877,130.10147117554186,721.3409314632555,0.16821531851273425,7.978019365396234,6.414877878074616,0,yes
271.9690636554945,266.4279056224183,142.11983860585883,249.01401761562664,0,75.68060072715599,677.1948083607957,19275.532136492744,900.3420886516652,473.4065314961469,468.8643863814762,950.8842896990401,13361.022448128177,493.8699779460668,669.5083721305908,0.228570080957941,9.898034064991604,6.129700286352403,0,yes
298.3294699202889,186.29835391081298,379.1040216712219,248.52668247873578,4,90.60714619806475,977.2300577710931,15129.617149531357,919.0667737634312,317.71425166919846,616.1173483226152,971.4102688817097,10462.488902303201,106.60219562743478,770.6234954164051,0.2650339305731644,7.894974989109896,4.835812804464154,0,yes
248.94748782730034,312.86620177360885,347.1167192767044,218.78077400591786,0,75.14399362285837,701.4145866756338,15955.464689505316,920.6171705401775,492.78375247431364,478.30758339748064,813.5295300916601,11527.37046037392,207.01350534987836,705.7910511527352,0.2791182110369126,8.246086694380987,5.23530368215638,0,yes
249.18282438182865,266.4445692653883,134.00390167002183,264.10411722859544,0,56.31949662715557,718.4267360321758,19386.0351539116,969.3957881400485,652.0732812461096,313.5570355158294,888.3724385331233,11308.305457026825,188.82142921619288,625.6103918811791,0.22465484622178564,9.971821774969607,5.159053813794974,0,yes
255.98301875579727,240.12194136665835,362.1509820549538,202.95372855189157,0,58.91481890301812,703.473401994028,18994.2639976263,990.1966930274288,400.3392357164052,579.3263757609132,901.079247922233,14926.552593086013,524.9141614562493,633.9320305444621,0.24871131944858565,9.775520914216465,6.748899472715335,0,yes
297.2387425841746,317.3752212738905,204.52800446791883,270.37000494653205,1,47.764619311685756,831.7834797199902,18954.44669466614,934.4225495148312,258.2591522820945,675.3068798850954,951.4610762191795,12659.919365282087,309.6433198293847,676.9638618159238,0.2693934907484211,9.776424769062494,5.7755845389561395,0,yes
275.0159870951818,140.7446544803938,283.25207820701655,257.25137553294473,0,82.18335912993413,789.7069171605805,15454.709358735628,944.5458762478215,16.729149341170718,904.9965142432875,997.3738238841884,13793.051710809257,295.9844296330243,659.6044204354935,0.20937409196694715,8.018535799606761,6.237836719278787,0,yes
206.14472090471628,181.44980272087892,318.324164657956,216.14613955226997,4,29.429999473308392,677.9213219730653,16538.58661103582,932.0044773626809,955.0445799342385,27.36054599238048,750.1848909192745,12713.314916765756,542.1234645687339,741.6021451968872,0.22511355699020727,8.534048142665732,5.8246931590335835,0,yes
266.8533697065062,309.5788301093033,366.1311507182248,243.22387863161615,1,68.50518174481465,918.7390228492566,18081.327706296775,995.339819080022,837.0630695036875,100.45493575010482,952.6324916400281,14452.561963636377,832.4098429345395,790.532689212066,0.29192504810860453,9.367932469166233,6.717818244863044,0,yes
284.57720619474776,301.1379421775348,240.1041236539061,263.24929909294923,1,63.90882844615164,756.9076757966346,16904.78995641029,998.9172938647778,775.7597618299021,159.5545539507949,842.2709404596272,13746.500330502195,537.3170683677104,788.8827436786421,0.26901457010635377,8.743795885785019,6.272688875014846,0,yes
269.64326353333206,192.8784258159563,210.76440334429375,215.0386890338784,1,61.704563440875575,604.9416803182388,17606.554069915604,924.4798342832241,222.15578588773886,750.1838614529569,881.019036901621,11576.780665675471,145.36072221263697,691.1938868325722,0.20803264026035917,9.051077624399099,5.255649317426396,0,yes
255.92526252994875,231.29427561779477,236.171593488762,241.90934437513334,4,72.83428293936478,779.415699085634,18227.99265681501,986.9826099033122,504.82250947925996,428.00019506999416,980.81306617371,14932.13534690142,621.1527899259171,786.2393037637471,0.24551811720011915,9.408741171859294,6.8351989475261945,0,yes
293.38418912518006,216.54906732336056,364.6416212938475,291.4402311114231,0,31.33814536285609,924.4346426112372,17304.90922864088,914.2978738912929,163.2496325846648,749.4509825663747,916.2062352313485,14048.029036426677,302.25653805711374,715.3564333769014,0.2587466921643156,8.969862912016984,6.315979163606388,0,yes
226.23097044556613,362.5385313362627,283.4778530730032,207.9886983943377,1,59.43157769699092,920.0133657670401,18680.8810270402,954.1108762713584,933.7524000278454,52.09948292709487,916.1904328011107,14674.476706849015,214.44751282500425,739.2603558082013,0.28325497012943773,9.662300619094712,6.544656240911546,0,yes
244.2232958622737,267.23873323977216,286.1241293940076,227.58570637646537,0,97.6968805162146,947.5724366024663,18097.788963725954,969.0475189857099,600.416784981999,345.22369109918577,818.5213966563888,13542.258465829731,501.92309975068684,603.6459938352309,0.25266863689659463,9.379112560065899,6.144316849148798,0,yes
224.9651099618711,330.1714559377732,307.2188836051747,272.1371385018807,4,56.04797535767762,904.4337239900312,16288.898875745372,957.704555084003,320.8633594870666,581.4180678972352,797.7559122458658,10377.195757367754,828.6202102908333,642.53101156762,0.2993008236693216,8.463258067212708,4.999808108989525,0,yes
233.25103306200637,213.16789705629398,236.33263192738184,270.7563848511944,4,30.126136009775752,844.2754017359885,16926.127336089605,975.1873651735059,652.1730625505546,248.09839288488195,742.3748998900724,13125.85924540677,535.0919163608919,605.0855122195327,0.2358346030484579,8.770684264761943,5.954544762512233,0,yes
234.764475764294,152.00353305674673,290.74179077956137,296.5136522631695,4,71.13805445281936,665.328642579594,15183.600010349763,900.6164098492419,351.1040325939507,554.3386153090893,900.7955258028339,11982.573920284125,527.4635420829404,737.3307542506129,0.23274844434155983,7.849506255431109,5.575635254152691,0,yes
232.9689686658813,266.34990230256614,315.17453465402605,218.32087720611042,4,63.267756403946855,754.7478597980838,18670.100955345235,988.5349937830601,438.6251343349138,507.1594676368786,968.6372248940758,14833.389797720858,192.4497308465863,627.1061135230334,0.26651868106986054,9.624531961036114,6.600107265152958,0,yes
216.55475331140556,335.00592236784166,197.95579118903152,219.69988590295546,4,21.156240585929762,867.0399984223441,15294.345591117877,954.7542622729039,715.2218730160382,208.62516893748784,772.1520959830578,10040.172455341342,847.7766631513946,661.6795058882974,0.26344725061820623,7.957104112189951,4.867875847744814,0,yes
266.49780298517425,201.56752103302594,230.2308262338634,291.67093110010507,0,39.78749148597636,928.7980859624653,16631.612007502827,988.770367885597,657.0097161238972,327.81830439448083,742.7964742780551,11328.288809776795,844.6620942131008,619.2178489121778,0.22357503282371224,8.644458059744565,5.372972087858183,0,yes
236.60409854205847,242.0207544011573,158.39878315973993,214.19779057446502,4,67.00255792207413,977.8193160717685,17732.478495862135,920.9565788725124,212.0687238740643,753.5943458792093,974.0482107900456,14152.682922037518,807.9865789762725,712.8273507477937,0.22553607818276522,9.196799966426102,6.5902055982006935,0,yes
227.98088055743264,145.96724598398183,230.87984089017712,237.06386940309287,1,83.28644551942453,965.0517240948396,16047.620837714934,953.7505578720281,502.9930903078073,402.23905351005,964.9682733922773,11190.220295858468,214.2404537319319,639.0098007992842,0.19514212336737125,8.35593186744617,5.146092422876591,0,yes
203.0247304220188,198.94881509024913,124.0237097297692,225.3989049198738,1,25.826982460870553,833.6787843977562,19092.8497525346,941.6919373528655,102.78064090308845,884.9726061120932,739.746077102076,11054.810993542591,839.923825939991,687.4644078242844,0.18225712771847385,9.847049370572705,5.269818970545045,0,yes
209.31387958132993,142.44703250787273,312.0367566097466,253.95966325797417,4,96.5510409750726,824.8109184659484,16003.86460294306,981.1456382444647,604.5508413477555,347.1439471615514,724.8002074269242,13502.610134110637,315.7927899116651,624.595050014161,0.22465591703045273,8.306006816763615,6.020082535745414,0,yes
286.93427341381357,323.26856933710206,240.8894158079308,211.473951204043,1,74.75778511118861,952.0722736989944,19372.052206259403,983.8516419205619,412.7453789281048,530.8002016906676,766.4235474580448,12901.323928553167,328.709071723022,766.7115986552756,0.2693313760748353,10.019322791007982,5.819006800147488,0,yes
213.45744796533353,209.40257551662148,350.32222912526174,239.9934092931377,1,59.862987441165586,663.1792480615472,15384.902173271128,958.3135944779585,608.5750864910474,314.68090389172914,951.6769788875847,13665.304983434293,593.3219151148329,753.1373241085213,0.24021178513996386,7.957592817217254,6.299956769676223,0,yes
211.26354414374285,148.05613331023284,139.3730704362093,268.04627277723785,1,64.67459212407309,961.0429019420901,17844.349081259,922.3431408921687,504.67490847031735,436.515804890923,831.2065058329603,13165.07546302614,382.4248446252297,611.0047978736379,0.17942190002392622,9.249064137858872,5.951066302702902,0,yes
225.2687234761919,128.49562125356775,373.049432138546,285.36744629396753,4,44.74525233260148,706.8964997041315,16270.28337085652,998.9342924609418,241.3869507348972,692.6950646752803,935.4306740494083,14788.735789387272,175.77412024154853,690.4883974854549,0.23306030607301786,8.415496480954763,6.569002462727175,0,yes
250.1374295876629,154.78460283172393,390.351998516776,205.86346805253442,1,38.478285874746916,842.6872733266455,16854.67072221338,970.6170459860956,873.3057639514573,123.62579729507843,859.1712378413272,12139.870128805058,205.30343367911837,797.161567123221,0.2214905536629151,8.733967342809146,5.513602061464011,0,yes
276.6432329789557,244.93849775936127,386.58807581359895,222.33239741358076,0,28.750779812958783,973.8244988601336,16760.68188123454,916.1854672453484,146.51009438555624,803.7288238972576,980.5172432872223,10028.268198756641,527.9480001387038,772.6915238186723,0.25822432905189074,8.709328758863919,4.83683489085886,0,yes
255.3733600178398,359.62212241526413,132.59984107003658,251.0395670879517,0,92.90840497505185,691.237255657388,15516.92200522718,941.6238653341806,477.0487687803896,493.1478165013512,933.62581792574,14610.26299320819,465.18111823100884,734.015874065138,0.264415454134309,8.027457678478472,6.623377335409649,0,yes
291.63320571803933,118.33206187264406,329.1145861083062,254.40980374187725,0,78.3100107660232,820.0181739912786,17972.345816183824,913.7819849797125,961.5617412212131,7.230880273746948,911.2059595231214,12920.688185138275,118.2182980742664,732.651361017918,0.21063101108724874,9.279911287784707,5.799419576070909,0,yes
257.62285197132957,397.27423530487135,242.67291482235746,284.5582741306969,4,88.18834872500128,618.0827346640565,16768.44481944723,965.7863807477656,933.1201575432201,24.140885404441292,967.1705783841435,11760.354990232088,144.25163592536387,676.7331945844084,0.3238855583618564,8.640556161390679,5.359112127476385,0,yes
287.6849455264275,197.5366373558557,382.54875667218704,230.61447121493325,0,45.327738721220584,736.8571463957619,16550.46088358637,901.4452078180449,146.48715898742054,765.2119103120043,993.1045206570154,12621.775414959986,897.0418174992486,630.7934948426564,0.24359404912657168,8.54878223362736,6.0028974521427845,0,yes
232.6350301936614,305.95046327043,317.45672002159023,268.95270099937716,1,48.21765287506106,765.0789487770974,17722.58388614514,953.463012548633,569.1671188869442,373.02186173249595,832.2485969155613,12603.150840477694,372.20364025953074,707.1662395153597,0.2790076826450519,9.148221021028323,5.735380249732186,0,yes
287.6684799399355,217.0092810045318,109.50983865753369,263.87779808411386,1,36.459668153270414,759.9664216378128,17855.281734593667,945.1432587005557,322.6543576789286,585.8531399179103,861.1610855091109,11280.930257820983,403.2783780243324,727.4870177342159,0.206311322952466,9.212291017647312,5.228563255529415,0,yes
298.80631656844275,362.59353672750194,286.1805840466336,226.0207870488434,1,59.39790974797041,936.4413216882214,18384.333559956125,955.1471462162183,206.72064337894736,696.7186593461759,765.2206988840661,12255.55581466405,165.8919031234949,715.94511775381,0.2966025116685148,9.517920240389945,5.482863737966202,0,yes
269.9115036034102,284.25519996585626,240.06261741118092,289.38650094130776,4,32.25476159185243,638.5015473679136,17374.717854128576,909.8184940623667,388.78701176567546,531.3038865981584,806.0162479054843,14499.122615204968,284.6079174613692,629.4101021600374,0.2736449025218415,8.94045923057285,6.434993540011545,0,yes
283.6605421844431,161.63104783132414,374.3399007549172,297.7853192780467,0,45.22706450895048,878.3198896286635,17407.05550764854,995.0027916609337,557.1816507880881,435.2707015683171,981.3645434571113,12132.68900288704,193.44535628500125,640.72629713154,0.24050174128833346,9.021572010151182,5.533541048299451,0,yes
291.9381212629356,156.76703501533711,107.30390826522019,248.71832193333427,4,42.29015069446457,749.3635463155146,15202.33830602085,909.9063497779026,310.7377317475056,685.9703817800871,860.7914709195692,14464.185765017537,699.0272344651598,716.100911422701,0.19201514676491419,7.878642595813094,6.630649885630513,0,yes
288.99068424463854,134.40545998074748,208.9295839934161,215.77970203035426,0,77.914044962514,885.1146206744345,18992.282583813227,916.253189790902,375.14016156290813,556.6328100222155,843.3279031675029,12157.74915793025,188.79433139880985,777.5796753134351,0.1849127143886046,9.804878578355156,5.496206514043916,0,yes
248.92344456153734,172.69709165807643,341.9811669790317,216.15881541635153,0,38.37482053625014,706.8602910448803,17377.3139363333,938.7060319381231,135.6649315047094,799.3560650810664,934.9390117636573,11540.042658082639,172.4232160933621,752.3365654679936,0.21687395341481056,8.960688150925922,5.276302625048974,0,yes
243.70159508776558,200.88885556044266,145.87892145437266,231.1494717871402,4,45.54088390222355,729.2944198759099,19462.10348403951,964.2967951398514,832.7258805196446,92.12524690114344,743.7625164627445,12617.349724727308,508.78618651030996,796.3777949997284,0.20816887001722661,10.011550242406965,5.76978185486626,0,yes
264.1385805139326,249.41256148661793,242.5527954993027,279.44594330006896,1,28.317106770685747,781.0655693856103,17981.84625791651,941.1289618606983,580.3523907082138,414.04170447704803,870.2225044267943,13610.003170255011,396.25037154471096,764.0464712810035,0.24499232973833251,9.279710223834746,6.177680276776092,0,yes
232.42599733708437,102.26899886328368,284.12658504935393,284.73114257397174,1,85.31923246860222,990.9271238276681,15864.984634565448,974.2088799782247,571.2056703713935,356.4480140661076,785.7216915806127,14755.366226062655,608.5868239022972,742.6283429286525,0.19866277652743247,8.273400595090715,6.674910954107149,0,yes
201.5367462597913,251.15688870502487,399.216602369005,290.1881129716677,1,53.80017407214861,741.5321566563387,18960.0792595344,911.2412529393001,27.49894383535385,906.6640413411765,724.7083578420189,14360.07761656451,640.611598804744,604.0895211586355,0.2744648220990892,9.75596178000222,6.487876735833632,0,yes
219.38912267507382,176.5033721224465,346.0076689441862,236.73024072667204,4,25.09215164467119,928.1000290129186,18301.947202271484,918.130176683892,177.75412154586925,811.7714165126874,729.8792154887894,12572.243398211096,324.1767291606683,767.3939229860717,0.233915157186492,9.469742227656699,5.6773802758873355,0,yes
227.9180712132219,279.4281783945627,262.3523377234603,219.23950222394635,4,57.55561177708812,849.8719678257222,19777.246217628184,955.7439871169922,459.52918034920833,487.53375858772495,816.2472527429762,14634.399466308536,782.4018893652122,725.7518504002045,0.26001315611365156,10.194820281615613,6.708686196452673,0,yes
249.15694218951518,132.59620639637856,175.8082978354946,253.11079059376954,1,89.53259733393926,684.3743236208413,15354.807454556794,983.6555993893217,416.46187760727634,501.7187897990853,820.226450879504,14004.113273558754,776.3062045183287,619.569151518838,0.18545035326481699,7.950689880111782,6.437806471205825,0,yes
214.19245584942664,358.5156342764508,107.78740560307428,224.8286036095972,1,77.56714613263999,715.6673477445132,16989.293906383453,901.3922572190164,318.8976011258373,592.9579292536905,953.7673395184744,10437.010203041065,817.6729348363738,781.6808910167767,0.25063567771487666,8.76351423329981,5.101460580545368,0,yes
220.27023972659003,222.23133151604952,146.16367437081735,239.23554455165717,0,87.14647265532092,980.7939115172078,16273.266802275466,955.2962002514312,549.8712868759612,373.42268598115425,847.4110830989565,12303.331330523853,688.0033667109299,652.2514777978878,0.20465050461533862,8.472592968114979,5.73802127912113,0,yes
274.33105638253306,168.76432938985516,262.7947398865259,254.71021326902877,0,80.87585057890081,926.1787427513163,16994.693316193443,946.1572607965777,432.9742333924634,517.4505963989493,911.0450365580123,11028.610850483416,392.82752031337134,697.249313727559,0.21573113257597198,8.819518922010571,5.145155602514825,0,yes
269.94584299530095,186.05822407667515,243.94353417291222,222.09898742447442,0,77.95787868109937,793.9853492253596,18665.34791218183,967.5204607871295,26.07896853108524,942.4945382734097,726.5473351400648,13450.809120045578,573.7009180276677,797.9231853647794,0.21143418272349554,9.627973001663474,6.128462959186017,0,yes
292.58406784345203,372.6613946167283,319.33867591718933,239.03516170269424,1,61.35894842053321,707.003424309623,18839.045700560386,962.4406406149166,243.4113215179168,699.3709592028879,994.4315175473267,10109.272022524667,800.8279431394216,653.3763884317704,0.3093219705690267,9.694850778350837,4.96715510581081,0,yes
207.48821541895575,300.1965397230695,156.14322475467748,231.49015842461338,1,70.37427267068031,700.1063076477226,19750.080098989485,922.9374403324406,562.8762131121242,436.3150117501508,797.5399660571393,14154.967645795772,117.97489079767604,667.2760629077864,0.2365609557135854,10.14342413243932,6.243151192169609,0,yes
250.42545222290823,267.4202370832826,364.68835443395983,280.51754865534656,4,52.45568972044274,697.2269655143907,16529.798919236953,953.2949548851999,491.1227070369872,446.2504413965289,838.1859329321078,14667.748296396927,632.4680646125314,739.0740681321836,0.2901361269608791,8.536816888133167,6.671262747943685,0,yes
228.2733886287251,319.73644403105783,399.5737674886409,232.96043721445938,0,49.733218239487734,653.2985642839407,17275.254519594637,917.1014090559926,262.6567468934036,702.4500773294537,849.510717874004,11735.677143050247,274.3673366690853,634.682147368951,0.2893865451868688,8.894952747205,5.349789798890644,0,yes
293.30517031672855,340.8842693686677,247.28674412444084,220.53554442168266,1,24.017802237509933,652.759129268363,19533.801817256957,971.2195257762293,315.99744461931186,649.8338331789816,925.0226420935401,11569.255470934326,120.91746292829528,779.6901502952566,0.2738988741932479,10.031544700428455,5.271301848099571,0,yes
219.1937847812019,294.1885288961047,185.49774598034816,225.73827748354276,4,75.74351550626052,704.2143124557015,18792.558180410106,958.4665876316518,658.4862246602847,272.9970813008912,730.8175037024869,11170.297532370972,846.5034725340778,753.6957595937761,0.25303094858334646,9.670445425721537,5.3160837270598655,0,yes
257.44077389546817,313.8389550600325,263.1149443259233,290.474439271816,1,89.27641409074207,831.2255846096044,19415.619472355487,927.0975139433422,233.74258370450727,678.996559133091,981.7122068070635,11642.017787369088,252.4634392128,746.1265802219373,0.28389689079233904,10.00588205303309,5.363942965317565,0,yes
236.0250647120541,307.48895728865216,180.03697062885652,222.9188408069262,0,91.21225575164763,786.6384404467547,18493.7272324939,978.1422154525727,209.12881168164859,783.5639506763728,977.7127367302246,11748.38120762762,631.1776025071565,746.4538029318107,0.24476621567400783,9.541992675926478,5.567422371008961,0,yes
213.0007126488966,298.03052013673414,389.8202879709359,263.9595481210311,0,87.78389160782899,807.9981154911949,18094.532517326195,933.5340862792752,584.9624089534553,336.49428320917195,718.6076164895808,12447.724560262193,273.1069579799399,683.243609437644,0.28780870390512436,9.341018521445955,5.582118384923044,0,yes
253.832398271841,184.61265146280783,339.2127191093026,272.528404615988,1,65.12434289264336,971.0999328091182,17333.370927665746,982.2980234317859,447.4756599898155,543.4084272349453,930.5798921376254,12663.284554464102,844.3773701813033,799.7908086942696,0.2403434989084394,9.004139212980146,6.00667382581898,0,yes
212.88534024165043,148.32686457424387,344.69387459011205,283.6247485594455,1,47.5173908777053,973.4600005153302,18398.36280250558,920.5904510648525,290.3154089186135,618.3925039229734,822.8900188791856,13711.698808135934,374.1946337520798,643.5464911075504,0.22175804430003823,9.528687575619589,6.16290232525539,0,yes
255.20534102453692,230.90136862253098,239.0755885124959,274.8809289257435,0,93.70521746813515,632.1986543808712,19975.56846763024,923.6459280855794,808.5408155959377,185.19319614724566,753.2231679062471,14843.813530124286,843.8520674609697,777.9574639789729,0.23906954068807762,10.24140053558429,6.805208589090818,0,yes
280.3319009755977,354.894127097397,213.21863800183775,217.6477537157882,1,68.80893216555296,676.4633682797438,18875.576102245897,938.4018096489061,25.906683818911414,897.3506496919995,879.1306863275495,11167.461649598054,388.0299457520222,682.7229676531125,0.2760979672174725,9.7031007911215,5.180369501788618,0,yes
241.8226653072235,179.43175720436562,300.5166986859318,206.15089726304572,4,97.75270437305336,928.6054748695249,18201.110173655652,949.547818052655,200.10391738465978,702.9251303616229,799.0603441420222,10651.852626530188,888.2041165985456,700.9768856420009,0.23184098271550035,9.423747512343185,5.141809956220677,0,yes
283.68151335076357,375.22003368561764,139.13039627311883,296.55965834389673,4,57.476775240908076,610.4584761941379,16651.09060086336,965.2300140929235,785.6670465617992,143.3604914669719,899.5025220844632,10090.971050477066,746.4654535176719,769.0665774285893,0.2961927055583114,8.580144491373858,4.913521826110421,0,yes
269.5308403748956,240.2560110481341,341.5844066966084,213.99808812714443,0,50.33460530148574,862.7247080608952,16687.897362971496,984.8857918378769,596.3461225472604,304.45741568217375,919.7325763097117,11619.431144212424,449.42100165413376,667.5758997444311,0.247496090282546,8.657066979210875,5.3968961898321774,0,yes
280.6734979977869,383.71313747846875,395.9913035844184,258.57948061046625,0,32.77715443735305,656.0572908319359,18764.28261486841,969.7365105813167,308.79401458963264,620.1920737231081,876.366093912573,14433.88603800231,474.6909556119891,784.190573705687,0.3238806230396743,9.647301086520208,6.534736096500622,0,yes
244.45757341107216,347.97021922460306,244.16328988706644,211.5510696852307,0,20.145936818821582,734.9068612777,17357.11314469739,984.0832330299851,532.0231293065281,422.6959121084876,937.181382774272,10562.307094114582,778.0615914237943,635.6511364928268,0.2636425886885669,8.96302968120594,5.1156828261452,0,yes
282.74229276422034,268.3066525780903,115.50758863748952,238.64963209885266,1,72.48341061434303,837.3241522851108,15226.260110453622,990.0865988896642,720.223612406055,232.41255041891725,972.1151172305044,13044.602322984323,148.27747545065807,609.6765183602727,0.2268884001255314,7.921250990923747,5.866981801112278,0,yes
253.84451290713244,123.60558715167195,188.8411234052778,299.8555053895626,0,66.77904175130678,809.3696771210934,18775.538642180483,981.8566198220749,372.23021251446477,607.7000003818973,898.51387158358,10702.697928028098,641.66771664862,627.616500417847,0.18754133117660435,9.688485408713168,5.104243857083323,0,yes
278.88012045705636,378.9718862170068,220.32468637985122,288.8022321965334,4,71.85424011858932,667.2752973075936,15859.143695680048,920.196324879292,83.8759966970705,855.4462958289087,956.1679766006177,13472.131871092612,684.9569703438791,681.4214110484312,0.3135801967632709,8.190377482988772,6.253853968271172,0,yes
213.7971154968467,393.9392394286903,359.17250453923526,208.9444981965119,0,34.07776663869083,728.3340776799337,18898.310501887354,920.7037438877061,567.4769052494411,381.98080260743006,968.8454100029869,14920.922923745506,309.7438152979196,708.89349476493,0.30238861048462734,9.723453702278114,6.693371093769337,0,yes
288.14126551255663,362.5762977897862,347.65330212236506,280.5633514563222,4,80.87127599471292,803.5158244686074,17583.859827729742,936.6111387808303,75.6716540748239,847.8406255960199,749.9521641480957,11919.973138823605,111.82848619069867,614.1079271513684,0.3331467477581031,9.08510264733759,5.310266251988789,0,yes
211.2796037883968,397.4815796256528,334.38078182559457,286.6967335307781,0,83.32807063472377,964.2770609107513,17685.61297065492,901.9829195403706,663.873203885274,254.51286539268915,717.4953029256894,13632.998405040167,202.68968172364447,604.1815077247031,0.32027107934937304,9.16765866024755,6.016842619002537,0,yes
206.28297860819913,332.15590324025254,352.26481788592315,247.7724212809544,0,41.809295174744186,754.95829153111,17690.439750438894,907.9233380342494,570.390284706382,391.313796521379,922.9635400288686,14471.372690384685,544.1712670915324,781.1119444470755,0.28408265624058576,9.123662353111504,6.60024722087163,0,yes
246.51987992154142,392.17057096061274,355.2790726602957,271.5095063173864,4,31.91595012688836,805.0823559520463,19983.92867443546,946.8086034815186,850.6015224290146,74.03863842671615,723.6149078678079,13794.232724506823,270.96246340959294,730.4317719403949,0.333277442022742,10.286887533626073,6.128534698150302,0,yes
273.7484135135556,109.88716759652198,208.15452632935714,249.91186674081675,0,23.18134196326998,843.5966768415736,16191.168679374114,975.5948984087167,767.7047742341355,142.05058658728683,784.6799048898694,10396.597479366863,745.3390950902209,605.2039128093608,0.172966551590583,8.403108643253365,4.96516992332213,0,yes
255.6092856933502,290.48315963294056,255.1724938596703,201.35594870981328,4,82.77591662058526,770.9642462861311,17165.73383824855,908.4669146293799,435.47010207286496,481.1793821247222,973.5671322357282,13614.84893185901,140.74466418806057,664.3506796303291,0.26609325772601905,8.86493608918228,6.094865827700884,0,yes
236.01277937718348,159.92875911767993,293.0618216841151,223.88254668019192,0,44.996113319350314,890.6310610598497,15809.085480442263,953.6522002047916,849.4251007629616,106.64066748939342,921.2235205004912,13723.403365360411,605.6607142513419,638.5269283875247,0.20272784209655453,8.219659904468855,6.305339539017082,0,yes
209.97336584030455,348.77631836249816,297.76253373552873,243.54087915172235,1,82.51608443677765,897.7691926846096,16262.43819008689,928.9022736905769,672.8685891369523,303.94309305838965,793.437701428724,10591.019372720228,257.4618857854159,731.5523798621182,0.28856718035272116,8.44455690877903,4.8771045222267455,0,yes
250.57298059396626,320.95946722331433,297.5249689699821,205.67051202717394,1,71.78674867681853,603.0603055061007,19857.05490315586,928.881061922085,768.6013768631728,157.1198459802862,818.2216427981587,11744.59323612436,241.47501769916283,775.5597312437155,0.2735985342958966,10.176522203115375,5.340875266293003,0,yes
238.67363650607766,109.81795418316152,292.46559959527724,207.39121145841918,1,43.11961123409066,983.9969331684773,16199.152038362716,972.1101202742809,786.9580267495376,198.58537941410896,755.7318897100432,14555.48156446786,696.5303329109529,736.3271979504706,0.18336639438917057,8.438593670077317,6.625276036716631,0,yes
220.9717194428951,110.93822745571109,161.93908446182488,208.40288263578555,4,94.8685090607247,746.7354803388419,18728.517374429284,991.2157115364087,563.6238143632032,375.83011269910855,764.9427898291167,12567.89684743778,665.880903483095,699.9884772982399,0.17418156184064132,9.652336807746579,5.810504144444505,0,yes
259.6029917804971,177.5595314066158,180.38026308752347,250.29128022055292,4,66.00836217044682,940.9766227443008,19480.741566390872,921.1635634126441,179.59357320003846,814.8203773536973,850.9442226640733,10868.816772015565,159.3376240231202,699.787490708072,0.21414936272629975,10.062497650084163,4.9702142500886115,0,yes
267.17776881598127,229.73865612362678,300.3990371696667,211.2455679675972,4,97.66110018976059,776.0071967239768,15554.362610449476,904.1619310918595,176.30521990980307,750.7854732866822,965.5033874111319,13532.935783924593,720.8478027010431,608.8406011297308,0.2561543107611449,8.059784253112774,6.285082497232901,0,yes
266.9659139777993,119.32315194853885,313.8071841709059,202.9200443043694,1,39.04052863433657,938.7236201477314,19110.679523747658,952.7332064740496,146.59221424447875,775.875728755934,919.3616162574034,11159.008095671414,813.8711389398559,684.102623258974,0.19360773846334292,9.881282912020835,5.363490519573781,0,yes
282.5404140578646,237.05748761107927,162.11009422714125,289.54431368683987,1,98.84812885855351,605.7034460301606,16946.659365857722,937.657768085977,387.1663766433253,574.5928472148295,979.7630102739731,12779.71995036253,584.6486027341014,709.5390857227785,0.2371781096807713,8.723101894660186,5.9529981528592755,0,yes
248.31605384767778,194.21550162642706,217.40702162215115,290.95129954896,4,67.85721050197984,604.9991545140996,17246.9768797278,942.8989270805358,325.7191262225109,655.83458402244,844.1149991698469,13361.914522376908,458.23388629455434,781.8439897628379,0.23515411537460787,8.873827290160778,6.0933893936018215,0,yes
273.82345227957967,244.46434965636655,367.82042617815694,204.64999870253624,4,27.178532635411567,864.6216611667016,16912.952554370822,928.248914828326,895.7129760865655,86.42951316878828,845.8557808752644,10172.375383847046,846.7223646297494,789.4697845024184,0.2661900638268532,8.762221631885525,4.974766063138799,0,yes
280.15063708728445,241.28316094686468,332.2009373241063,237.951908489346,0,64.81115764003287,637.916337815281,18204.164565083418,985.222964727679,769.4109619307736,169.94916222821234,742.8524830729466,11821.645200109946,627.0976487184695,617.2264639428627,0.2539853192013315,9.365423016789363,5.476782047501967,0,yes
226.69846591629795,116.70642404315193,331.34014551410814,251.29483225578457,1,44.92250977784626,881.5114801321897,15566.003644716173,935.118535540719,569.976482043863,425.4396284752579,860.0564008740406,14369.45311562688,266.25850525688304,663.1318564260323,0.20139110166034524,8.09350630108796,6.412197010824734,0,yes
262.0350994010338,335.3657047582657,324.5564923985799,202.75502304880422,0,30.612073859245797,710.9169944248852,17343.989085043893,940.3533424951954,147.48655811234275,828.8450853552678,959.3899970991442,12064.697870973503,810.0550562616887,631.6287373496335,0.27645841596977067,8.945145075601866,5.740775916467202,0,yes
299.09786143519807,288.2633266189393,257.7755350337767,275.4781765790844,1,61.54434531722842,944.0850938147128,16137.917188175164,945.462255590828,266.1040305550986,661.2017040062783,835.3444628788579,11527.041807088373,524.585215689692,609.152704822685,0.27138768383689904,8.395128897494759,5.352226445349418,0,yes
203.533777926234,318.716761932607,391.19194968004706,242.9978679283816,0,64.65365236031403,798.8786256827336,16217.433698109462,942.8141750352822,904.7090723035093,24.6347919391726,721.5667603872162,12578.246142425303,649.3280002848426,662.4190862783756,0.2880621269345356,8.4017057285214,5.784341558099757,0,yes
252.6441597757136,177.60689154090522,390.2819640452866,249.26203893662483,1,29.495890554757604,633.1242138121988,17030.192494269424,975.687503559069,448.66467244840027,456.02010553816575,923.8457688078164,11098.90664952783,693.5153139647458,749.8818813164543,0.23847326390898863,8.776072679506987,5.299372311015485,0,yes
238.74676277788504,177.57297346862242,101.65776883331924,271.4724510774095,0,45.2250469626378,835.3499389968554,17479.91925970704,935.7984212306769,94.44930622045253,808.934532487991,798.6547484050016,11846.208647478954,745.947744447552,689.1677676489178,0.18139695289160548,9.040150390911089,5.560978902206333,0,yes
297.6139700390337,115.06026832453617,171.69203084521084,272.3721811459202,1,42.88684672771507,935.3899109339031,18944.106158967315,926.1509433412438,77.591011273486,836.951732129924,972.4585372708016,11422.632086275777,143.86357670236825,643.5180594356148,0.18173523324494223,9.793584646618243,5.215763714090078,0,yes
265.22005045454,107.38996589685152,228.17359909463667,272.81645632248535,0,60.75140886489749,918.4664939700449,15952.254838796636,983.5018535406764,933.0407620706953,3.510537452417452,901.5887505292226,10058.104379296588,211.48197184106445,741.5715958111908,0.18419504816202445,8.301692799231997,4.684590559770442,0,yes
282.5401679973693,277.8238092546693,198.4273071053521,212.36914976879694,1,68.5871532408971,953.7300745652217,15394.370062094456,931.833490479217,156.68116383339841,800.5525655255803,872.274766623095,12111.83553141292,260.011220655265,682.0739528641916,0.24150765025498078,8.023695441516875,5.508748758627914,0,yes
260.8784264787353,294.46278305027613,144.91971724618102,294.1343673314956,0,48.50485090969557,880.0628974592445,18041.32364081009,930.0485653362521,507.14437698260133,472.86829606934884,816.5787886608904,11150.745116769544,313.7013956285747,784.9009406519763,0.24454825012007025,9.330143351578505,5.140289270981908,0,yes
204.4029070090961,137.01759953353456,357.3492487546397,211.33278742829785,0,31.545865320580397,754.3723845699525,15689.341283438933,951.4889700679106,975.2618641646413,5.506378159744486,856.2076721632902,11914.369064720659,410.90890439122285,628.3419652506967,0.19822913844541856,8.128952915161701,5.479897080579851,0,yes
262.90251040007,367.5263183152042,124.6138649724272,267.61637484766084,0,89.48366091374251,803.0315711084471,18910.950749299784,976.5533588202454,488.61402845541824,500.1765556421539,946.1829269885868,12881.554637207206,838.6017243379412,664.3208157454822,0.2698170192319674,9.754041381920912,6.079662604923917,0,yes
285.51764606678955,260.6921757062636,392.69167782722315,208.5301304602933,0,78.64918171599405,660.7767703938192,19243.15566579103,948.0415842748179,23.330073677748192,970.3215030142591,731.6542798646135,14590.327657454038,281.33243570496217,681.3200166753863,0.2703823324739381,9.884780127759418,6.45736132122168,0,yes
222.36802621057342,282.8141771748079,369.4129938034097,286.8735155461261,1,24.30477290550271,906.6779215931413,17651.182545740867,907.1121493012475,150.81842076573642,757.5813910440663,755.9869458827401,14428.244156676217,839.5312512809035,693.5377680570524,0.2794263966347049,9.137973993325948,6.615419547816357,0,yes
242.74137348987782,367.65328194674754,255.65805205494644,293.71893329485783,4,29.904519404635515,990.3691797288774,19834.41194018392,970.0969945835027,228.37197378404406,726.4365990853942,997.1286544914713,14540.703471315373,360.50197507883513,603.2039916582338,0.3072577832742791,10.257417225387037,6.5597729062624515,0,yes
209.21749079040168,333.29891859976885,324.18116248153797,279.01086068779296,1,24.445881463559633,831.7019548303606,18091.888230735236,918.3254038552534,63.92160934383038,892.5647152891817,828.4886943666478,11130.840699282362,894.8771595593502,654.808132151336,0.2873589635063018,9.342922919662074,5.349097823679272,0,yes
257.73032981616797,151.8942888164666,145.99535584075736,274.9461793370092,1,40.670530192993375,784.873064103518,17941.594104619802,927.2730109719056,665.7965145257838,276.02422432358674,795.1855121336865,12407.65575292696,813.0278568256048,652.9214569658911,0.1865154206010114,9.258531627164537,5.8114984458526395,0,yes
238.1011379831634,276.7618441567595,167.07141436207317,235.7331907264241,0,89.79049257269666,965.1688671017273,18943.886851331492,959.2151238313492,452.3550175191107,543.5548366791064,803.9902138784277,13180.672348232598,117.91529577338666,782.289505769547,0.2325286600914899,9.804844444408205,5.870764632667412,0,yes
201.17845411709564,366.370871494178,356.4681280043903,255.45867676133184,1,66.1298047802577,949.87272659884,16870.155292123443,918.3201516865998,485.60528114053295,461.76905628351074,806.6800437069462,12770.205715380533,134.24831925181672,637.8651227343466,0.30655956715339155,8.758853361218778,5.68839556601067,0,yes
219.22766194153036,267.6827867491079,167.76924433704482,219.23703643197348,0,45.7579304902772,654.2725925137968,16229.036917207672,903.2356004901932,939.0779089729155,46.45958198024596,885.6239586149395,14338.856600883058,204.07592326385526,781.4943077187542,0.21781748004552276,8.370163764586298,6.399611549467297,0,yes
283.03335054466766,249.89667345040473,381.39736851199035,292.7894385992735,0,22.66971357142974,784.2462431635606,17826.621563273922,966.9099815849017,294.7544219979066,611.4131341951595,793.7815907809041,13700.54278444371,893.2083517392779,651.3940092184619,0.2733058912477453,9.206355132344447,6.355083487002586,0,yes
279.023645990543,112.80789498822644,154.06549151158043,284.7711741658869,1,32.60278532621817,672.0339177716464,16066.289810773998,911.8185771776792,480.6900454213842,421.851238285216,860.8878003345004,10753.188682704325,465.64873709897876,757.9907476787762,0.1761408508334381,8.293847616645197,5.04554138317949,0,yes
274.4847167018367,189.68985802424257,368.0252850741115,288.89956751797575,4,59.937872908946815,908.3134202854745,15354.288923995153,908.2718058666395,903.5680549505637,41.33046932678633,891.1325961817734,13571.219606224391,333.24588782318983,717.959510204048,0.2653723365777404,7.990057393541829,6.1323771374776594,0,yes
246.13310635444986,315.9006628557729,249.64620648344209,219.60804925022387,0,87.82531368390687,713.0024144083322,16845.226831635453,997.4909009342282,672.7671303457172,246.97691609056108,952.7049968970107,13224.821901382671,101.68975316305948,691.4881694455565,0.2622421633552678,8.704112360195667,5.918881015650514,0,yes
280.53199030954596,385.98287082912515,325.1644923916675,296.74983419708053,1,83.25500408356045,951.7975957263898,18131.829787486437,936.3571363586905,211.79791624394565,694.2980994457039,822.5594827680987,13276.923687461975,427.63257526755484,697.0618959834534,0.32858477802105124,9.3926023896816,6.016911223802345,0,yes
284.66280897870183,229.4658938267095,362.35765563786117,208.70183298796945,0,64.23343857909316,706.4543971233234,17908.116970793217,945.5941805557966,755.4841457080734,144.67044194826406,759.1590374496727,11821.280743875055,892.283062690178,719.0543488277136,0.24993861581528973,9.226946408605189,5.597249014176131,0,yes
265.0633107753562,392.5004076624462,347.6332835579047,294.6117997169602,1,72.81163272188849,783.3015706089195,17779.28121702833,964.6319242530158,651.9947838507222,346.89211151881034,951.9281247557276,12723.61347155372,212.4214857620185,726.5289235554565,0.3319865981734607,9.182160282278968,5.7779159816185945,0,yes
282.3211006562045,131.81821130961174,278.6250542199565,243.34874685331957,1,85.83986697052352,616.0726013613828,15512.492967224247,961.2871363883479,282.154555779025,651.2445302970041,756.5321386028103,13281.031953962072,518.370519756859,704.4214579962631,0.20748245471821483,8.011522471086256,6.03314413345711,0,yes
204.47386707437192,310.6169329356101,167.17689663084823,241.7177511237402,1,20.254816091590804,605.4208381882481,18809.798531864333,976.2442668591314,438.14413320711145,561.1003151422115,719.9231095059539,14226.661302997407,603.8794625944721,788.1987997425947,0.2383013775842825,9.659925177943643,6.45117176132087,0,yes
279.2264984576273,116.56571106192135,369.44751148642405,214.0488594448939,4,24.89074943984841,884.1461313676991,19442.82704121205,929.9213349827427,279.76494020955994,681.0130347223198,953.2982505387292,11882.11721008073,141.69511908355395,723.5706534213999,0.2176324039982846,10.031801998091295,5.407910209888955,0,yes
251.65058594599165,143.92596077199397,165.42535743905947,225.64639879928717,0,47.852386565868514,974.3829483227933,16548.514028264624,978.6318077185143,770.9830288418073,203.83092369996973,821.440678617324,10858.932222849922,563.4797280124429,732.6684032314057,0.17348789159873465,8.611959447647196,5.117749726384074,0,yes
272.93253200869304,259.5046130494436,303.57891623743114,263.62261865384,1,23.641925329280433,689.8461853221838,17009.472030761593,904.8219158623573,727.9422946632351,236.53854635481764,828.3592933033726,11784.8298813485,431.26902126219625,660.4228877313197,0.25859515341369643,8.76839050714145,5.427036990104635,0,yes
276.4615293686327,193.49233287432594,247.40197354407283,228.26374839167366,4,79.71079308032589,850.8157998311508,17936.34623491903,991.3749913400233,106.09419762588193,833.9763884926181,796.0813680187873,12211.450815525313,827.5032159578768,699.6034785097637,0.23337772628811923,9.279506794243796,5.745063950671214,0,yes
274.88972288672267,237.83120861466733,330.0874945487829,260.9615587922932,1,57.313779937773745,857.4652322149879,16333.566703219278,963.2327967165471,431.27403583414144,530.6698757530592,703.0320645698575,12291.623243352795,603.745606764794,776.9035880661164,0.25917512728944664,8.475722994605684,5.663675833040326,0,yes
251.66869940613884,223.44135696153973,235.60871037494834,295.29234927746717,0,83.45563064706614,756.4222368551848,15034.219182000006,900.5901273955615,196.78982227798406,779.669485473865,888.9280045227372,14741.380082702693,615.8455168973014,727.0808482285292,0.237738187478529,7.794876549398818,6.718157182768663,0,yes
286.4827977812182,103.94627915780121,284.3024968946039,270.0797800367477,4,76.90148671564667,741.9109919023576,19184.67471732884,969.4822554246031,328.20042332262886,578.8525724058682,941.7641809184686,11322.736321812179,570.8627735088144,749.7298286270031,0.21421858353838144,9.876340222276262,5.347313385613366,0,yes
262.45672918922816,174.66187245436186,231.8279692446988,232.50355898638406,0,87.8607699917685,841.8691722794669,16305.15596762108,947.7805269244889,147.08913828090368,842.3917507680649,844.1777386919534,14434.742933863632,292.92023535788525,697.111755153945,0.20683099998578164,8.45587908677153,6.446273968266253,0,yes
282.0404901657174,274.02258063748013,235.29606467981526,290.97165370725673,1,30.619731453621526,850.9271772054415,17333.87264277267,947.6496118202945,484.6768573557245,493.38475027725934,740.0663442871156,13186.217932025804,769.8315672665442,695.4442290735027,0.2582457809216668,8.972257249904333,6.09418275472534,0,yes
285.9527312311259,299.4061583433138,155.95771537182873,242.54915996709178,4,53.857484892563114,767.6879511625427,18787.71412990544,969.9590364330215,938.3273837818218,13.473592430462077,975.4035365847672,11009.281875217337,830.7330349055318,785.2941091002938,0.25826327394518467,9.683639835844273,5.350206266533474,0,yes
259.5819836500005,325.4541868547324,206.3291018548743,262.27518936633857,4,65.47074298917185,612.4708678199577,17284.280326820943,995.0166699164131,73.46890414511337,849.7226259682901,760.2741846243431,13251.576724579863,757.5535102712065,740.6612754041055,0.28082352884879236,8.901298501810551,6.121930785566604,0,yes
204.16265883070443,366.7811085165508,229.31020083399542,232.11367097373022,1,24.437047074533773,953.098742301384,18221.706792641056,929.5533115268504,966.4795298243033,21.81321417462459,704.2704349237162,12301.869486235906,224.8843601513066,737.9593236542925,0.27175920409546284,9.436906472506603,5.51518569319587,0,yes
236.0890924177689,185.37036545710998,151.661756233438,222.01350690079906,1,85.6325589522298,904.7798663396104,19237.353174444223,948.0872530739257,148.57089020577297,820.3311885533535,723.2952729779022,12961.454120019509,800.6015757859442,771.9390034000053,0.19336905275560806,9.936240229029847,6.018753577858332,0,yes
234.5739788984043,241.05632901052388,281.5259405390741,254.6802539838792,4,95.82902939380371,959.3497045140446,19694.346127578,925.1660996442234,937.0753313938944,61.07323528724123,828.0112799615911,11881.58507577374,629.6240870090647,664.3707191183133,0.2612405541644472,10.174060087019898,5.5501200021045225,0,yes
210.36537019722314,114.26543041251628,146.85949639473796,234.8234051089292,1,81.87861975767018,907.1201930031918,17587.945522470836,920.6250876194309,503.7139742779435,461.0707179890037,839.1167269644033,14874.980284813992,691.4843706129527,780.849753777571,0.16280803937976174,9.108302179842056,6.787466614627977,0,yes
216.90132517944477,185.81046530014956,303.7203974075045,278.7361336363831,1,42.37246825321172,718.0412587503695,16115.71074577355,935.4318767967974,799.6707148231876,123.19839357949263,774.1180368948694,14215.612486944196,672.5205991907292,743.9358908778871,0.2274393777980055,8.331900374318568,6.479460058543834,0,yes
235.4526239997745,359.39484225583163,385.14769637033476,279.48420361560204,0,35.0690970597054,989.7228950837384,16997.057131271562,987.9887878425154,270.8239811281835,633.218362175396,863.2389353970965,11753.683991740507,804.6379602025434,613.2153499382473,0.3107333389967639,8.841065703709235,5.563412729636082,0,yes
267.5732605226847,205.19325155255518,129.633840807251,206.0868374099349,0,88.18312174374839,975.4156277066636,17573.454038377422,918.1697074811763,963.2684347431336,32.697392436903215,762.1700642059176,14343.274589517368,236.96575437606865,729.5153818825336,0.19400936046955586,9.116352637123574,6.359684926289377,0,yes
229.66691476969328,200.6256549657595,231.37497837983767,206.48318535014528,0,74.52999669871117,928.8148147857764,19533.713667300035,904.000425659882,125.11862316012534,850.0333690383993,962.921017560203,11830.526149374951,196.86441408767416,623.2373891264864,0.20610030465926849,10.08385927003251,5.401983744235011,0,yes
273.23971042477206,110.69802865412967,183.78733078910813,264.939498782942,4,22.375420269942616,872.9344042247462,19849.21053359322,982.6970340088859,117.81501855967196,802.7506839090483,778.2387453145564,13362.166666128162,746.3334549031077,780.1761148075082,0.18725730325077047,10.239725955452935,6.173765477081923,0,yes
219.60121515569435,354.3856123509343,213.92830303860268,289.413128373786,0,43.66198369957753,880.6707772994582,18336.58220781198,996.1970082870861,420.43636773086837,557.1763013505752,840.0809500589287,13176.606842779553,892.386971335391,685.0626436872278,0.2755493698282995,9.48703308133402,6.177936317834956,0,yes
222.94407205893225,223.57389809884626,307.6203813844368,230.3558329548749,0,58.27424094054581,994.5686963578969,17906.079730111123,985.8574333498185,854.1069553829595,73.0679142989269,777.7326633319934,10998.811822155174,645.6876378644861,619.9151126025653,0.23241045753056602,9.296401935622104,5.167716911513745,0,yes
230.4148882350229,370.86263007827995,179.53732372043527,282.65593901735815,0,55.43635256378479,709.9059683774744,15136.717060684909,912.8051215021692,55.1665487187784,878.2126961244174,991.1643647991748,11462.861744105634,547.5336084384204,627.1494224823318,0.27675621468222156,7.837513824455215,5.401243078525054,0,yes
204.19281915615466,160.51001831937762,156.1392434083051,277.8982950315666,4,28.79738156936841,691.2909473616417,18123.887686748974,910.5506374301563,640.6797253814701,343.57401185678157,936.0879888150024,11361.807812694464,548.1592815704225,646.6857602277274,0.19632528123223209,9.326697383221111,5.348607540645252,0,yes
251.92446658229403,163.55989680281925,159.81701728832147,286.70351483094305,1,21.36738141238733,982.2776294209261,15788.859374693497,963.5061383503728,332.8127469306891,653.5329264803843,963.1126604511173,14985.297561274117,127.21294963295176,739.5790841208185,0.19313723767707422,8.231862929034012,6.652970352047758,0,yes
250.6961489329019,316.4389597024068,169.825489288706,281.5497906861072,1,41.69991477443416,701.4371649047304,19348.221082780063,943.3127520575217,854.3240278256256,53.139527310060544,774.9080733790231,13325.018212038645,149.97280400871887,614.8137253358204,0.2576598122596934,9.94558105085833,5.895423233181179,0,yes
257.75447047288293,114.96744107744198,254.92223778307138,222.46533409594747,4,77.33311664516008,985.2779964839905,17419.648548507084,934.3078539700213,592.7905158386988,386.3003495741591,850.7202923988003,14450.930611058535,785.3036577000419,652.8296110756844,0.1996457332204714,9.043934364092857,6.645057849298838,0,yes
241.31308323731736,369.04139377681673,335.17587720924155,229.69896531762885,1,70.08402646151586,795.2400093721564,15502.217525695083,972.0214253005397,586.5271106425106,323.08212815850163,848.5871970012879,12273.32949906827,818.9938859243248,684.1105991849719,0.30378249213352454,8.047309199996327,5.781202011417615,0,yes
249.66164700718008,358.67753382664057,301.5740976890266,291.658236711646,0,54.93634585982515,886.8252377824838,15113.70197300922,904.4525162069713,815.7788790309208,109.87942786801375,751.1970745920482,14847.540225652552,110.46751336968201,697.968241628771,0.30045957178989247,7.864364652423337,6.4925399773305035,0,yes
259.06883521461873,387.071983242166,305.13860212455154,266.71810317959387,0,50.91024020119296,942.655850183876,19205.046829427243,966.647296083277,407.40536506608436,528.9898291559659,777.8631372766149,14899.003138855089,598.4819734836533,642.2877806250908,0.3082258746203986,9.931284050872206,6.713152193381648,0,yes
215.53070487447528,397.73609556662075,265.892721224115,278.24681341157753,4,41.49940242044677,887.5397597673973,18577.071883431752,950.0002499885725,453.4169122519405,525.9970505913452,794.9774889268039,14644.34666132439,691.0014364188359,665.5624726100864,0.3162634645095671,9.602449877687892,6.664121654025459,0,yes
260.2876306390042,389.5257280416834,129.30549652977163,287.3919079507979,4,53.340729652383196,636.5005190505299,17939.525668765265,990.2856595996058,150.49784448802802,766.1106872641409,751.9646215602085,13400.90187711651,875.2583667890468,718.6727153173467,0.29463520083488937,9.233496449887888,6.221604976541234,0,yes
299.7433625681744,115.95676525440612,225.47862719267678,274.48339107113327,1,97.04238628270359,963.3372878429811,16697.950799760307,966.3843450912514,666.8506840228557,275.96415201307957,885.2312503374078,14036.102317781239,544.0728668018404,759.7061166975093,0.20035218970542734,8.682443976846722,6.405553418165268,0,yes
219.32482225156934,223.83134618531722,214.01171178993502,206.06366066336332,0,41.21149584036982,750.5600330141231,19644.709430928528,967.5141950692723,755.9970459259517,211.2912199199924,915.9036000922705,14598.388471044174,879.386364423109,641.2117018028929,0.20633156124371255,10.108000654721534,6.764594505323821,0,yes
222.5371888649421,345.77468572946043,277.0903862685137,249.46331880006576,1,24.571560346739993,866.8331911978803,19337.545833939985,921.2325971007548,411.42444086887656,542.8884715099816,979.077204670507,14211.704137805957,328.8115867335283,654.4348131493808,0.27871892844221213,9.974056970600804,6.414904139123183,0,yes
200.5467319780591,128.4686876811351,227.69954736218438,279.5188179266925,1,36.358383406251875,610.3003214797425,15313.208270017267,938.7162109839097,238.36893661197703,695.5980256664179,989.8589343484264,11533.81332316994,360.0739979410407,635.1567240840519,0.18663512001431382,7.907520379004164,5.355245135026158,0,yes
244.01629707094867,165.83239302879397,379.5538063421208,299.4352808814532,1,62.71414629466293,601.8095929677664,18398.37158549879,942.5073319613589,231.02406656506662,714.4136826815726,854.4954240968239,10962.535323625814,443.4812376323156,676.9727300204829,0.24473688861577617,9.448778239534663,5.113010742052272,0,yes
273.0438066064496,117.49133125920305,383.6503238703789,200.57369644337655,0,56.80330193642413,927.8610030164002,19682.146460249118,938.0642481101398,361.9827101226324,617.4355479555636,962.9155861337024,13566.80786916106,183.24037291269804,717.8127323920834,0.20537630898475603,10.162517922832222,6.104063751316086,0,yes
206.62358743585557,174.9047254194551,235.2726543513811,243.39875397358938,1,60.935110003081626,757.8023218181077,17921.319969451542,940.0749244414889,756.6311515919956,191.5239657953225,895.9048393079686,10865.340930251676,208.1265493392456,714.6714806885406,0.20335605581252242,9.244133923016257,5.001899657839992,0,yes
275.8188551251907,214.67355697966752,290.1037933165111,204.32366794872337,4,70.17695463496406,991.2312566575235,16718.771477324808,949.4447461542823,261.60356373760527,730.9182495214541,722.3264998029363,14420.334231720772,136.73009418043947,795.6828842567503,0.2443224693666573,8.696949965093816,6.342810528376228,0,yes
218.1225721403221,238.36327419772607,306.45192167993173,222.69745511129776,4,53.24967469019672,610.98939636246,19432.352552220418,919.4034656903037,32.905590622184256,931.488047404652,768.8496364253376,13132.042827129992,120.54150047167278,671.9155916695079,0.25132043559794387,9.964596279748646,5.8193246356755655,0,yes
218.29629445203702,390.33881844828585,144.29543446203832,266.4073309631731,4,21.493895001871888,650.7238072697531,18528.620281107425,955.5411438899627,664.712522650433,259.13449330931917,848.6172322181326,10774.531706819358,593.9762868230316,638.797298869768,0.28445213232194233,9.526346972000535,5.087686560254653,0,yes
211.31791866260312,108.33145173785205,363.8285808652624,230.76541248262788,0,83.20450975425179,633.0165384140121,18495.960004586956,975.7443606676925,351.11954746011406,549.420902535665,933.1450330929658,14025.96421026102,857.8363169309196,799.8064529570981,0.19930362211246627,9.508940827713012,6.54573923713362,0,yes
240.89055976878993,320.569112443829,184.49134790010953,241.3033200048569,4,52.34647247852922,749.7101232206442,15653.457426004266,959.0644438514929,48.9286550789804,924.2126712975307,904.8849133390105,10737.072813051216,634.3134378423305,795.262581673986,0.26629434589799905,8.111021050222472,5.138823191542351,0,yes
216.85641771519087,134.959997267921,211.2278105646064,217.42806515298906,1,77.58706459957196,654.1408319916044,18613.83756027511,973.6538814271682,861.0514700591301,53.52061411887894,880.0983535495334,10841.009746420657,711.7134300003859,795.1321981872627,0.1807602034972725,9.572200837543111,5.193378525318819,0,yes
257.1559450106067,223.21161095148022,355.08566655763747,232.78773345222675,1,28.724781961412546,766.772980821178,18384.61769073851,989.5283752122318,509.04472016846313,455.321025841177,912.1610695502482,12783.268627106425,146.8708183660147,604.8424635634551,0.24685474174358213,9.484596094170755,5.738890071441793,0,yes
217.00923222326,378.8776676367087,156.4891018004185,274.89905311536216,4,94.07890708861362,776.2830764362787,16536.6483199846,917.4161734322075,595.8061736456156,357.2180882765532,866.5038955970778,12680.271471431268,820.534943466217,760.7901950075403,0.29296695852874305,8.552798212408177,5.9678630879588646,0,yes
260.3302721204397,195.3794243742259,164.29801474127797,233.05449995727136,0,84.6682344101457,976.1066019051094,19062.031768517558,937.7622403999345,317.56906841174725,623.156597054836,902.2845959196165,12158.137737565137,816.5342945129337,785.9798694057661,0.2010517087408615,9.86348450196694,5.773390795711674,0,yes
264.7758385409962,329.56267224361085,367.7289170736897,222.47087723465964,4,81.31432142088849,797.9748407630894,19579.424179078076,998.7547735867856,477.632056986026,499.4535287453722,992.9995290047768,11043.79210564369,585.3481468814955,702.5994062639013,0.30943517651920616,10.090225861086155,5.265401284787464,0,yes
228.75891545594024,265.00462486734074,365.90378435758333,258.8876764473507,0,25.574654810588395,646.2151342005386,16827.58410921575,904.9409156480061,125.66545602505484,838.7414266342682,996.911935033624,13245.01488835045,328.1210072269879,694.8995374217869,0.2629703033268422,8.667909938783739,6.041797608408648,0,yes
248.61384475600596,223.46729446771914,349.55916460003357,205.03082018989923,4,40.928287149517544,634.9482579164086,17552.80093619327,954.5641945220436,198.62499932251262,764.908375431629,830.4706719960806,11331.376169181927,310.43422482770035,604.8939015318093,0.25275381885000586,9.03486024554811,5.190774184946868,0,yes
253.90855628367453,288.57745924077847,274.9275720046463,232.58937038894123,1,95.65341416443927,783.0605677253458,15400.859131339772,928.7094049988498,547.0627402968545,446.4315769820281,889.5665114679049,10612.682877768908,307.7379320810277,765.0168229654284,0.26493309084637273,7.987957298577939,4.951089186369015,0,yes
206.84278058222517,297.2575301762451,138.27147695094712,273.94996279636155,0,92.21606684577517,989.990681771667,15501.249804055853,916.1505279187804,520.0117486552138,459.96630500732977,736.9230063303457,13948.970353325938,458.18607009141135,725.7518603574275,0.23896803363441407,8.083337577385292,6.277638215598397,0,yes
243.9208319403778,372.2128522143638,287.01745066673766,201.65828166617825,4,80.95167987523399,777.8022385055663,18412.721125827084,986.2917208138032,715.5290702991283,280.4807563783272,778.6811692206088,10465.033488988694,240.79151897720195,691.8182151303099,0.3035073039384255,9.50065070458809,4.81154790500405,0,yes
284.821533310942,367.378642057848,189.0517697073401,261.8196207231907,0,46.68179642278388,793.3523709357239,19132.892646792458,934.8462365306483,914.0155903534321,40.27092212477771,817.0884053368676,12511.44117945269,740.6111768913582,695.5604693249547,0.27887992218896257,9.857108560101992,5.840127269440927,0,yes
298.5930408848885,290.20379373243225,339.20843790289257,265.49495845209776,1,95.63125409483185,913.1162068781296,19237.095162388683,999.7896492746852,746.2258583982539,233.32400332515158,940.630641810226,12765.66031778733,379.1184479028544,617.034948976837,0.2906759479301525,9.94515331392929,5.839821317784997,0,yes
221.36091948424775,225.31270026406816,107.17372487360333,280.73411976348865,1,36.38206144535937,830.9663278752527,18962.078208906307,993.7740981474207,587.8087129273666,332.592064593186,983.7156399614545,10997.000163266985,218.97108314553515,704.8421244851558,0.20414071591008645,9.788244127698874,5.088920437243085,0,yes
211.8349186228678,384.7728165304964,233.2128687247552,220.4445982922572,1,79.25998647886408,892.1566421920352,18036.67036096298,987.5056687971297,557.7243653089015,360.52833925360665,757.5312859644132,10701.975439361613,399.5602452804475,745.0406808678498,0.2852621123389425,9.338473897580498,4.95770163623952,0,yes
216.74033160074342,193.4682908780851,217.53405952861846,293.8779233201727,1,72.72388617344566,967.9679929489472,17748.704086309874,939.7486161999154,339.4265307979111,623.7723156427614,982.1653448153992,11789.833171014065,522.3182352264585,690.009720981087,0.22008862072154622,9.205219377337167,5.53069406094889,0,yes
259.62259145068185,379.204220435499,361.03515455384087,248.04087348013664,0,51.716392337321835,987.2427482822707,15079.067132815508,958.0184972376027,787.7596643719752,189.08022618927328,972.8246069808201,14320.416088184393,688.8895861865051,691.3712390672732,0.31269401549408893,7.877356498209945,6.607882661265434,0,yes
220.34067436155044,330.1707599442684,255.25917115580694,201.25520169148155,4,74.62128042769436,791.148612707888,17514.917724138642,996.9860064564642,211.34079783460226,739.8085902855873,912.7655327175099,11659.494266018832,148.69040000552081,616.4298857044943,0.2764832195428487,9.056204403823767,5.290040251467626,0,yes
224.57612922422015,136.34471818965113,118.6535853653248,263.83362586874165,4,86.07683424448314,636.0886838095992,18049.176550187443,939.9789668483877,734.0562371488643,202.81226037355702,707.70343796842,14272.375925773957,305.1973634337278,720.252528696592,0.1861226881915489,9.281291436653381,6.32744931209883,0,yes
248.80567734029796,184.9046821425203,392.8128566741433,283.27369908890336,1,94.32298200553785,792.3051823964867,19241.051706633454,923.9553029474807,774.9643420427016,140.43173587583738,843.4999001473674,13982.439750992435,625.633213449936,713.2201496924829,0.2563653045766821,9.909462338635832,6.390097409932219,0,yes
213.8510570854146,250.48331104902064,303.56273179263013,290.3228025780326,1,46.135837140782215,807.5532855922751,18412.97239498955,912.4047807862369,489.383380353886,462.3954056075624,701.2875386256335,12695.996037458175,608.6534226209751,764.7175284374412,0.2556822588665228,9.497247453125812,5.823665342865008,0,yes
229.5739426389945,246.6679132272493,280.6903718566581,257.7582122376304,0,69.84324020315385,954.471085801361,16353.751977961212,960.7652815007978,142.32878830858067,783.9948617872756,759.1680577552778,14651.635633082886,662.7652524980067,759.9189112610457,0.24403428950666858,8.507533380402235,6.646584961804118,0,yes
231.62323818328105,264.8860158613694,275.86894059110455,223.8527261986233,1,53.15615578467578,922.0564402045796,17991.816241231423,993.4428083647617,195.73820910046575,713.2894725200035,773.6972874562257,12626.389715984424,344.1886560572751,666.1503359083508,0.24573727680941118,9.323669772677084,5.7001070420911475,0,yes
209.0608130006934,121.54185030503541,120.6798231200047,249.60000021258122,4,61.707098082408756,728.9251232524671,19909.267250172677,908.157784277768,157.38636190098592,800.9597569810325,701.6721881044133,13404.338406198383,691.2080344526465,761.940320613106,0.17273721598518738,10.22734839018845,6.14071240447467,0,yes
267.4689763874886,377.2595519907893,237.86686020313644,204.4483874632004,1,27.623483544581944,768.7591277898034,19553.246316467965,903.4507238742963,105.16202220257104,864.6160511591626,708.705664426436,10921.975792067302,357.3834719623731,754.3694705681785,0.2805286995503632,10.057518078773384,5.017620321209288,0,yes
219.9112493622549,135.9520224377279,294.0363682183179,224.04350582027865,1,52.08066494495887,978.7029090811704,16686.40348213506,900.2440323200307,818.6448627060071,90.28958323608731,997.1647729191353,12252.977469714333,453.6322653735331,614.7412886734481,0.19622093134142066,8.671138138863965,5.677164690408324,0,yes
295.686592540432,271.76945815628017,389.2083273156101,286.75867314987954,0,35.97191799813772,920.5203898998128,18115.324877634695,969.5030394687101,1.425356271230143,914.1295188655365,775.5085637211379,13686.836042331584,106.70614032571963,772.6605786085746,0.2856860603508329,9.381760302508958,6.045002195131777,0,yes
220.0007411708322,174.8124318350657,242.940990267831,272.6574799781281,1,82.79101932691488,611.4916506513969,19973.42792837487,954.589859940919,132.06800346758249,798.9673152093849,802.2209006640535,12976.697930910846,872.7890984105616,765.7231249805036,0.21514105365284636,10.240071265330604,6.079258970644263,0,yes
257.8140601134115,249.42456031942166,203.68620118793189,253.3922153229283,4,95.98800870533667,747.1126146697177,15783.565834581903,926.027874521033,29.801114971009383,930.1336891778095,819.2175454311201,10841.431868168847,446.26875501301225,769.5280970270865,0.25172027547173365,8.170962072858059,5.065822032673835,0,yes
200.657038901234,303.3163225379524,234.97596460636137,249.21301838999022,0,49.10223591542017,909.4860054557441,18554.810146820484,966.3418439545362,596.17407208039,398.8045249314607,748.3435147525233,14259.27258907821,227.49830101789064,650.673118775779,0.2495839447775215,9.598553531026434,6.306240607684201,0,yes
261.37395236308566,262.1312267711585,391.6116164465048,225.34099028808993,4,75.85072854858484,720.4256155593822,19478.384142128267,916.5695152582667,879.9594949633135,82.7822766384545,859.3839498023823,10212.28403904602,836.6982091532609,654.387174321908,0.2866957396492833,10.011180032369538,4.971568569688404,0,yes
265.33703353853366,141.4535300802081,297.2467803831304,299.0581642942906,1,34.81676053488439,908.0227677718802,18966.6556877615,988.827437008772,97.16323435493514,824.2521490000875,930.6851564872253,11448.875553507047,114.18882192967006,775.8200722094684,0.21763845816993643,9.807253296485916,5.216104534477774,0,yes
298.3626598442066,156.5474792880126,194.88159002163138,272.16089991627535,0,26.85667724069002,958.164608863364,17871.95772455208,999.2037978382752,255.13022370092315,689.4372667904909,978.5440155771118,14343.052442374861,244.8165267949042,777.6381636313877,0.19700602918121135,9.27280289138094,6.44858694066629,0,yes
242.01415641663493,297.1541148177802,205.68781419221335,261.3123340093675,0,50.44912328574523,994.3796655051491,16273.139690928303,971.0782858484561,940.2241959154916,23.511257621920777,768.1119218858239,11821.743222346044,877.8260953634801,799.2718950862418,0.24907296366407697,8.477843820514464,5.614625514158565,0,yes
299.5344802437061,166.13484624879015,145.82336088353378,290.40487627972567,4,89.28382351928731,759.747388065444,17322.85530070658,950.184007839519,636.9616842907861,347.5039819066767,947.4235322250362,11170.364458803937,395.00791445371533,747.6027913364903,0.21867437708580412,8.946722286635437,5.228644405671972,0,yes
214.99381162695437,279.37930971104254,328.37633974553535,208.9361684764169,1,86.18090848367879,705.2957775974993,15861.381223350225,960.2957977139932,464.1587228106353,533.5324149140031,739.9743191636342,12336.96533947861,705.0950214484859,649.7671800381848,0.2611047625173476,8.205347004535344,5.725266561438647,0,yes
297.49707834694595,182.9305266154119,248.3926427437875,248.6420419365818,1,56.0324651899596,745.5629795717189,15288.925906254874,969.7880532697375,727.7775501077837,244.10376565256274,970.9124157575168,11241.647618587342,578.8955953238917,651.2158052132503,0.22111494132895312,7.929316238519536,5.325650035865888,0,yes
257.3758105247211,271.6297851956275,321.6330779292988,272.8349161085686,4,62.24244360291816,712.6066006855712,16299.923348073502,988.1227435212268,104.23643579714364,894.001250454483,774.6165580047057,12993.338058196261,341.56808431100876,746.8038281538489,0.28378159327194136,8.430073798947284,5.869138977052521,0,yes
292.3718421613186,183.8002738764191,236.53278449663935,256.54882174849166,4,79.48897784128022,811.9148227260109,15387.688803167832,960.9524247770147,629.6639136184357,340.03576941607685,961.9358845511842,11164.697033935587,429.4658623123695,659.7271909909865,0.2349715889126798,7.992242074164921,5.232322216163295,0,yes
299.70250466915303,342.3051372912438,294.8542497189665,239.2617952805188,4,48.76553557092295,640.5928941288564,16583.92189046694,979.1044419750822,653.3315585141011,341.388761408808,841.3166156475638,10073.048044523106,567.4366053817091,789.6391316677896,0.30364721571628206,8.555038498629747,4.823271152370534,0,yes
254.85271039819557,374.11706830191883,297.6495227731461,293.7274233486112,0,22.419562275079006,819.8880644843817,15511.443375242477,973.0623774087358,370.0046571397562,611.402292888219,891.3351189341779,14282.398486371123,676.9407493375185,740.8785582909214,0.3028339319618559,8.05757532664243,6.56247937810603,0,yes
281.6738169617239,120.70816187706419,189.503000947794,275.5194434459102,0,71.85382107830094,682.9359975554729,19302.950714082213,901.1247577692715,840.1385295131851,96.34781681512413,780.2499050751285,10994.424464741342,419.0204293665657,777.2979064648209,0.18580756176282798,9.91310905545956,5.0983446581816825,0,yes
241.9614837458389,308.1637201664536,269.09819703699986,235.08774637164987,0,48.80176995483893,681.5606537430513,19335.54233424176,932.7940273467738,65.88597621366618,913.5691994482947,738.1237185121619,10679.725088720628,200.01366335306614,722.9714176641296,0.26070024454604124,9.93343231063927,4.866710946973662,0,yes
232.44136508705714,212.68460072331183,380.37002196294316,293.4255013678032,4,88.26112312552878,878.8328746372345,16770.207916619678,940.7822907890138,596.1552803708889,323.3876509224049,997.0861546370255,13279.673215096493,709.6785898135631,708.8039395598103,0.27618848179924216,8.695779539627496,6.20402677050096,0,yes
293.1673945615018,362.27335609502495,234.2341423421508,227.68469231229818,1,35.83682912979239,648.3042695118743,19534.97813881326,965.6762374949376,673.3462887544968,229.41024215590562,911.4763578290888,13829.652522243405,444.2517344696629,615.7360845740563,0.2827417126511895,10.030394486612254,6.2690941622084955,0,yes
281.873074646912,224.80530624707905,181.74816299149256,247.1468244426024,1,80.90395880297137,889.5453591493495,18569.347036398114,933.166925210379,864.8488959342143,113.62795328476739,871.8710186324384,12391.843609778472,655.0077519415604,663.115877233546,0.22538409449051083,9.596730216087206,5.779029490933977,0,yes
248.58315698900506,253.6246017392912,305.0253790783321,275.4311754462589,1,98.54226620232888,960.4648502349703,15498.803508740004,951.204617297149,51.07849731796379,868.6047199598463,758.0934023833192,11795.020862691123,526.15314107536,627.8786188502996,0.265229835939742,8.080118615028876,5.430545873079277,0,yes
285.6176932512722,290.681662444385,348.20718359542263,238.34094714879214,4,94.03816214477891,907.621330936176,19355.77850879617,974.7881557414806,567.6918930904762,333.55378718500265,835.5097123801108,14020.887735100961,427.8628969709069,721.4539739519047,0.2973913294052973,9.999780076637684,6.322330244752639,0,yes
218.59109530819717,251.9962775398971,111.04363166646235,280.6598054367734,1,76.27265041448852,913.2080852296319,18095.535030052797,953.2757701044263,738.8694615125814,244.72920895253253,972.5027415830513,13028.287333011109,539.5390248304558,772.2724102194866,0.22023796627554532,9.3679623257868,6.042821349124401,0,yes
236.13200298848687,262.4596761960248,171.91701157108722,206.5514062206735,0,64.24615783580681,967.9192911305013,16143.666127865532,929.6849539276081,10.00270116684197,969.0123917993755,714.7469228507513,13362.243836918593,631.2246351794035,758.6203692585826,0.2184798353623571,8.401308915259067,6.107522741645641,0,yes
222.57453045736943,149.29557807800308,175.78704175332297,253.75834068732956,4,72.85816599524227,964.1070042004393,18318.23168995574,999.9648914211737,770.763178930982,199.97194586472006,989.4796815861755,14792.178349665537,221.9892764904895,671.8123472003995,0.19879974808434164,9.497410920376467,6.613071714504315,0,yes
219.04218796498213,145.26901956497284,164.17913031202406,233.63559284756846,4,28.87362940177848,852.0408995151154,16292.295476248968,956.3564971940561,28.837748598058873,919.1803349152827,867.8264008453003,12796.509655859803,411.4426384500272,752.1842794138408,0.18486820304184648,8.452917601962186,5.849416828804534,0,yes
291.5006112511652,139.28287315865578,274.2619435692575,253.53598788457174,4,69.35863137408165,951.3894294767433,17610.43361813759,912.052629810841,795.9151329554784,169.28108071297038,745.8153886440848,13001.680526828513,691.3588696761972,773.5150379009351,0.22272377132960203,9.128483817540209,5.9998538346841315,0,yes
207.53337964675023,200.1022720442068,275.5309032165757,232.8488055913428,1,31.179990873609658,937.9590710030009,16264.605666116635,992.3463524918732,513.9446002007055,420.9475872955484,828.1994577463062,14466.024793023516,828.2379573074231,638.3711802822422,0.2157515989049525,8.463544337488749,6.6512789546767515,0,yes
296.8299524545367,206.34281857468653,245.6094337766372,249.43191416369376,4,62.45897769658728,850.1730786841072,19551.493859514674,992.6071077366463,135.82605796372178,764.449735052081,973.1857277799229,12422.476402248258,513.4925058719011,781.2002069642027,0.24280448182464523,10.087106808669054,5.780098314766288,0,yes
296.88991670756326,102.15298584343633,230.75340175742315,278.04874501187044,0,58.40974196924251,811.1779441782794,18827.16399446419,910.7867913732142,235.4915112854659,726.0187194559052,713.8444003374763,11210.136075479302,654.3637378396561,671.0542283204431,0.18737928424696332,9.704932722017604,5.2415778960613,0,yes
264.6772314642713,250.947186979621,138.63368586310776,262.4580330969886,4,81.60628745778871,930.8850457419974,18823.3490789909,962.1441407689881,354.587342866033,640.1996157898395,891.0657535513609,13119.940611599977,457.38952200362206,652.9833504228545,0.24019160348390414,9.737122242147858,5.9998294387788516,0,yes
296.45400132924436,138.75772529714334,111.08686414321824,273.2087868372315,0,38.78603821401423,991.366059133234,18399.910490255148,995.9315900903412,536.2037220517658,385.9075580030823,995.1672933052547,12671.631911820768,213.2494684327411,648.4770414498067,0.1745980534544537,9.54397382411195,5.753885917527733,0,yes
211.80397857777038,330.658316727747,247.75238588458785,203.87900463653773,4,89.00221680895405,883.2494653833035,19407.00162748532,993.817188977334,488.84005278080616,429.78496340680425,794.0067055009063,13144.614145229794,389.0175333994205,695.5619414340565,0.27643229316246437,10.022496257807738,5.938633693973909,0,yes
215.24847822994667,273.01065897197947,301.9015951327554,260.31582347519907,4,72.99913889778259,671.1435922467368,17571.337392630696,944.4369674089043,352.1609954225676,568.2003435825566,969.753863282672,14045.226236760627,851.346053942776,670.5445380647677,0.27391292481571494,9.050644617821124,6.551053138565277,0,yes
215.44197617996275,152.55886380831902,135.75022322480015,296.2751844184431,1,33.10440436917568,603.6196200373838,18395.243887319186,962.2113912704986,229.44075930392472,703.978607126638,928.1524223247028,13111.214633522237,601.4897448809137,762.1403173997346,0.18270345310767666,9.450319081799163,6.0747681568956695,0,yes
218.2697343619998,293.53724119470814,176.4312971825924,275.0392721451633,0,47.01240336429873,941.0860648512764,19811.92772514093,926.8086716917201,526.8547750137959,437.9407961208633,752.3649996288941,10060.405927222819,463.9851020180349,735.6565247768949,0.24108884769942399,10.228888462066003,4.7299238475410235,0,yes
214.67151711051352,394.3308427885518,265.9748168173918,213.31146900299558,0,64.95428811400807,673.6173286917227,18716.304832331203,990.4742544717756,316.7365892648842,606.489663413715,885.2986574646537,12418.94792101282,739.7817910079029,694.6329659082124,0.28877051588467106,9.630024758430478,5.8256966428833845,0,yes
251.8056566142059,355.37299266025116,240.70919537431138,253.19936497663855,0,71.18273464292442,972.7612189500812,15936.330524102621,991.5919776164089,428.3551252575698,505.0206039075468,727.5472874460706,11794.006482338973,478.24457629127863,742.4638704864556,0.28158649069360003,8.307289318735087,5.41572274059454,0,yes
263.7428262322318,329.6095838987386,387.6356532738884,281.29824993715147,1,50.23348647017477,692.740195372372,17539.85193412209,933.2233135248426,445.8525959230907,511.110128472895,821.3429428281567,14983.644203692274,205.77484160428963,627.3825772618958,0.3091626198441661,9.038100007763004,6.608195522974889,0,yes
296.3665334081554,208.0317031442673,106.19378055602529,262.0525546446853,1,78.12517665835827,984.6859321514794,19652.4916299073,997.6138890054737,762.4843890253021,139.08055969148268,842.7982649977351,14333.366586884758,545.8378594717624,654.68438853034,0.2080319265419469,10.168954926787265,6.488675222325679,0,yes
257.4673164353608,351.8492864620062,173.62665417628233,228.69972970624107,4,94.53508546287067,789.4229282870931,19515.749243501403,936.3872071599297,902.012718692909,50.10629859285757,905.6580393154213,12986.72219170168,503.9938123875214,623.6734597563996,0.2815131562482613,10.047872222140509,5.961288898027193,0,yes
283.40658474617817,182.08099191098222,280.29328981816474,227.1400642635174,1,66.5923593976744,945.6650186601437,16572.989795406615,971.911833616072,593.6446611919808,371.43014022327554,997.3556468349204,13772.2032728282,745.997602360712,666.3360801197408,0.22239685865393682,8.61667155063495,6.416334565702963,0,yes
224.77974863928117,384.50773603886114,286.49608300304453,213.6341811557107,1,62.714247816537565,973.027378055247,16415.791016072806,939.5234267468066,91.92454353004275,871.9279613386078,920.5164851803138,11298.26765140978,293.1559489542238,681.7724110066408,0.29400477470090464,8.53989650725222,5.216748825277208,0,yes
260.00851834032534,129.05277531912816,116.53199694250979,209.72116538550898,4,75.8746267687082,949.3115804236865,18582.50992004507,926.9123255008915,607.3305681524363,363.7293144361977,789.0077748493105,11186.608481635652,431.74553892258166,680.1768131271042,0.17515473347576857,9.616077804814946,5.175702344449624,0,yes
294.880602941578,330.2349936585692,372.55654161635175,217.31974786587796,1,73.65078659560103,819.6453390259188,15830.592002404534,928.5813640902335,600.8744535816844,380.43537445367735,901.8436353121596,11670.821047647882,891.7331247628846,619.6267287647236,0.30048829793048415,8.21097550961665,5.591998524397065,0,yes
233.55717831220247,287.20013622916133,161.28474554306206,228.93046321745908,4,82.88340788232478,820.1446358164374,18622.5731968684,947.8299017284629,844.3947632022208,154.36598000610957,797.4558171842343,10489.711991108627,586.6752416634446,729.2709923915809,0.24874333187842246,9.609719724390416,4.972613691510717,0,yes
275.678894835211,130.36526254544623,205.48033267339167,250.57760530510595,0,82.34051206305239,829.3226668899135,17419.995495526,984.6505586675294,31.885732272233252,897.0974538030056,940.1462446412402,14251.054533338163,578.4913006635179,782.2662689265958,0.1884369235623361,9.015569239730777,6.528378227517844,0,yes
205.20846927688612,225.30990017663385,136.90845793816658,220.2147448504469,4,23.25291225583582,948.8305844240326,18086.391283324876,978.1919243218391,169.93980348721766,735.0819474336844,709.9904923709497,11734.58699448249,719.4223200782478,608.9985923636173,0.20629374117448745,9.374965773330073,5.459971958021708,0,yes
212.27492006802774,154.6168207141783,286.44436588114615,222.79931795416158,1,69.92595917629106,961.3921802664595,19888.115284867807,924.8621465743897,571.9310409762979,369.576628231677,859.2260694212707,10339.404177672981,454.2883419636546,783.6217708940458,0.2031989020345798,10.271372259427341,4.883567869899567,0,yes
292.5815890527995,124.8763392841148,162.18350848729216,294.06014576075444,0,78.66650088002504,914.5556715785472,18147.40924139513,914.4386638889222,211.27490859179582,700.331467023012,877.1470080716841,10975.513168429265,513.3017343686186,749.6379274006249,0.18795758671776266,9.388880375352997,5.16016218049456,0,yes
283.1431875708962,312.03823328858607,330.29011707644054,272.8001234407976,1,60.37884350647306,727.020525347138,17496.348954730085,932.6212318307269,800.6770010012984,149.52694858964503,752.1245724989997,13135.58825552043,139.99578804728836,779.1036934538552,0.2926966451313984,9.023814976986632,5.834075766319324,0,yes
275.9154855189623,131.5089113587759,127.28884129428299,270.1866787052787,1,41.68044233144406,725.1541055622317,16314.13508137966,981.5058596079291,773.9203387563131,198.92114988532649,785.8852000160975,11194.996527242727,599.8984449321634,703.1738655239145,0.17609635041031776,8.439029880339438,5.248346599287018,0,yes
273.05595606981217,126.58739942606354,323.84659045426145,255.72186920518504,0,74.70090096518481,945.264212315238,19111.759706075543,984.5558738604703,607.8347806250006,369.3881168401556,886.8967580981372,13011.10490178328,356.2283712539448,603.999696823362,0.2103352066643952,9.887713642875193,5.905327858742126,0,yes
216.6568211001269,187.82820237391826,231.8278209134946,231.6741343308938,4,57.54538497228582,959.817108975852,19231.11526676367,910.6434331812076,553.0683917591472,366.12531589123455,960.22248987282,10125.974559430533,663.1192356359361,770.6625867249087,0.2183318475538422,9.94056645241326,4.917339438588491,0,yes
261.32560814575174,225.89024163768414,248.959407431754,235.14202662785272,4,90.21468002986362,778.2247443741952,17140.724363041136,949.9410307409189,143.84806317858593,769.264787457311,838.1528524651592,12708.063161433583,563.7480010076819,777.2452580203218,0.24742925405141047,8.859728241683166,5.861645519881979,0,yes
243.38410802619978,321.784271567548,259.4238400746331,232.00404632544377,0,91.84085604105574,898.0729655659502,16495.930064374992,931.6505794710492,595.8794207864024,333.8654596827606,927.2466955972909,11888.61268982661,649.5800663109751,665.6679320428989,0.26918784318799827,8.561748437403908,5.591342483152784,0,yes
209.09406243665646,140.3974820745239,110.72283213358207,283.071204784194,4,85.41113549269193,820.3610148348012,18179.373356864788,919.1707744042197,396.85485956196396,517.6722882824891,948.1746305885141,12468.47569909029,393.17412435148424,709.9963158176565,0.1879668500499286,9.384238415553998,5.732853249178112,0,yes
248.90901353117266,269.22220143275473,323.86511419927274,278.46378077355143,0,85.98406514418325,954.2926886750679,18004.77433492078,920.0350867627033,545.3760845707186,392.7673163414735,842.1086439461521,11568.271254143348,157.699675665536,673.4911331947168,0.2703051045993514,9.327411141728915,5.234578168976658,0,yes
203.13179303134552,358.29791232295275,253.226663840947,235.0445119162673,0,77.8887832524237,671.8983280804412,17640.084537548377,910.8221497454113,605.5140954892303,381.63841569053216,753.1486119325904,13157.579834573053,689.9359816772187,711.8444522909206,0.27632414920716863,9.080579211697488,6.059425757873202,0,yes
248.64334929819955,139.0086815437413,179.4519017092412,250.32487615743972,0,93.11692427603519,825.6160410123873,16806.050326429126,988.4511594348505,210.7264896642136,739.6237062111002,979.6471765361811,13843.244620385178,864.0476358813582,688.9738695691617,0.18457273581104736,8.708292003915714,6.48583691349456,0,yes
250.75646337756356,163.48625732391133,334.1210808309031,293.7638034602252,4,83.80177364239434,897.9856393000841,17040.614201267774,955.1333724198729,272.2252867129134,664.2285223378553,899.8616492314152,12163.995222924117,147.33542533119586,723.0350511899542,0.2490810882626533,8.837296808818712,5.498126911045659,0,yes
292.80078467476574,387.05267532017314,273.2751568752292,221.6079752850016,1,80.69157146728712,840.1775302278169,15805.326171071496,962.0561524979798,234.79094165498782,726.5678642318394,768.9505240334983,10088.48177997278,169.46701094561627,689.7656511981398,0.30483843326862986,8.207549547076168,4.623441212974045,0,yes
286.09780054186666,297.489731493911,288.16344269710476,293.0292198165238,1,59.637909138091665,735.5322060240601,18812.63600810236,959.7894946664194,879.2664030576171,55.72390070983204,944.007679178661,10601.335047459812,213.0233040501273,617.2184450404247,0.28277885923056306,9.68757316298415,4.902889659331343,0,yes
219.8199876417265,166.2884564110194,274.3827467573243,284.7977631284785,1,36.39377197739804,920.1442146997867,17499.05380207122,980.2874749201005,753.9541265083012,211.3412564886869,731.906349339839,11073.041756353041,737.227404183952,771.7782070303438,0.2145924510393856,9.07502973778405,5.240964167818455,0,yes
292.4584866842813,379.25039414183016,206.14372399463855,225.46927752598913,0,84.36759542330213,997.9129850280319,17888.71027148651,955.832993786882,330.0583151208851,657.6970804588213,808.6923815626419,10406.380702082812,759.9097700760191,731.4837607197969,0.2854823681559605,9.284344009283444,5.011835963649075,0,yes
242.045202493023,177.01556250996165,262.47500535429697,251.09627748156575,0,92.14628213687214,758.9014431497424,16551.921136186218,972.1858326603528,300.67246747058556,674.8153029313439,932.7562053704848,10038.450264978996,325.69280688201064,705.0896986829525,0.21557821801053118,8.56410066096087,4.735412909599313,0,yes
235.87188484107764,138.57323458635364,326.64872431785466,275.42150043562793,4,43.36859667383159,698.6106567683487,16333.695588360455,995.6350971797785,693.3818532673403,221.94031465841988,855.8901461539651,14033.338862014341,817.1064771527687,623.3877165353991,0.22698844141032873,8.444921687738251,6.480190182222959,0,yes
226.90985436120874,185.79754508072008,104.58910910790516,269.53302611710933,0,98.56874069476655,798.3565864919442,15172.217676599017,979.1127292639231,948.5769343648824,30.816062492594824,997.7420245467704,14098.21060777631,761.322948034207,674.1868637414843,0.1900966508328512,7.88398504194482,6.55603197631182,0,yes
263.81085268317696,141.59990532527127,316.122743488967,210.73420181898192,0,33.58905534550516,938.7442710036992,15761.235243727544,910.2017907517427,55.24017418404357,911.86410437788,768.1192178882869,11994.938837274307,143.58743298767268,787.2739926257107,0.19945999593978,8.200735603541752,5.3890706526889325,0,yes
260.47296937875524,353.40657540796053,182.03372558096805,292.6563206005969,1,77.6213987648018,916.9513911855588,18150.50483961371,960.1562110469926,746.4054846882145,197.40841659289902,920.0189530720729,14969.739340572753,899.4183746905125,701.6943390966296,0.2828620202941541,9.397247451182773,6.927510477360963,0,yes
240.90760196259694,204.11364228102354,399.70226729464787,207.57090048399024,4,67.8530155588846,888.170472187036,17729.641026157253,956.0480315075765,738.5896363552854,243.1797372060846,793.5518451296888,10844.528564821301,514.2035423607656,694.7691563892038,0.2579593200592314,9.179709781111654,5.077074024601668,0,yes
280.3391664357799,349.448121121713,301.55695161042615,278.27348178239936,4,25.815117706145507,782.4304027177338,15313.745640798023,979.6626205707746,620.8937729672497,339.19815221941553,993.2229704296371,14113.99883549226,707.4114323662059,763.2054183357702,0.31030925523108915,7.951275100146989,6.548087288334131,0,yes
275.82549509710685,365.26663427016877,169.30760142445365,291.6786672347847,4,81.08068562496521,941.0985325127615,17667.082947058083,994.0294415197416,704.696554711367,208.87382324527812,924.4922952153004,13348.942581550638,434.4322287511353,789.0128485705391,0.29924328084122853,9.165734796896057,6.102441266224867,0,yes
221.6366300859985,316.5596686874943,121.33299339504606,209.54736943803263,0,96.25512045893905,776.6136987216313,15280.64132802768,919.7300133253342,533.4963872690865,465.9119716035884,771.4158942612389,12498.251757594759,280.1339647484288,782.7893608147252,0.23279618167398972,7.9251846416660845,5.650206721213604,0,yes
295.1750519913852,398.0039042376991,296.9593249549617,267.538837916909,0,30.531021521498225,820.8412391369753,18377.00845279036,953.595700620953,860.4885854250931,104.57154192981216,819.1482626963302,11296.72624306762,527.7515996010384,745.706231936995,0.31313743425484936,9.487886623162467,5.278042186151155,0,yes
234.20847732509864,169.9276130664859,141.39335934341,201.51067376611527,4,67.68779752416833,994.2465085658423,17864.74174744242,985.6871789147526,45.69833448370788,890.4687559268676,785.9191416307406,13147.838660163054,128.59916269558528,689.7844311652115,0.19054376664302725,9.275634840945493,5.834162259341758,0,yes
205.76980633759842,364.98347396267377,134.2000470684715,290.4517412404413,1,40.9824281438745,654.6685209151698,18714.71714186305,971.422029214828,580.6780916833579,363.90182251170756,858.9947717509137,13791.745372752557,506.89853310029383,693.4777243202589,0.26596791156197885,9.62244758943065,6.273916780075644,0,yes
250.57424368788054,387.1661869955322,192.02101092382105,260.94172842833206,4,79.13640537957109,979.3947534522463,15727.678784329848,940.6177123714234,354.45734464888346,592.7720539517713,707.5551787762017,10318.909101429716,511.25595541563797,637.8622999424324,0.30295893836744037,8.197457948636114,4.81900973262105,0,yes
242.0371689109014,337.2473946298785,233.34429060843846,292.45323313805886,0,83.04836085239259,760.2250924741558,17540.65662489883,957.7843510007466,695.0713106549686,217.27419891439934,845.0064053405073,11755.499223986155,477.746214320452,646.2099019837075,0.2809710380948167,9.05677521321564,5.431535151071924,0,yes
214.81752549182733,289.83858998350644,131.87566570061605,289.46790582739175,0,94.96463975356362,942.2230126589466,16288.576121952343,983.7029954955274,414.2304998759266,561.969253580931,971.872852909208,11423.5219196567,846.1845765267053,623.8048071464103,0.23917712432802798,8.475307350171013,5.502709816987254,0,yes
276.2131310148565,251.98535291496327,187.3411309370388,204.13346904829606,1,84.09793995867554,939.0884275797449,15151.333703286396,962.5474474959782,539.1375491293145,389.7292490818039,884.8515919928388,13882.334730532202,784.0401745477101,741.455526155843,0.2284569292109809,7.903045481030419,6.435542147903257,0,yes
253.02708752365163,276.1924356484737,269.6726740241239,238.0018624872477,4,92.83228575492831,981.8106567457642,19380.24001334868,995.145268169269,258.05944627614434,723.7321774918398,750.2779635750426,11016.150643893021,722.3254230214924,735.8530139309703,0.2715443018379542,10.031822885787427,5.217097726032872,0,yes
243.38044520595355,333.43758690853036,296.136013074981,241.4027814427928,1,50.37277029100069,844.6665686636576,15771.661694148195,921.9277911183165,372.10986263723976,583.5615730450872,994.7996147300325,11008.81379786717,562.4757640929382,799.8438462101817,0.2818571794714045,8.18621502086814,5.252953939871331,0,yes
251.0551384522637,141.60674770241593,181.94432425620727,290.5759545132534,1,38.30535964510665,959.8205802422117,18100.824322851353,934.3973103210687,86.78637657953975,860.5201755092895,981.225697318213,10026.930555014525,645.3301924968426,653.1799085081504,0.1915746807663819,9.37867225964261,4.867333080525655,0,yes
230.62752514112128,342.9851452121495,266.9530808511082,270.27854210267594,0,56.69906216986162,811.1041134175991,15292.643000030912,982.3848101505748,683.1623968252609,314.18701816346913,872.8768621552598,10397.08262866179,551.0336565534883,777.7628808995165,0.28079848016683273,7.947498555725576,4.957726202960331,0,yes
211.09963783314532,315.02304287086474,313.29598686213853,267.88393234842073,4,28.723728501511676,938.5524827694245,18518.886772509104,998.0239565146012,655.0080952706766,306.2168836898352,767.1142215925767,12169.18854111114,496.79424353020363,751.3343699306376,0.2884213516965434,9.591608649577159,5.594049494416366,0,yes
296.53275579933097,335.3633150758614,117.45408328720075,280.65378618426735,0,31.20120766365657,908.0876170500488,18319.29941334314,930.8796598495996,755.7938324869976,181.225139319934,715.8886420937281,14317.913900321299,253.90773161323327,713.6396558435148,0.2550594624337367,9.475603231829048,6.327568754153427,0,yes
281.2030679656808,197.44144762853387,250.00862193650124,292.92716558581276,4,67.75800214751904,802.4122886424382,16364.44476545705,903.9723863187662,708.5873180854788,235.5636576398091,980.0952898261944,14901.927076136744,683.1774782596463,661.8505848645677,0.24750898028251275,8.470684187919646,6.832722163421281,0,yes
249.681807084362,322.13444304760003,373.3357364514713,265.72497977012677,0,25.424087201066136,958.9554540394179,19847.836200366215,942.9824973437043,584.7588516303316,390.4762504967006,904.0872806697095,14617.068917518991,642.7957067924071,672.7803017412893,0.2913013235058139,10.253157885554831,6.677942576376581,0,yes
251.67893023740362,136.25849833523228,148.06259471824342,246.98486860698006,0,20.229550144916118,701.9618673245259,15863.91208613795,931.8569908192843,36.69526315884513,893.3136488826897,961.7825574106478,12964.997946028272,531.2893088214987,609.9347332648566,0.16774802543311187,8.201969894839218,5.981138070092562,0,yes
266.6350512586006,306.78025873403453,135.23281149325746,292.4391656957763,4,39.674620443187976,636.2034328799863,17885.699359998496,916.6707061072942,746.9213766124142,208.66401435511227,827.6013978276599,14608.672589880922,206.49561297585973,738.211327869771,0.26281735452202093,9.1963848751931,6.475398727553763,0,yes
204.9641426168741,275.84291265940124,323.5087665841479,207.77060475851027,4,93.86004056003584,915.6137003698212,15860.868122123387,945.7842244106977,532.3549435684619,439.1191941119406,885.6737585418841,13601.79668492985,287.82572346943937,709.5361720994863,0.2701834701706278,8.2501462600224,6.126804302655509,0,yes
260.36594653615714,157.7674382472179,219.0674223454836,261.8955340291958,4,33.93313199512388,860.6777267921298,19113.95126924837,931.1673354141175,33.85878391968084,912.0394956555525,766.6515409291238,14166.966767695245,243.9919471985166,732.4570053644217,0.21235560627302869,9.862231101754976,6.287239153534815,0,yes
239.43249249398087,100.79206962079896,185.1122369084384,255.5227690805305,4,22.46371704805469,644.8844783884289,15249.126145726448,963.2664545175223,186.46427943370182,788.2864694597928,834.6741619887187,14464.920968191425,691.7776582393903,686.8517868193414,0.17741159925876882,7.886389445606768,6.610695427600043,0,yes
232.04140830002638,203.79715532128353,304.31381379651066,294.9122793788726,0,94.5437821266792,896.5694427258,18762.514251991535,905.5751205564886,31.393867102169033,951.088874849236,711.2824461521116,11559.452327247755,459.50422412765874,687.7522939421003,0.24245924286605838,9.691133655864498,5.30743010006034,0,yes
296.5697120139333,213.7972024308113,385.05798075481493,286.87804285573395,0,67.9063625752932,829.1907875241384,16609.477377519426,987.3467008120889,464.9232276819745,531.8614287487889,928.9873907715139,14028.987935701998,234.1953826807333,757.8422682520489,0.2658170078109169,8.610654112042997,6.3034640121783605,0,yes
266.76047059589007,274.8744345954082,188.58435143912826,279.2110617523301,0,67.81011957549559,897.9892877661505,16808.888945389022,948.6926232066126,607.1310248009297,309.6338336578166,814.6094291817718,14966.070676365482,274.38786426149,720.7375203370229,0.2456322260728697,8.720548711751055,6.632676787925102,0,yes
208.7779084020524,120.7422661993067,366.1415026842467,252.44710177376362,0,35.926583613905194,897.0368305282556,15069.106549491384,961.4749580913758,502.78075623979794,430.069919720434,908.3829486837553,11316.447600192856,300.2304114698262,709.0851069080293,0.20280297932553093,7.852201326313631,5.2213353983386295,0,yes
232.23991348339223,294.3313082287214,214.25958773793616,211.44328536357025,4,77.52519617060169,677.0308394981078,16299.330208308134,957.1757656483793,627.8828990322866,300.4344663898811,786.8988343982819,10326.39762647441,282.020006133265,704.2297812126124,0.2578531512516804,8.417683626688827,4.768175098148036,0,yes
244.29616794806796,263.46844675239674,309.4834527578987,230.12463919019206,1,70.09042092153798,602.9638681480129,17038.015308447888,992.4064068639241,576.7043461181484,366.84221153039755,866.72951624691,12167.727526788964,409.73962976294615,667.3054303737717,0.2568778223145544,8.77573828958662,5.584954098287025,0,yes
217.27090545176193,310.551283486335,371.85897863547285,204.76226601233208,0,67.4940020526497,675.4319320984484,19266.239612550773,906.1261466144058,319.079116514772,589.2806635954764,746.3533930096498,12364.105808427892,575.7089084655804,695.0998776989986,0.27537312915199513,9.893790067432185,5.6805823314789725,0,yes
215.43390479316628,165.67327426818906,215.0307210023068,236.37163561122009,0,64.26459530571546,745.8268188437743,18623.73820005391,933.3654964645469,127.8999657465052,790.6683527419324,753.800875852191,13006.807018204843,149.24453987776508,743.5519744304021,0.1917402406554261,9.591769020604392,5.777861287220352,0,yes
289.9583016264161,275.75660974428285,174.44226659941535,268.08811850347564,0,51.18511689726538,784.2395845492741,16395.74921515939,960.3102098071142,973.0392257378076,7.704550011713536,758.0937792098392,10931.085497695463,204.95451488044418,647.4727557043065,0.24177974210955083,8.4900072216915,4.967456205753405,0,yes
235.5245051519024,153.97888414129918,300.2419769036961,269.726762679209,1,55.18404050749432,640.0282652636429,18754.797958001098,987.5000117197521,175.98994005479568,757.9895107421082,789.7478353583513,13158.137085839247,373.55193368756164,636.0256642417902,0.21617164100509523,9.64151582595925,5.93043675371283,0,yes
241.73729997990884,365.12012672784135,263.3447452192995,215.38868918552458,1,25.295364850689523,841.6301395503043,18734.811587414402,927.1305953460316,234.46463511256638,753.271981809108,965.7294550532756,11373.163700096591,518.114909561639,791.3095912743474,0.2794096547320755,9.667819442347263,5.37260876398834,0,yes
299.84333075408614,382.69182338888976,197.38672860869,201.078936853583,1,42.84809544477067,759.5586896497832,17064.217054411376,932.7745720847768,548.2336089831946,403.3611426436984,854.3204992320502,10566.509537054048,475.7194081958438,648.330526343726,0.27994590717754925,8.814970431222838,4.964512500525209,0,yes
218.3894372149857,281.6720033330736,227.57636632852586,237.22893094223312,4,58.7344803252398,717.1269641137887,15081.939845431749,934.4320779326845,792.1166889586808,192.8363442756587,837.6743591184884,12856.951405335065,699.8824019174612,792.9605646405062,0.2564982592477564,7.81467623097876,5.987444014548864,0,yes
272.90505003341457,250.85579154383223,378.75193447415666,222.94600743116763,1,83.92971607977017,932.841416919254,19393.980356643984,909.9228962774953,463.2623207214905,514.9167976634145,921.2191395407531,12113.089111322215,277.99809568314504,755.5637764428271,0.26960980467727236,10.015720469552072,5.548636801989718,0,yes
219.89706755585183,205.8918378966849,385.3904715129049,240.8892649998315,1,94.75706718809478,680.9992244612674,19187.50801136814,925.3285076753283,589.210911661651,322.50571362417395,781.4391595369711,10441.108337053385,503.88166925228734,664.0872862476449,0.25120084880890003,9.858269174162706,4.893064659357073,0,yes
241.06193033816157,202.1192766715963,146.20255170893432,235.98869783259354,4,21.80433977102739,702.3103199243691,16319.62920169402,991.8897482002286,599.0281303666144,327.84143014924894,773.2870126471882,11316.266888613885,777.9716145247555,718.7201854021993,0.20637679908210743,8.438182434906997,5.358775424244225,0,yes
285.929501177524,345.05987910834926,166.0722138668278,293.95141828525584,1,98.11140846712215,685.5906626279998,16993.1737205045,981.4002974210958,205.3499092196182,729.028960942703,918.1217581951319,13270.75271967834,562.0404693969364,664.7620553614033,0.2823895427042462,8.769827708829581,6.106048978181365,0,yes
255.94296677997698,224.00203498069504,361.05421481069135,200.22413434073647,0,65.57644780053249,754.5380612917324,17176.882412988994,917.2116731137384,70.67528765825288,830.0713072332578,778.0943130040456,13356.056547582572,715.8065623742784,630.4887052408425,0.24233046431748756,8.868059187121496,6.13657767234953,0,yes
228.43436438038924,167.84813061595426,355.63956145035115,277.66637297151357,1,35.536304144223166,675.720774248133,17029.116119018876,963.7343588411114,695.868276602847,299.8372662066939,898.8802780474584,14961.51854969909,245.1601271398517,780.9773766551692,0.23102153914233814,8.783193446642631,6.671753467427058,0,yes
266.7532196230409,387.19071680138893,345.63165045753783,223.73196675469842,4,49.14960721215988,738.3692468782624,17140.255802261945,958.0173473485014,126.82853802658582,820.4955166309901,802.2674951114446,13693.58036093065,595.2661361606779,637.0047015568904,0.3245257146098795,8.85176607864772,6.2402680399958035,0,yes
247.68613213670253,103.22027185082993,336.9283053929132,221.52063631731443,0,48.48293246210189,629.4275267537797,19299.841433055473,983.5871904034549,297.34956081711334,670.8079940490863,840.6888837613134,14616.297410845164,720.6964524334811,776.7527078255423,0.19025904244107067,9.911184651895784,6.69622567081972,0,yes
271.56787478890715,287.2494788576952,333.44900554535803,209.13331590096365,1,40.43032396852644,676.9796463942829,15419.208483779068,939.8781011712931,855.8094246995366,99.15917486650733,866.5807002141687,13137.87780980709,657.5366034001545,759.6172402486732,0.2667064195183451,7.975232799990687,6.085848537848821,0,yes
289.35640035902156,206.5830473198504,243.53197108754637,215.5046919347131,1,40.12798745768988,915.7476494420855,19003.488224765886,979.4229157659007,352.5413142688924,645.7576438658213,803.2194401293577,13966.890072968312,245.72791829335722,763.316500632319,0.21994553860895122,9.826125475419891,6.2338697110011845,0,yes
224.73781937690237,214.685485297056,206.98656086010357,209.63535892697809,4,77.37260290000734,608.1213096805996,19445.98898578268,997.2096919229941,297.9453533902189,611.8920859899372,774.8177851269048,12417.934134147567,543.5593210838156,715.1617707539415,0.22321182888868507,9.981511972264583,5.703490220832149,0,yes
250.6343035578896,174.38294507505566,182.0753679179823,229.5792545241407,0,62.37720871218933,986.001186635765,16093.61987268284,959.3567572735931,824.8037344089913,120.7260143943555,832.1159694174742,10683.073769972372,319.8806369659625,693.4637284173543,0.1914845439184494,8.38453055997307,4.945018146359932,0,yes
255.1842537470635,326.0946523872268,138.512186172804,200.4146094689906,4,98.76957958960014,961.1067373675558,15087.505592909394,942.2124617874047,491.1793093285302,441.5408640884469,901.7735413905175,12445.232664736428,838.0483924083176,647.646658527204,0.2587752315573889,7.873380977837432,5.87723254145301,0,yes
211.1059457605977,289.9463880469008,349.1819343012884,222.8216150242839,0,86.10692587042888,843.6354089547356,18823.767967739594,958.0680553998446,206.44817803836747,699.9943916941039,724.0750473653984,10246.515567373013,253.9578574095386,636.830885499553,0.2677697393957494,9.716998121403085,4.688020215190203,0,yes
279.1458383979945,286.56782283339766,248.64714380639478,278.9599896495146,1,30.26688271844165,904.0615858797407,19974.949408254433,907.154442304584,726.6992650713415,238.9420406454269,939.6146684082553,13493.901713655096,744.7185155296229,615.5247406201267,0.2631208225030545,10.299268395342986,6.2748327384919165,0,yes
234.02152583762762,361.72992884267234,377.7481488665109,289.59611652631986,4,49.2121044808303,895.09346398075,15832.108952753048,948.9087898610522,46.75278108481393,904.8970353278104,976.3583894231625,10267.536282764737,333.07042310097904,655.4619874386273,0.3298066052332101,8.231531165890317,4.837621168236453,0,yes
237.87563169435253,294.590015308414,325.69532128734977,273.3213988558542,4,31.35291693514791,782.275191327056,17833.781771757083,916.9936504269547,188.1766671447294,719.7900515890775,858.4651493147762,13686.10020198152,813.6645280356514,732.1805169989287,0.2875275059289024,9.202640493385685,6.354255444349565,0,yes
200.01210908547029,351.7957187945582,241.63387852820512,240.5293824980106,1,23.465532645474596,771.2804940620049,19477.90644551628,985.3277404824704,712.9029476829205,187.76141944421693,916.1167609936256,12446.960190113301,849.1701085877105,796.9940163566685,0.2692671535376574,10.031659733899126,5.903500101995292,0,yes
208.3717440043927,264.1729507142444,392.51132912980137,233.96182609604722,0,86.37520195573539,936.1420350771017,18799.98345914064,967.6793320060201,681.6682147643179,290.706885764107,957.0135328144981,13875.945515699183,709.8853329137116,621.9788333987085,0.26804293693647663,9.727404477595364,6.422448738569993,0,yes
241.41079544066912,358.0582930202469,155.79324604906412,296.07427354999703,1,44.564585099305646,863.5052782336029,17061.129282726724,985.1694217886508,63.41699250895068,852.7286207816561,999.2773978430939,13794.177917198602,532.9414704394192,799.5154492520958,0.27359221192865824,8.843898341635867,6.351610535085867,0,yes
252.29189389812242,104.94378854477578,380.4097846924353,218.57894668541024,0,37.20514146965729,810.805855910786,17735.752468566214,986.6967024420345,314.62165295911296,655.4934022081918,987.777194874924,12614.295598305489,273.8941346135256,675.0053023685116,0.1982213015730308,9.169583767240441,5.762333672878542,0,yes
240.34469732728985,397.0480292282278,109.56844918325379,294.95731365682684,1,55.14517085470641,701.1866146390544,17433.875444622492,974.0217478101919,18.509842465519515,884.3740911399725,931.9249690876,14385.999003724313,750.8136359197562,670.8115369264102,0.2809149381561638,8.992584516391439,6.629666052769061,0,yes
278.6191289377724,239.85629007590705,378.21330694660804,225.31787712286163,4,30.74124952981756,739.9556497010452,17379.873516651507,930.9059466800423,795.1179791664553,188.04801705885006,709.8590731443471,12698.544840062284,842.202982228595,733.2685908954397,0.2716139367453008,8.968200362827584,5.921686442067574,0,yes
237.35618350351774,120.04051986141944,371.3222029408107,259.6021932356442,0,23.082126002278986,651.3729376820468,19492.12274593526,984.3934722648504,205.99603871709357,727.7317009620809,928.5275937952788,14608.133587145527,613.4128698120912,712.0234501094403,0.2069841872467687,10.01222439764025,6.671849166768694,0,yes
262.0480378192144,349.07693184408345,369.0092521053742,239.29466166666936,0,60.556734584034004,941.2747855989394,16289.54834433712,951.0739366866477,700.8220513976183,205.4628698876612,810.4166138931445,14079.313731279228,819.140059318822,685.3394492946612,0.3019067800764713,8.471072754838623,6.4880940672332645,0,yes
214.34458943216913,331.6031099272953,379.9934984461384,261.1271458495039,4,52.90394623922107,758.752508500005,17421.220245995803,980.566231765292,117.95167484032123,847.6058399052561,810.5121211746983,13592.583510407674,791.1325666170782,726.5626536606029,0.31049021280059524,8.999875942528428,6.295812593428932,0,yes
213.36089652689452,112.58776159262553,365.79277003979024,223.43090171381232,0,81.21964408237054,893.3117121373641,17160.550440940187,925.066942169517,113.02384049575056,816.0572082632673,814.5049008459778,12303.65331485724,348.8091185360199,696.28349688328,0.19994036371232038,8.892076219828866,5.5958915783033305,0,yes
271.4579920376529,107.65939099362576,366.39178258030086,291.5562560344091,0,90.28726504033891,790.0128383356216,15982.407764832858,935.0231107816765,576.8108751444486,329.6264755792927,980.9130618258203,14337.558595526052,219.69626524315055,753.0890541862393,0.2201975970736241,8.281145834246479,6.428797804770788,0,yes
260.2962080109827,368.91190008935496,324.6664479830592,227.0404399103308,0,71.76373668767128,669.7640875210925,19219.48687952377,994.8199779240871,316.1080941941638,646.402370968457,910.4840324461572,11781.46441911149,304.0302370593521,704.1802250300458,0.2997086555234315,9.881374582229958,5.41313283966745,0,yes
249.68382454043498,250.37386130152356,162.16934476881013,290.1396622735916,4,60.63099053181995,607.5171469194438,18995.0664536354,912.0492591446176,674.1714785913445,280.66296946168757,835.422569942278,11091.57472822495,390.74393778673056,607.7338467672329,0.24567208765662593,9.744193628434065,5.128129664336033,0,yes
235.45518644154038,262.38454691715316,257.2889128757165,214.95535269972487,4,79.97291528654918,992.4003764522788,17822.815685863075,966.6565967981993,817.1267804458903,132.66478728090067,843.0052942845653,10210.768346960214,891.4576744740316,753.2965174930496,0.2550967347387967,9.251613648759161,4.997589665414228,0,yes
202.8960698552991,302.9966581390081,191.81834286637758,274.4941681625754,4,46.765773666471524,647.6335293318663,18608.87584824248,911.2346301375758,66.89816851085881,918.591108169511,997.6906088663324,13753.264438268692,569.3969164523845,651.9161340186644,0.26186960809472604,9.559724413635575,6.33918281554799,0,yes
211.153267930591,292.6998714133808,384.9400831933381,217.71493477912318,0,48.548604565668015,715.1014814839259,17479.802656991807,963.4760238516051,822.9220045032317,92.89465022693003,898.4209359519031,12539.048363256068,710.23301044474,733.397348503603,0.27028551448795657,9.017155625387103,5.871277783082444,0,yes
229.05013586065317,251.2007133567981,223.9300526146986,223.51178921878468,0,51.636882768345195,600.7688657029462,15862.922867177545,934.4654259455533,593.5141894476174,397.01857784830986,862.2854312322122,11479.458993298358,175.59256236544957,714.6422216920215,0.22529117693418077,8.179724167775047,5.226933177883069,0,yes
225.07403725356338,189.46611077504062,317.7295594636197,209.73447219590088,4,67.5025212286337,685.6659094935928,16301.17033556131,947.1705122662758,805.7913805192782,122.47546339538906,751.168757992532,13436.7628035794,846.1440468118168,723.0732310044575,0.23409400887973755,8.419120806935709,6.226162911457256,0,yes
288.55064641849316,256.1624584191431,288.4393961400381,228.9223304835495,4,86.8552109007439,939.0827737507459,15431.093695480502,934.3423419032115,313.6358868118834,599.1570950488826,945.4713948013468,13120.280395100872,520.3044074243975,611.321691670524,0.26921458127353587,8.039045511223032,6.030158160652092,0,yes
273.15870417279797,389.4531855665122,225.904884047052,299.62253896683774,4,76.02079398104247,604.7564698050509,18744.73790087134,943.6633772756326,954.2438940685438,3.6907709369866097,752.7102585256248,12495.516726054339,254.28572214797293,630.6983441593317,0.3208522766714647,9.622760111815193,5.605463078124211,0,yes
296.5558158240594,167.9954838032646,329.8549251923283,283.46683872487,4,50.649244962703676,920.5177268698059,15107.822941095914,985.1561667936155,609.7530976840071,310.3170723644621,736.1789707188808,12050.384232265369,283.46464187664645,667.998092080624,0.24960235600231753,7.880173507150032,5.432159418789806,0,yes
269.74068562465516,178.0634440271822,355.6122223081105,263.00818081761633,1,75.55518618993787,670.9965115930827,16339.1164652119,961.7659699160452,941.955727740345,6.7114353435894145,756.9222056683038,10088.157651010279,613.7042274619864,663.9395343122085,0.24242377311537278,8.436887101034483,4.791050889184176,0,yes
287.4942391290391,303.8952135355653,218.65913543229567,230.18697892341908,0,79.64713999826003,993.8180772157305,16114.639384447752,932.5022847620378,861.5268075427301,97.2759745229364,954.9137275322332,10400.767270206556,786.0952850948014,629.0589370641229,0.2575643027678372,8.393155472843215,5.061073821932209,0,yes
265.039559088048,375.6282225636582,134.07437691663657,294.45578222850463,1,89.85056937636391,783.0944436925935,19678.630202389344,964.6882352131333,216.45628654817375,713.2873346579736,705.3936062020746,12554.418325012351,712.7085800029649,612.678264916028,0.28463431332101885,10.13179642650581,5.787239794513346,0,yes
258.60435198278356,196.68172461379174,250.9623981734863,225.77690046154427,4,34.58845703660045,965.461518934318,18115.212066199758,932.3052719875376,842.9640934013553,133.66313310577596,750.6983698750378,14249.326050926695,724.6369810154141,795.4555037548531,0.22693610324381558,9.386875709287404,6.518686962542265,0,yes
255.78451658786258,342.7847904407421,314.8613173024777,251.75532758450166,1,25.126378688595324,833.0990880092415,18565.248714114798,940.9266966294016,213.5490398063035,737.7357517843606,786.7902487892799,12816.601784468437,115.23639664611282,676.2735663514471,0.2898069789659643,9.583013633611428,5.696969414131207,0,yes
236.5237847896078,345.6157552437964,362.2513829899722,288.6187805013028,1,51.91543065736725,663.4971791890522,17019.968136438707,920.6811843980635,220.28166654981152,756.9204900265306,820.8470689745441,12937.913906998952,812.8190194392364,720.3976741259312,0.3087220784297248,8.770029128709,6.047545671676865,0,yes
238.953249254024,140.37617613058978,286.1140844036654,296.79769442016527,1,33.52086587332071,813.1298848052695,19039.75935996573,962.3822834675354,472.678105208318,476.38419101214606,986.5255893346114,14720.511051030579,595.6689194122008,784.7559202197783,0.21102962275817214,9.818746297844644,6.744672439111677,0,yes
272.7185377523556,279.92996084626037,386.34538545141953,222.86728675226914,4,67.94608182028085,740.4155355455368,18211.72800883998,904.8319795624427,341.87914817733315,611.4280594085121,999.8055559136869,14915.155699632789,136.72678787122294,633.2966527645879,0.2927090970922438,9.380664461794545,6.624835710784181,0,yes
239.83124415772144,379.58359391578557,232.09817074086217,201.51605267100703,4,89.83927597520966,933.2480751547171,15948.826643232129,981.1858357718473,79.77610435105325,909.9333911645078,905.5607485936066,13946.466235995897,363.7410354253741,628.6533874872598,0.296044060360603,8.303031370732421,6.29488923713268,0,yes
210.25386004781092,344.94743536771955,116.69617711318132,225.00411885813853,1,79.67219527531338,637.3106114405617,19056.01994915197,967.8006288133151,621.0999396482721,346.0978909556079,807.5692238469708,13215.039217877022,420.82601460990145,747.5976709666909,0.2467928000133171,9.78880955071149,5.998511767003846,0,yes
246.07474225863905,195.4243510624388,158.8607881287363,238.3190061954403,0,53.95072030296511,997.6216817331667,15149.720226566658,979.0064405127043,849.5598501005584,80.50995657899398,713.8741308260319,13992.43109102701,142.45082037881494,603.885000821588,0.19537040898870872,7.917980106689284,6.136632353510541,0,yes
225.67103088056368,373.71018345666863,290.5746489012843,274.52633974961805,4,93.45176474276313,634.3941777318169,17615.82920335551,998.4071503960035,867.0381099885099,34.368200648931406,930.6273294094553,14223.413877646015,816.1211463393881,795.2221981081199,0.3186574086219014,9.07231603203559,6.606530160756432,0,yes
239.50071639850242,126.79721803259724,171.77534524611434,249.8354555789218,4,81.19113302882445,964.2562716973757,19802.87641392015,952.376288527868,55.423483266525444,851.3939472992384,830.1401641091516,10271.486875887902,710.8817449370457,690.6289709073787,0.191399510678184,10.233187615183859,4.930318817744407,0,yes
236.37690928415532,167.8879441372356,196.55466508927725,258.4540237875276,4,99.3411386023602,709.6506884538209,16121.083006306117,996.6984474733481,678.9854232659745,279.44169304169463,897.5809331562336,13534.2069136981,148.44592382923497,759.9074557421934,0.21640326619438213,8.341192175709145,6.053658990859173,0,yes
238.95268212313613,117.95262816103835,216.09645122446054,210.17325489192604,4,20.849722159416704,769.9768127999026,16431.986043560184,951.3302909686606,67.73136426871305,880.9151320885549,925.2002418179222,11173.922565686387,128.3282926070572,744.3963559010964,0.18113929622571107,8.503716432183586,5.109137404305232,0,yes
293.0415988024712,231.87543511121598,398.12486671010384,246.31046645524322,4,69.40427572003304,833.8944591404991,18425.991389252264,994.162450377314,644.8632292563741,344.9204097528766,931.1494738807893,10730.607834089824,584.5243872893975,608.6387060454059,0.2832893030501645,9.520911802733153,5.104492409096393,0,yes
282.90419165672387,305.1453131594753,320.77590029735495,287.5673599009691,0,36.33598221395574,639.8959062153272,18639.21050906738,936.6685905349547,858.7850344915304,103.85857996352672,941.7312175074063,13465.874504245197,629.947743644745,788.4089322165578,0.2839377823661914,9.576684364810298,6.240970194533131,0,yes
217.05333919824287,251.34192420046787,289.88500420883963,234.20446565656584,1,48.175111909872264,772.5597373626995,17798.72173815815,936.8801766486835,210.21919360935414,769.6089152712782,796.9523995819055,14867.255673543692,276.6458261465747,642.455991611877,0.24272707024601772,9.185672831597092,6.585360507420575,0,yes
277.53422078617757,275.4381130031899,294.6622397661188,256.78813736861576,0,88.08000440626546,959.4566929856171,18982.874891244,999.545565844686,703.7867324767363,239.14509282558186,744.796353537134,13294.760139293188,880.7380342376387,795.2788705244184,0.2665012313707973,9.828605683034406,6.192272663974837,0,yes
248.44877491294838,331.9146720712899,113.02993346399829,217.56976262257723,1,60.768118774452404,662.3269813480795,15427.755486319506,949.0097958939077,427.13954349959937,479.86658395924354,847.2323801986149,10292.623558106887,296.73805582883955,765.6885083369292,0.24180763305734218,7.977552297778399,4.7899227793944466,0,yes
220.56768566366304,101.77696329866488,333.59302100153246,220.40808699894637,0,48.18729539595559,869.3317234255808,16995.843966039134,978.8338066135215,320.8930823836572,631.396748961565,760.0078539265611,14883.420621517555,344.1961554757006,627.2635407000748,0.18532866417084268,8.811694029978911,6.598281660082874,0,yes
260.662468938928,213.5434732876418,191.6807989742802,294.3187033901788,4,44.97027638312311,833.0660445427507,16905.4328991016,902.9408279916239,381.1918234688665,545.0591651784396,703.7315470075349,11319.908616645711,871.8014263951698,637.5545909673933,0.23709802524101223,8.747900844159764,5.359179607379978,0,yes
289.5546832365485,138.92254192483495,360.950214605164,260.6670320670818,0,85.7729440924898,909.7185948477572,16255.289367780742,984.8272498037118,566.022393579607,383.5977364213677,717.8910817416877,11457.074738383983,211.5724175171449,617.7818325548224,0.22716083414149027,8.451401650257052,5.156241531010307,0,yes
296.2810971101146,126.43896933135619,385.3900549426172,227.67100158694564,4,46.45422335516815,759.606007594329,16341.959985388397,940.760236562069,470.7746205887564,477.941979402505,737.3599704977012,11872.483095634265,303.72208031262505,619.8470174429293,0.2323655007510281,8.454948091443393,5.367197607298763,0,yes
259.9757336334916,317.491622330861,140.2308459779187,255.968295794776,1,90.34081615726001,852.2509346026878,17801.04809235377,938.3768765462868,674.8857591789682,252.2126472200241,782.4516359988065,10815.727404675841,171.06442971370655,625.0635018507726,0.2543344386012954,9.204869237980416,4.907183331263298,0,yes
239.16689137700894,169.33889407700417,277.0538323085624,279.453294279735,4,95.80816058475773,794.2892391710459,19023.96441962376,904.8508684263384,585.9089549777307,391.60118718702654,761.7802340648369,12620.418527159658,832.098744650685,641.1724803510444,0.23719151221077447,9.798750860697334,5.894249267460023,0,yes
250.8044639293286,359.57461295260333,326.2342272062207,242.33676046744483,1,67.9012619768533,770.682975892385,16105.632905656663,967.8899857118017,78.03245945059695,832.8024237179577,746.8554377921196,13713.675850711723,512.5166615598569,661.2218790948078,0.3016604642775551,8.342978937344036,6.19121562328173,0,yes
207.04592693484497,282.66037143769296,271.3411873847664,207.18866565638703,1,64.51298668475597,952.0044812898966,18550.506244670392,958.4722775424691,422.40094112310885,487.3411729020936,782.6160915045708,12224.375521088881,596.6518515680084,733.1282487084635,0.24693308455002114,9.605028653360291,5.652788840291864,0,yes
278.62306192981674,279.1722350970042,110.23179075797498,228.7683430573294,0,60.776046188390545,985.0618424522647,17351.219659225124,988.5337967326734,203.5054481410958,738.7097924058186,720.4226250691489,11159.726916978916,441.53643799451675,620.3915637493255,0.22220969471348978,9.017145991646977,5.129623509402982,0,yes
253.7649576480305,108.73501257186086,256.9438763081563,223.695543103086,1,32.99801433161184,618.7706547948615,18108.743220314514,950.3714306055613,353.9838164653709,641.6732469207636,720.4224582573326,14304.716754833154,200.2920130134192,759.2092710035281,0.17972546651518126,9.308731251832594,6.316793601604553,0,yes
207.02334748835597,213.01429551633112,120.60153391677736,208.9822753435432,0,80.84262793655415,899.3485432506629,18806.648003664064,935.7938023531563,497.3707388618073,442.6673853034916,895.0156766775507,13479.851208854214,137.51760596687427,744.8398805238671,0.18733571386109263,9.717965199389354,6.021986809465173,0,yes
201.93788496598646,265.8426825217471,260.47322541597015,243.22859687719202,0,59.895946788943476,896.5967775131385,15708.554296010147,987.4755999189765,786.8004119675885,203.08313030571287,741.4869496160745,10251.432155867617,122.50496095688268,751.0020386971692,0.24001543461748853,8.175419099328474,4.670898158290287,0,yes
218.85540962567995,396.9694120006349,241.93429948913578,247.24546307223466,1,23.282064825629813,748.7786988269395,15387.336628643678,932.7819100161677,282.0354923132179,622.5505118088082,960.0839492781997,10339.514303902897,508.3173551203929,645.2798107199311,0.2910950811642092,7.974141827220671,4.922219797489922,0,yes
285.42304098545935,166.41194682291217,107.01340918806928,211.35654540779097,1,84.1272284652926,941.4050410628195,15644.88818588777,938.81441287287,296.1201206633188,677.2320735550306,856.5950266056261,10247.859543784001,843.6126414122314,776.3081088279359,0.180776727693598,8.147087747149012,5.005037589437344,0,yes
258.1718048449312,196.2813957126071,165.10405764953845,245.2974870284231,0,20.49546741034583,727.692478338179,15675.187400504701,927.6822809584161,123.3909752827631,872.6539391924268,940.9186078328332,14079.889978510335,892.0051552368135,730.2864023436471,0.19568259287214076,8.112705731504725,6.58795940623456,0,yes
260.7136087042687,118.9928721501236,322.8334446184781,298.96787069568,0,62.146936242527175,992.9951614918048,17883.523985606356,960.9804980762278,127.57017117699145,784.6440763709476,713.1564888631601,11170.61269028171,252.92808458350714,769.090107093469,0.21260371627368377,9.281322426215924,5.071128350545289,0,yes
279.34571700459617,163.60306202087747,350.0427848607882,216.84167021459405,4,98.2437518705133,773.0997487755993,15549.141101077685,904.129274963801,850.2145018164125,81.62039977421625,791.8277700700456,10360.851666736264,778.9933272350981,768.4572671358069,0.24236172661835892,8.056522582291402,4.991718837379157,0,yes
250.52974717465347,335.58866704181344,148.08543446253128,253.5174682196741,1,64.41588647651709,787.5705267652252,15479.471677724523,909.1408019555422,812.1990978633785,185.52371399167464,748.2165239621576,13339.869577837271,193.22078110734608,778.7982782700939,0.25819955750907825,8.02559208122229,5.942041758384275,0,yes
225.92897122115855,208.5905455410214,339.68866818293714,206.06911532852186,0,69.42281118293285,825.2394325041773,19649.969858849523,928.9522549452176,396.0514331442331,575.022235998658,950.1136786417244,11631.309098574418,562.9953815857691,678.8120399792689,0.22975193075139722,10.121968708668321,5.470347232682364,0,yes
240.18819385983642,357.4536648196691,253.1535825094683,248.8782228662373,1,31.526132855219224,956.7286672707512,15666.464934899679,939.8587704266657,565.8671186827299,414.3708441495771,981.1947025013832,13252.028480720051,642.1940852071604,665.5390376105031,0.28159000194190703,8.161531977295482,6.16226926237025,0,yes
276.177788319908,325.78907741435,127.33883998653354,259.25249912720324,4,59.161361218392294,735.2115563379806,19794.827078508166,966.1903405497358,223.10152354994204,714.2852519146318,913.7160722195553,13138.928410601347,839.4474397684963,667.8156435073836,0.2658620656013102,10.179480535816296,6.163333449446776,0,yes
285.31565473248406,319.3608351172141,298.5880007166526,226.0869978230276,1,86.5749525537053,992.7089876518098,19630.71408301183,940.3423884163209,329.88316153417196,572.4113642777338,848.2583856473578,13044.467791890254,564.9505589122454,706.6538085419699,0.28351149955437194,10.152012018598567,5.989883103072168,0,yes
249.02601972008023,254.45665121154886,233.95496475373022,280.46358310966764,1,91.58748190197277,821.5462159685005,19357.656153150736,961.2829471276117,824.2475730567274,151.72902479791992,755.2459369637799,14705.959076494517,614.6646318495214,755.7353325022773,0.25153630325693793,9.979427365432022,6.6537803561061,0,yes
240.2924129586472,130.86965342477293,217.91458719851346,247.84842290350466,0,96.68036007732486,814.0772827857279,16425.20260011558,968.7903119911879,432.76653729363585,562.3077098273673,949.8153522936109,11279.01943946959,401.5446007779311,672.9112675106559,0.1879069392399068,8.512564041440154,5.267278783596119,0,yes
276.2994371163335,368.501255810758,116.67273988071044,229.2920032199437,0,59.82817988086855,741.3701521587386,17795.485370016395,998.4262914478612,742.8858770559746,225.56640561205882,739.6845650959746,12412.428846309058,635.3161796805867,641.7753607533431,0.2589208444908753,9.185634100010812,5.7223294336011685,0,yes
258.3080120709231,117.28554841423369,129.14812148059428,212.85661783731746,0,96.65070944308621,795.2502638547461,15817.950988574541,938.1536455948581,417.3732223820522,573.8457123412022,705.7865881735746,13017.561132723691,210.8020906517149,651.4478146405389,0.1599957706096754,8.2005148212057,5.7854347118818765,0,yes
205.45633201116237,147.2092209403907,148.96612664539617,207.44086032726364,1,76.71958177687621,845.8514462131425,15625.844564822559,983.0866406051506,626.0983067489182,300.04909966723164,817.6851288477305,12371.850461613705,868.084168267402,650.0117310659876,0.16966213877779313,8.121990206258394,5.825667924732375,0,yes
220.4813538339391,149.3358022988405,182.41632753195995,249.05113329812863,1,96.47129277479777,622.2306780502533,17728.611053355984,996.0755025424835,868.6144635582676,98.64779331990326,930.7687971655524,11009.793310991266,456.1698136145502,601.6248191142159,0.18990536590569598,9.125733786408283,5.160643081816406,0,yes
295.3106426559829,159.7909157260567,177.06246802897226,268.63502258740704,4,49.75611131948752,838.8346630658642,18587.519794551725,950.8202624038445,645.5034867747215,332.0008838747731,803.3712314849431,14072.751617613969,119.004992209822,768.3085196845573,0.2125255783282035,9.59679709486074,6.22336901715314,0,yes
280.006994473551,188.08702184460498,246.08227868068687,284.90199659086824,4,42.67221446783762,824.0280873786945,19721.75860678282,984.1712766430486,878.8341268532348,103.97285406237927,874.0622041107374,12180.019433666546,877.6893445550533,754.347478731771,0.23807209225714634,10.16519723476797,5.796901302889339,0,yes
239.88209099292993,163.02636385610236,223.58339905770424,236.83203286159954,1,74.99516222403315,894.2105412287247,18181.538008241972,916.7665753817199,728.2925308921222,239.6738754436442,908.0074417693783,14784.235481777472,271.8217035732309,625.7392689659648,0.20092121521504222,9.40163843586993,6.5908191721621,0,yes
203.15864931449437,187.37030019859753,273.86544876115715,287.21834702602246,0,65.58009700580071,940.0558719859415,15230.535784167552,944.7469427307082,457.7445590333537,510.78141210884013,848.3311138763045,11486.545268082038,267.02115822388714,691.5475248928294,0.22097147412256563,7.940417555519716,5.2546640701599285,0,yes
216.22383592139508,146.79640359343654,247.26881035146295,277.9931491378517,1,38.93539666133073,660.499120071014,19264.37297297372,955.9757859466761,312.1594020999876,630.6786751390149,845.2601330198247,10009.811586109667,362.636433943676,746.3768051920662,0.1998773220410158,9.89641988049191,4.704704925652943,0,yes
248.4765549024354,244.0126829014338,104.42650943544655,296.86369219260445,1,82.90057094880848,907.3118710838946,15693.930675793192,953.3638217837182,634.9178047138656,276.2107218545302,800.5651849712574,14137.267053257703,428.9908549436686,722.7323065323085,0.22357112492308373,8.165830609537498,6.356872811989219,0,yes
200.55156508014343,179.83780828559225,101.58460694913047,262.3517982915312,0,71.72168160898157,832.9077868678667,18336.080257356945,940.6951853761824,673.7933803143129,314.6861986431305,986.5807887551848,13908.92082366782,479.855379595352,631.6540542271056,0.17897219596587113,9.468354675259857,6.358946578925007,0,yes
229.50603319998078,241.43639537668244,322.2637494490448,246.54021202588604,0,74.98736857849671,761.7848215254498,18706.88771789128,904.0176273649965,600.4172389356686,370.5733869560811,706.6007326278565,10484.540801153391,445.9957775774042,642.1232483454171,0.24865094461886172,9.632867596369014,4.86260858078609,0,yes
251.00998801997287,203.22816098917002,109.01908100946733,220.4822428119916,1,81.92645241086704,886.3073309642812,18987.429842542697,998.1864397676303,866.2309021753343,113.0966256473447,716.8640880645081,11618.699371560066,513.7862292224472,715.2517743812406,0.19309737561587276,9.814009477656409,5.358266848784106,0,yes
278.0853118799673,288.3129791122278,332.7207828631733,292.96978779623373,1,71.60053945274386,706.7348835724472,19862.043943287557,950.1126751027581,37.97737199313351,922.0646739829651,977.4401277516183,12611.843647392525,370.7024496580119,617.6530851653728,0.2884968201838359,10.204592924754582,5.787038872438915,0,yes
233.47825518341813,314.735809443206,237.35939625067434,212.4519269713535,1,74.54823894416461,869.3061869534306,17837.388517947613,910.3037236891128,271.4156490040212,636.2142495774606,844.2114888061444,11856.00440092735,794.3594407594493,757.3002790850155,0.2586187830904137,9.22304315257414,5.612083626997432,0,yes
230.1531539231544,241.47287077323278,137.3567283561117,233.03652372867953,1,87.61478021157674,808.2951500582163,15402.617073817297,909.1119298096577,916.9039900671776,50.457560952288986,768.2921630865675,13996.846568186864,746.4811182402742,649.9576494382696,0.21465298297144886,7.9917860181624585,6.412926713015097,0,yes
255.9480911894542,344.66127451940883,298.49841611732336,274.94154307832116,1,94.72089447142639,621.9730669708778,18940.81166249562,926.6898986814232,35.84980659060248,924.7320849999808,964.9104837348359,10452.30044189477,829.9769515420568,776.433859187778,0.30069187806810943,9.722211912592737,5.122940165548287,0,yes
266.0172409184579,139.94758526621803,252.5842333589876,273.5137500793973,1,32.890554452386894,733.2207474004903,16526.75264683793,985.2506835486639,928.338577280135,46.08816637200778,749.8478333445416,12484.284084416533,867.5020439169568,661.5156474833152,0.20283868203891034,8.547638517711173,5.851424050950541,0,yes
200.9979874371354,146.43856759933328,326.88653677907246,200.84441819308833,1,97.87736802932474,687.8478134960839,19320.536838148844,913.6546986874226,113.45691983603187,818.9364802346824,818.855705968599,11449.067838648216,475.35166179849034,797.54225394127,0.205716905371238,9.924689833984544,5.320321731274502,0,yes
258.8768882915938,103.63067738929949,128.78459262909038,240.2402531209509,4,41.307402087120494,777.8231864426243,15256.745596499344,959.9663345632387,827.1209386032418,155.33914239955857,874.0149635485774,13788.092165596418,202.44346750027304,646.6750721731496,0.16905171685209539,7.919029899962957,6.155755990387813,0,yes
250.9073322793269,213.46780731841093,311.29202077773175,235.4748622669658,4,80.02887127490179,662.9039914902088,19519.44293314796,900.2534252494797,414.78785737856134,519.6535174075161,897.1521170385664,12717.89227180818,888.064395138955,621.6729046353219,0.252394753893759,10.01684766809916,6.001292982299926,0,yes
279.8488755172555,225.84727344493587,188.35755326916222,248.79985648724457,1,46.661744751175036,710.755658553245,18167.79829700934,908.0106159524946,167.10335287849088,817.3735058396006,905.6306312716755,14084.038385769389,370.83102960544386,698.66490067137,0.22289223347516876,9.352586966538363,6.361249109613637,0,yes
228.40581714278244,217.26177194628863,140.15305897367506,280.5312458732435,0,42.49609088602466,616.7082792926697,15499.299297177293,944.162058811989,175.54676961421234,774.2491542632881,912.2368352860792,10035.201709722978,542.6999584481703,777.3871299093887,0.20513378822875716,8.002706970484525,4.8187624585403706,0,yes
203.92313518659859,385.2979153356805,252.5378857497421,271.8024459365799,4,67.41338930232422,949.7735357149522,15330.115538261873,972.526476584618,290.0049922660118,707.7419654905987,767.5004260876217,12945.80140570234,258.0675716527786,609.6181702402478,0.30912076824963114,7.996260848683527,5.795760140145436,0,yes
275.5835291208431,226.9166835951837,233.17628097448608,298.0504512950249,1,41.249590841441375,642.9606656913531,16163.957563488859,967.5512271430755,830.5520864407537,149.87698661124398,924.6510949535032,10519.007810870331,631.2906331513404,657.6446766383173,0.24091352067627286,8.34397645596264,5.041072460401446,0,yes
239.92390693975307,175.48564040486093,117.4200866572852,238.99148370889668,1,89.30522742950797,708.6404156590971,18021.309533194577,996.4991593203641,345.79566294027495,565.4084739949208,969.3686035103688,14045.330526563266,326.9851567523184,628.1358802256534,0.1869088953865662,9.291055320693168,6.334387504936848,0,yes
279.5803232905924,326.3150051238368,376.10714433084513,266.5213613828357,4,49.95639305616678,893.3980663660111,17577.673663960617,901.2387903346438,817.84595920349,94.68009120257773,797.5401191107446,13620.042168738908,654.6636863317734,764.7550278035029,0.31655364925631746,9.097402462055328,6.244812769937042,0,yes
286.3036802881565,247.11521148721155,150.92832609038354,293.9164482983039,4,96.55118908250009,832.8643458742307,17288.843617519018,925.2892929630368,243.2945910536284,751.5451336728103,738.7188539450806,14368.382868859619,240.26492831664282,690.4386945422286,0.252027060413365,8.942614303125978,6.356347891204096,0,yes
271.8423201756672,163.87770319982977,209.95361691095565,224.94569296840655,4,49.68933952647589,714.5530312386584,18812.32517199673,956.7889129378073,59.20418367099652,848.4305372054663,869.913820829312,13493.311190460743,234.4506856476765,765.0501934131609,0.20901960349594126,9.682374350520128,6.054356198929931,0,yes
209.6639792021178,198.58079649913086,178.8643006421977,294.6080699886873,1,32.94303228352628,926.9817996473794,15071.697566116876,914.7193050254228,904.0806864227264,10.405169052874726,938.8831177637649,14749.744509192773,538.921453037936,706.3961980060114,0.20865200603255313,7.853895929167973,6.699461898997379,0,yes
220.2797817195605,327.95571498602567,370.79306125419305,265.21246015549286,4,23.290402778591968,941.5038045045188,17607.74095449673,985.6700345039782,874.3690125718833,87.3825509683453,707.6396848595003,12630.19549024028,367.57721048494955,715.7261236070287,0.30503564821681406,9.134997573154806,5.698327221547879,0,yes
207.50353063178397,212.66800727964213,116.24307558387002,217.7875724887308,1,69.52776922312964,740.6368971120762,19972.91965021319,941.2982537465298,530.5336929711189,426.13699399251584,715.474994948298,10286.595282831457,215.6611755130995,780.8103320371827,0.19072450233293575,10.266299843259006,4.711202910237711,0,yes
280.99984708595105,186.55593763261868,109.90508025151308,263.3897668270694,4,51.97416023995699,759.7279060325075,17807.012716271052,940.3963788177889,591.8782130902587,321.6264502342865,743.418162035798,14595.682809992692,765.284324715243,754.5038559850223,0.20721668860786435,9.187451537886735,6.65643773026632,0,yes
213.4140775153693,187.65888938402998,300.65480827135974,218.97836363634391,4,32.244139983529635,601.2485844209139,19151.75745013116,960.2393620708516,972.284959880225,19.43653241047423,899.4308401074719,13684.94489063722,839.1695630322014,720.8674144764816,0.22590090758045683,9.82778919453171,6.390404797855385,0,yes
235.44669204559958,225.49262573677382,145.35777201036797,276.8348697489195,0,75.33257311850315,879.1193217891096,18869.180131153815,913.4370754121416,297.7168831353187,675.2047663983476,830.374633899482,12307.025557981508,208.9802719013581,755.8241518692348,0.21374509833353872,9.741585302311567,5.561574251492528,0,yes
203.1332664895678,199.05887690750876,182.81978116440183,215.33983311986705,0,98.00483371068175,942.0898316788632,15322.416569671883,990.0054614905275,260.8497035476102,723.1755378546859,906.2732311883501,12058.224439097055,207.19824715070797,631.3503685798255,0.1971362052496263,7.99307036087779,5.47682532324681,0,yes
256.8186428117728,113.53794341666101,397.2423587643789,261.3812898130524,4,72.55963317369907,871.4760252025408,15044.66354536352,998.2439627326119,531.2837231893304,454.8490781401059,798.3174133821541,14198.41327031123,117.20477953425421,664.5472519315942,0.2346025918465686,7.839278656715395,6.258362497220601,0,yes
294.2331757092801,387.30354878138536,359.620094969781,232.45756514816676,1,24.898939299164688,941.7962588659121,18927.5126908338,992.8194295601741,246.38781783814133,736.4588255796092,764.0970670098056,14682.077837920331,686.4029431092201,777.9371719803241,0.31754600930719945,9.795941484835513,6.680372514504796,0,yes
250.83334118868243,313.1257654183311,223.4913294822332,243.68098943207758,4,91.36259892877386,642.5570527701708,19753.070872756638,906.4140773422952,682.0423849053171,256.1102061113205,900.9373156682541,13391.007704110709,277.04524704984027,656.5972929311132,0.27775494083550695,10.13005585460921,6.032725323976986,0,yes
283.3199128668181,356.49225941873027,350.56039461038364,233.74148750963104,0,50.66214082262291,753.1384648600647,18201.692131886222,981.1568379777625,305.5440637503351,692.1619607326254,712.9228474370435,14627.253954757742,885.5321437314856,782.3773818309415,0.3015215592461933,9.388948927898731,6.720278185920559,0,yes
238.59203754710435,251.3648186170723,220.27851152687165,240.33712742359222,1,45.532846581995024,851.3075089834023,15421.25461312635,984.4719835089312,144.53889587578195,841.9762663457975,760.313019283337,14176.925951284065,826.4257012959263,781.8715453832599,0.2324299087940649,8.021115002533774,6.533840652183523,0,yes
214.93073952909936,339.8181101491164,369.834467135159,210.70119775787015,1,41.431740648290436,716.8834864137089,18539.357123011072,935.4469759948772,385.92336372647543,523.0834969383175,953.4726650266934,13424.765677563131,242.04943520752443,770.6735067375389,0.28829125269707556,9.543470402169156,6.064337716598442,0,yes
240.84262681707878,208.43951270922608,206.34041021274197,289.86686406877953,1,39.6395141749323,972.2388604809886,18455.975174822473,967.8153306714491,824.2349299987745,87.02700981316832,742.4435400481756,12672.974768396554,360.9327579815851,625.5432770763355,0.22192183020554893,9.563701551891436,5.7079233452490294,0,yes
294.3111872635483,395.79619136106993,366.32809328971683,219.35147550404153,1,75.04567094802876,730.9402181792582,17708.970003049224,905.629051419806,383.767926456315,559.8335389541683,808.8602692272729,13599.629403571602,242.6577565336074,611.2767342467661,0.32597664357211315,9.127299774922799,6.060409143313738,0,yes
238.86966948538927,367.9304505713007,129.6382310418788,286.1368859285599,1,49.78248690211311,701.0230671223295,18938.033972249228,990.3576491838464,255.1148478913992,694.2885935896051,996.5036050936501,10647.218540943037,327.19982872792207,757.6106940333707,0.27065728777905995,9.746889210281257,5.008386400455576,0,yes
245.30399667212941,200.16393121726975,135.691388544824,251.69171255692086,4,50.66281986249024,964.0770594505022,19176.39811106851,979.1016435053209,190.10956189115737,744.6753418379867,856.616596228233,12079.59588847196,356.50084691178137,787.2280972889571,0.21079618695509467,9.923594846912945,5.539045042954811,0,yes
200.17912353891427,363.0112330779432,192.30183383954096,272.5213471475179,1,20.425302705271065,859.7731077584692,17542.5952416545,927.3600003443269,121.54903567836234,791.0855005520879,799.7431494102972,13345.815497621566,195.5009948800904,752.7070321416643,0.26992434930161124,9.075827430864997,5.9507496701632325,0,yes
250.52277962806085,243.36420663301843,351.99339537377443,221.71704504704502,0,89.45208579469785,609.5364550880015,16736.00667679087,961.2258438596161,228.48431053381398,700.1143276676219,852.2566764337134,12367.705293153176,159.27392275815635,653.407701044854,0.2548783963155077,8.621849930939604,5.555095260000803,0,yes
213.10722007248097,252.73991707110653,165.0144966763597,204.70255382648472,1,76.17286835391755,983.8863841569819,17879.438300515634,943.1311697257443,912.1542074062152,52.30919746588688,738.204412539765,11713.184174719105,393.35476455670937,713.2884033098753,0.21543329576995146,9.274719097110978,5.354111291968061,0,yes
296.7489348559722,358.7093667551943,379.15631590117687,269.1598348224476,4,27.378580506573186,639.2840960115694,17795.691572781623,998.8881140551807,152.29539789913966,755.0544584355406,895.8785518882434,14830.048440120772,826.9883049453883,779.0463750770302,0.3299865362922928,9.16338027428915,6.8382796485474,0,yes
287.2943347207099,289.4229730084112,326.81192454305176,295.3932163531512,1,89.33448026218379,800.6330714119555,18630.30964116133,963.5212623213149,422.1084078489888,502.8816206722661,841.8406056035321,11324.758028775948,575.1599510124076,626.6834636054791,0.2916400913588306,9.611385520553346,5.296112325476466,0,yes
219.2946185391741,284.71303408472784,279.9591832433698,233.46542639115103,4,45.63214347851363,658.6924461001487,18768.643483047155,936.6692828986073,537.5063135180118,385.60895516057803,755.6442044668682,11808.862535820363,188.10139044022085,735.8672644158023,0.265905888696974,9.645506153611992,5.31456579482601,0,yes
223.99076217104113,107.68544677053676,386.91724853473056,232.13372854761792,0,40.393527541189165,822.2491975382552,19760.16398111406,991.00799098794,71.88555038755925,904.3954411851444,965.1111140368673,12794.482331260935,733.8356293463689,671.8990517569251,0.2001547084585404,10.184948723432882,6.009762209394442,0,yes
257.96810148553396,135.0382568778483,257.62845614246055,257.9430920843981,1,50.773513508672885,600.7039520430209,18193.24954361107,996.3514925678501,682.4960846799194,243.06533872641603,752.6484994685192,12164.500055534732,882.8888379439431,772.1973167093648,0.1999989280053377,9.353412225332606,5.738703858440194,0,yes
294.4338557542551,226.96980131294288,332.93963500528656,210.75053046586996,0,98.99647652166674,954.3176009074119,16423.751247264245,992.7254918384435,396.71807465130513,578.2900754174877,781.1661910903671,14914.68513904803,459.18924711033003,627.1801934859009,0.24907576627695036,8.546917319551941,6.668370543402377,0,yes
279.9404511245285,264.49551903624194,178.68970587299373,258.27020519654565,4,61.166972217220234,774.282034860616,18250.96637819408,998.9197596929822,655.4196370740264,276.22531801181174,714.9193534732349,12815.545543577486,178.69605877011765,680.2034305749005,0.25214693597152915,9.420742226883947,5.691002210843165,0,yes
245.81986909016265,301.7758281917179,200.6526726943597,205.5020465204252,0,66.85994917779868,959.0053020036953,16692.677678054177,904.0451561968162,207.66747273922653,784.4091537339127,716.053942813726,12910.443704983172,469.82591294311567,604.9684686411271,0.24129657264415535,8.67026083930868,5.844348743151884,0,yes
214.77073155603597,124.15579046106588,314.5864394120151,273.34927594120046,4,34.26745266217813,792.726010830831,19262.418643542736,970.9592415843717,125.82978733822331,843.3484425754677,880.5901501884517,13218.555442591089,354.7991359250409,660.5532073549739,0.21458571716814548,9.926702333576552,5.991496988874646,0,yes
254.59239990629868,336.5880187992933,289.1373725542619,269.4939387038072,1,85.64399154205267,862.1176151430432,18096.423514230988,989.5719477155211,266.5803660899498,691.765106745693,839.954078464247,11811.300140583338,504.35879176902995,748.7929685635216,0.2931878305392384,9.361842461255524,5.482321273967964,0,yes
299.14058461838204,269.7292509541286,306.0462644368323,299.4543411573669,0,89.21480761869799,958.383847282952,16734.830106135443,991.7161779651288,161.6841569382894,830.2883436880659,761.537117866852,12856.211132764367,675.6205538071438,709.836641606225,0.2779079943237543,8.703250128811185,5.936910411838272,0,yes
257.6225830111854,399.62988438923253,182.0072016732786,221.10275034609228,1,40.4293812667666,699.1998029884259,16323.984336297915,981.0328435127348,175.04417393465894,789.47176530021,720.2928633120699,14804.12985143557,256.6448008010318,771.7267384415479,0.28199940463174494,8.438171692024206,6.536406576986323,0,yes
228.48315815632824,178.51866973149873,302.0126572251104,270.6221437833249,4,22.640258514727087,719.2928210288867,15123.991158222523,982.7379040855138,892.9308306102863,22.297192576334965,760.2737771030957,14483.093918018203,416.58899632866337,638.9029753294532,0.23354098896112724,7.842835453878529,6.463654216260437,0,yes
210.80805640693603,355.4135030029351,167.1177635111946,276.4914735561911,4,34.81881090367014,789.1811514854238,17697.51889054322,981.7980652360337,56.76519028619858,853.8880759850813,885.0263813652944,10670.886118570847,670.5157309958105,786.5258877786382,0.27779260390195853,9.144960917197814,5.109134842212931,0,yes
266.2189870205402,111.17035976097802,148.2176488236108,219.50667115996265,0,80.32396153637681,982.1288736899321,17185.860260852034,997.2411703175354,0.5546863336343292,950.2622752353805,810.6458437518481,12086.24333824366,774.1483564259794,701.5799065116234,0.16164124302432648,8.934997383486643,5.681202543681844,0,yes
247.3376004717308,355.11937862401487,199.5783890506499,274.8730042297037,1,76.22698076821163,942.0800027872222,18525.911644355034,933.6788312325124,166.6373169821056,818.722464427124,722.6529926363795,14394.654875253531,244.71872858904203,634.4226126660467,0.281662892071542,9.58704940001662,6.35354417246464,0,yes
268.86050715283073,374.06355790858225,129.2324472123336,274.56658559449875,0,26.802848039248968,976.3909675885193,16390.141923089264,940.327139842454,899.6112753739288,2.493957032629396,774.9097632700984,10965.507803482791,723.8732999775958,611.7330976844365,0.2676200392176315,8.527957187507395,5.180047266639114,0,yes
291.3579951477585,294.47274869188726,153.68287617730476,254.22779316283228,0,50.09098959335123,667.3557463110884,17830.95043073491,992.2094821349972,127.32331348606532,796.8045853723305,945.8718020620464,12392.327678862937,574.1173265027824,609.4288533931125,0.2423820930960396,9.186216834482012,5.761965465379717,0,yes
251.38028329282184,142.13953437012037,266.91133120109646,250.89802050474276,4,84.41839148472405,952.6858368010825,18037.340103760038,948.0412621767033,46.57339157756253,881.7646706648425,849.8138661134846,11190.19788357611,653.0302949024377,712.997587531838,0.2186837144287295,9.347166098068953,5.288426419736485,0,yes
263.70208665136,301.10746996045617,285.37221132155366,249.41251032705583,1,92.97323079119978,900.6972183443231,16491.838934489406,968.0241607233521,512.0383109223791,389.45968617039887,876.640743810035,10160.40297238897,882.3119494518155,731.9556455290324,0.27630041735307975,8.565302166346521,4.977793691709068,0,yes
223.64388614362684,385.22965665321954,275.871110802911,216.2324436074123,0,50.299266031147745,948.7274697698034,19817.497160391147,962.9111679277647,939.7157119798162,30.454194070454037,966.8603128900465,14871.943075212985,476.94225706535275,624.0533832115299,0.2869841474043806,10.23838463637186,6.731575582976315,0,yes
299.46106956638596,129.9574716812161,309.05467295034657,277.7432555510957,4,91.00287861327847,914.2642322963727,18789.992088758532,998.4177468240599,562.0858261000783,386.0833507801026,842.7416191466039,11561.613289939476,190.57325779162795,697.3615276137601,0.2345242544949629,9.72167260728875,5.249838068162479,0,yes
208.81761568175176,249.51411749146177,129.3306122612081,241.47350734838216,4,90.65463377185688,960.7718787456408,16035.553537084059,924.7055468051952,14.8891181077825,959.4933511966268,865.214191939466,13023.421575751543,657.4438980190951,606.7518747181545,0.22764005311922328,8.344927429401764,6.022033676580356,0,yes
247.6576382971433,239.0303347319771,172.99774462936523,242.35160673845235,1,38.856362356152886,628.1707117753466,19572.9695357441,984.6906390598072,881.7922443634347,64.4733322091372,889.4054368215657,14698.23360885328,774.7388848524955,698.1363105705145,0.21874960800155488,10.047627742419852,6.756658455420461,0,yes
243.88401808844628,312.346310826298,340.52829662321636,268.70525852563253,1,98.20759557190912,907.6406226625646,16513.970016274987,901.1236983907348,624.6043578551081,285.0299076092075,789.1406682330942,12706.342424261778,607.4913724012165,646.4178837732993,0.29383776444644083,8.568769997529502,5.8410812339391125,0,yes
220.96538960932375,157.65706249627237,201.84977478751506,296.54142576192174,0,79.36702385759725,767.7635477363152,17115.083049198827,997.9473117309756,800.5087742869804,152.992782639677,834.1225445539693,10537.534058413257,382.0164134970815,675.6505137001475,0.2005287054615097,8.851216931719435,4.911210386379955,0,yes
275.16363058621835,362.9143873265145,177.12316831313524,236.5444580479197,0,77.5448769476336,736.5429648423025,17996.255819778693,904.7041944202504,441.02534793893597,473.859658719746,786.8435243969755,11988.065908575758,282.8902767460886,780.4452112739374,0.27231025626780836,9.272054598637876,5.441449100267347,0,yes
216.03859125316404,347.3608546816963,133.82468101240488,268.6724871047316,1,82.30452476847398,740.470804947879,15095.443567690865,917.755804511171,430.59377347695505,485.53767914400163,748.7921968300512,11142.498308077738,698.4969974059753,646.5234385515015,0.26097874491045375,7.8242992637519775,5.236707751246023,0,yes
266.36970807549466,350.4381745782463,111.0718664542412,241.0317325247517,4,66.33124278537852,779.0488345881183,17826.016759204194,976.9213592954949,352.98104465964065,561.8572681982027,848.132925566588,14135.67361340604,119.27090489430245,725.124023095005,0.26848398489121716,9.206278868613182,6.252197945210025,0,yes
230.88669507695872,243.85555211101303,318.0117152734772,299.8018309113596,0,35.04062832994912,926.2625386663744,19640.459114506593,996.776841239929,494.1931305484674,491.2577970934413,832.2011039508582,11951.31488132561,233.02101157827613,620.9117713506507,0.2545735127507216,10.149413507533286,5.4135953668494015,0,yes
273.88278450039235,398.24902634015245,351.5270110528258,265.1473150270489,0,22.754543688970923,781.2336806860586,17607.767294057492,951.0901476342556,510.9826007932734,416.5352128699143,847.282778069329,14360.173452078958,791.5093237523575,756.3101851174674,0.31999625696830064,9.094077362390246,6.616426934967406,0,yes
230.48158415377776,142.50928632087002,264.63749934469683,228.63731157160316,0,50.58537323299116,879.7647548164965,15059.324606211749,916.3392153453019,628.7783771328711,272.3903710529015,938.0044912900953,14529.762992822592,789.1537665680803,669.2864717636287,0.1910298508933102,7.8372001481033235,6.704505299187859,0,yes
270.1851694395797,242.61615412247454,313.53964662021747,246.12716707054747,4,48.856301376233624,650.3112341803538,19561.826148277676,944.9887409844773,732.2324598577815,186.64566096990143,849.8103533682741,11097.61100355829,464.04953155993775,712.5836585280083,0.2651540162709093,10.041408153491059,5.174448486874129,0,yes
294.7299978409811,345.30145125543345,278.2642285593553,263.220031340997,1,71.72859420999671,678.1045581343321,19609.339929962738,935.2709778550918,110.05258202458826,831.5609547219699,894.7216181964818,14935.247072532322,646.7522145953893,786.243545714636,0.2965757103511137,10.069912897829578,6.813453672708795,0,yes
232.76087481895178,357.3203957223485,136.33580820010945,216.17218054703227,4,82.86228695614119,928.048578905344,19932.527359059415,914.1008197675832,246.48198464241645,653.9601404612317,738.7636152286578,11181.709058177817,787.2394181516286,750.7516486823953,0.2691467304651272,10.284469844417222,5.29548723877224,0,yes
210.73283802773017,393.1493979654019,242.97766743846006,267.2625261577315,4,79.33490197327626,822.193300548102,18330.96738341967,951.6327321451304,697.8865025867622,292.0814497778272,739.1041547281592,10981.185333674888,326.26554884112375,723.6435148023327,0.31179960672536483,9.464898839505755,5.039732978840188,0,yes
246.60049441395435,286.90379310627435,247.93300994244015,233.14469617808516,0,69.40591075507606,621.3041306859074,17280.11138987651,997.2283998022132,627.4097276150773,281.1588032896685,759.8085205134103,13816.1867477232,217.52874528902825,669.3905191623468,0.2507511231216686,8.901442365486314,6.12016934642014,0,yes
257.9768933369468,312.11559462432285,240.2366368113859,228.63397367385792,0,86.58364950759677,743.3004148359187,15654.346564994621,976.5318978166475,540.8471673462684,419.1424973882756,840.0392844373594,13852.327925713382,547.7790146156174,658.3742247335184,0.26199296514478143,8.112457682349682,6.304424122359995,0,yes
241.05111150209714,177.97199424022816,278.3835855000451,268.0684726871318,1,47.90833032307557,893.2905380893842,18468.941392141838,904.0215356278502,428.30815952359393,489.19858330146786,984.54849260178,13436.938324479457,289.5375714683376,624.5699835050763,0.22084941645014675,9.543391322533726,6.082518765122537,0,yes
215.20017366810538,225.65146955320603,312.4017459441561,272.4265878474193,0,96.42693361387589,681.5550904627326,18233.391955947358,969.3398874805505,44.615125562066396,934.7612777519007,811.2072922184116,10847.450171094746,402.3862473744157,667.7717587161937,0.2464314571124319,9.387384142371845,5.036693877519976,0,yes
278.0201506588818,209.29985315382797,339.5070685205611,294.8142021002048,4,47.83154037017732,683.4417698696325,19080.144685005453,981.9106418019791,168.24386520228873,812.4719852390937,849.0445889685618,11853.061344094833,241.91129513690103,747.7845723970026,0.26762149268826224,9.812912295711333,5.400637954041324,0,yes
261.04041650093495,287.71173182042463,355.25863146825213,203.31673840685443,1,70.4845963924423,790.8585363927854,16940.61398863984,928.6842546322686,867.3862588784982,120.46980797264462,923.8718178133838,10822.028033726763,251.0057769020114,738.7922447243694,0.27253561279542154,8.759568524979008,5.021588219312584,0,yes
226.66865694166302,154.20532168080555,396.3034990082063,203.42700201089016,4,70.3104356487381,840.5993404769127,15969.02628023946,942.2918297660719,730.9542704333137,266.28825240021,897.4969496495354,11832.67918629919,230.94131965727308,601.9231673143544,0.2349974036905939,8.286774528303463,5.390586447545182,0,yes
223.49875355534792,179.83123740069146,259.80995916790937,251.49899005989445,1,68.93179389608665,759.9349393309657,18484.51587453242,938.4688343017026,609.4963660927189,383.93756311815855,968.3403348581543,14146.805732926236,762.879885954826,647.6360252190264,0.21498979118976835,9.525984436658005,6.56279290248411,0,yes
299.71629423716087,350.95843446049327,145.3148499645682,213.61372112312156,0,61.708935507530825,604.8744042516713,18807.531557293827,975.7392764890126,454.81183482010823,500.49143193800984,807.3361358629945,13545.108442392264,154.91978841296321,705.3504644376651,0.2576997958553792,9.658603187835405,6.016848502042424,0,yes
288.88499302303774,136.8138514305071,302.7847043989801,264.7921327764655,1,34.799647284634005,741.2206179876754,17101.64706058094,914.4764002095059,633.4040647025595,316.02026492775303,800.5500483720699,14968.910458152248,642.2733885824001,763.4695131660043,0.21301649297419845,8.827118659323165,6.7854939661508,0,yes
288.8011178018061,232.31876879522503,216.2562773774841,224.04967552305064,0,71.42006039841377,690.6268452921729,19654.351686103728,907.3308698516778,569.2281619598022,377.9836144327895,964.1056626803786,14539.206904204664,267.26102548414696,732.5918155382509,0.22635684471053422,10.09134404861849,6.524622919144894,0,yes
224.2880461360163,268.70849055611416,241.4168523623392,248.91594099303188,1,60.76979892485844,972.8735396416853,18269.88649427512,970.2857328184755,939.1383235944082,4.4913197151503255,924.8057470685133,11588.567075955609,731.584050308106,703.9677750019898,0.24541904609734683,9.471144450647444,5.5100973261464885,0,yes
269.92191200385867,210.13756444251104,256.22651164611375,204.03769060088453,0,45.8842213211675,848.0815498306982,17612.44186517452,937.1808640925101,616.6781030983183,311.25732997203045,807.2867236814623,10952.005360878638,872.734989074344,642.8216689235906,0.21587517159248473,9.109463376509009,5.254733889469285,0,yes
281.22390877916115,396.70446516073275,103.57907630184312,260.60904322636964,1,82.48561236840258,708.5368695364353,17014.554194101787,936.4344478721455,149.1504670048099,750.9416661542857,709.5191502855386,11020.92799729178,201.5170097459059,602.6683279450158,0.2813190537517413,8.779365639927793,4.9656606111031705,0,yes
218.05227678845753,180.3163619409189,141.2577344245746,253.26869824632337,0,43.06111393451608,748.1655768666765,19122.038593014484,945.1693271108544,414.1676137618675,508.94263314111777,974.0807921429623,11906.555673764606,679.7109336282276,706.6945772093725,0.18388758022625903,9.843057398953999,5.633799967148324,0,yes
218.01867832079466,144.44701639709683,110.96116923604794,201.12061414564786,4,45.22344674406461,870.6162226610986,19260.732025761707,963.0056940471853,656.7686516265858,251.75899404442794,982.2449781173983,11561.614697239324,473.035155053647,788.1811648683831,0.1693184491994261,9.942242028952096,5.425252585084265,0,yes
235.57459286801992,305.2401958773257,167.19436957230275,251.6069850412444,4,65.74936338174864,882.6851453312521,18624.979557792532,900.1552031199559,877.6704393600081,107.46326625967947,792.8921198526701,12495.79702364154,721.4385064932437,707.9114438261183,0.2597771755706423,9.618479903620365,5.822411703383393,0,yes
234.6557106160199,232.06239570938106,126.78003337080783,296.881387433078,1,68.29557806748915,625.0058700315553,16098.044838413121,906.1969609734465,804.0869833186844,154.79911502878247,810.7189295564397,14410.233479492847,597.545679772215,754.6787682369878,0.21968207499554443,8.298687626565949,6.548332263957015,0,yes
263.4327196609752,225.3793405254434,202.15225912615253,268.0145178525439,4,68.20527104045402,794.1556358865529,17717.497215394662,997.6596131308393,705.858318429981,216.94054561042594,982.655347201344,10767.954433132109,248.03741230357738,692.0852909257711,0.2419370485819029,9.158258198987202,5.007149848727501,0,yes
229.18145724743457,395.92845655464,370.4421837246635,295.2989661078723,4,68.33733017161018,975.2336969731225,15400.41019812155,932.606592237577,442.25528584881613,530.9044605099035,794.391726171375,14066.804747402435,145.37975786698325,744.8439212628795,0.34495811439017127,8.03176540007638,6.224226037158689,0,yes
214.23154662719458,133.3239767225573,114.83194475112467,261.54751295370545,4,71.61903067816681,751.7342819716933,18451.39121865745,932.7089614595409,527.7809989228653,419.00461489612417,943.2494900660406,11456.180519689151,260.88194671434474,659.0304841392348,0.1805687659227273,9.506813840743295,5.2707590151554795,0,yes
203.8435022005169,336.3524376966483,371.8688432372304,223.2081840809856,1,58.92804624444187,847.746210839422,17518.324340151463,952.3124923543132,668.7976570658352,278.4447319402693,945.9882256720917,14346.695407618077,106.13291497670288,675.6177657780888,0.29061314781477904,9.06440850903058,6.368402439182447,0,yes
285.90620158240455,287.3829836273758,248.11901765196652,266.56504591101077,4,33.771955037257456,753.3325846373324,16286.046630853518,942.3706472419423,573.0296190398931,351.60948989567476,748.9228328804628,13958.123726982678,673.0415272843063,701.3756242263904,0.2741590383917128,8.425821581530004,6.361203309157631,0,yes
229.70814491519235,167.35342315578356,125.72694737104419,220.73241469584684,4,63.73212808016924,790.7248801943645,19829.554287810977,980.9850783688566,388.7154172923456,552.9725722524563,939.5256552876224,11098.258755227189,795.355839213396,666.181291313628,0.18915931809196765,10.21121016894116,5.340128586067951,0,yes
211.24906091282654,307.68804093490587,365.4028559655583,280.43674615558916,0,85.82995064646666,694.6719311608952,16558.593300776018,978.2121222867754,700.902122833416,258.19381048736784,825.0457710362307,14239.646635222336,555.7282777207688,651.7334797842615,0.28961684374704166,8.554090629886069,6.455539874598914,0,yes
228.00057215380468,158.06387982176352,349.7014940636676,277.42519371812136,0,82.59153440048385,790.0084472652593,16254.976786259333,978.2879695245359,328.659525074083,611.5598024673179,899.4549284455736,13031.326596096664,680.7100045899917,678.4417030191985,0.22773247523707155,8.423388551086123,6.052878944054044,0,yes
254.1634432529005,234.06390166285328,304.1366851846802,244.93582005805558,0,47.95340221113633,637.3192588769298,15968.696536642605,955.4916686601546,190.5622456484526,806.2324468681412,892.783496044977,12552.8669752464,863.3252574236654,686.4819417161785,0.2414736914518688,8.243452705095649,5.9407416701276174,0,yes
259.7031658142593,169.02085843211307,224.88862655524332,259.95439932565023,0,39.08086535542858,802.7566271108806,19456.98515724302,959.6188891937564,958.6672271210695,24.251742164046732,790.5374197876245,13811.110956373786,845.2987443945207,606.7249539264667,0.20219611094490766,10.02465947709677,6.383558030454704,0,yes
216.43868087575578,223.19215111675322,374.5865903736137,240.13433282412765,1,57.45809213137696,935.5463614515841,19143.382971919207,935.3113785419056,597.1276615751148,345.65559712261336,982.1991529529912,12737.409668856795,218.36049432883718,722.461139798425,0.25068270794950986,9.89451426863562,5.7896306729911355,0,yes
222.80989222401303,113.99259707796207,281.97629402932387,270.58363420516355,1,74.68372490969111,965.4989302737943,19688.325505551773,904.638757912837,197.5198968038751,780.8901226922933,713.9614758451625,14825.310085445191,560.8301019427142,608.0572363249807,0.197540716278976,10.169658000764493,6.644369526376423,0,yes
275.206637061811,201.63887349474544,221.2775089082557,208.03573256738682,4,64.1747640131657,882.6255207981932,19256.431333042863,906.8449104143647,648.9281897821288,262.22698127866363,994.1960260768499,13817.64607752776,629.8862351493825,657.7106311156737,0.22525364539583617,9.93510448557159,6.378270781915933,0,yes
289.26788113601776,272.4896750717842,246.2206396372653,258.14049417392533,1,79.98572042597938,819.9052513109087,19495.875368350833,983.3568318629759,50.7932829587808,906.1233393675759,770.2263144683569,14649.468663934575,358.5038744481439,793.8109794340385,0.260372387200671,10.051219112029338,6.537161625787745,0,yes
285.2334766151652,119.22716291971484,103.74497210915246,295.57663529666775,0,71.48916868249734,858.8794106938292,17758.013989179773,982.7672937725189,638.2892620435211,273.0818989984108,972.2069233291037,13273.182433952275,301.2359694660336,715.0056682428896,0.17248003405233536,9.190964680646113,6.027804623130969,0,yes
223.23904657438726,208.3109280535479,292.5954782758613,281.1770307620183,0,29.196283845175177,951.6375328634944,16698.40773129898,972.9842294680778,854.7599920083111,134.1504922479122,732.3400933763596,12113.436607447265,518.0818551104821,709.2651184894694,0.22984701952544576,8.680897594240665,5.564606220352819,0,yes
278.6378050002947,376.0877451191315,228.54904686003096,282.2424608184277,4,70.42898036026378,907.2632977240091,15794.812786706712,935.5325832172554,592.4939022926228,348.7759722324913,740.2901900473379,14628.737647930637,648.3198815683763,776.1794959554035,0.3125495802330454,8.213810424169674,6.6283131730067275,0,yes
215.8917556893261,151.74017064079737,305.2816948142658,230.59202555677143,0,36.38908765613528,910.0955870768756,18217.94621814612,918.7807554347515,556.0151386040206,438.79056738617624,855.5084482638357,14313.192245265627,242.6916951043484,707.5377479470712,0.19961523430671319,9.423727115584173,6.384209240638363,0,yes
248.88731252036752,357.7803190140871,181.78220137429247,242.76535256795188,0,53.3021925943406,805.0508964717862,19851.827428265722,967.8731183184992,488.6956393019301,428.13713649117847,870.7418179642588,11711.404657899257,677.1316070391864,658.0962517675114,0.26606041169761374,10.223731594444914,5.506116953879722,0,yes
227.10273278577574,231.16393310629695,243.81353665622174,258.84143071101397,1,36.52345972111516,748.7414052517863,18001.992124646098,954.4930622585962,688.9645216736333,267.4032667583915,749.153577823698,11579.713476854198,899.960003202438,776.4729889606926,0.2301735347512604,9.284444190240086,5.515020425945818,0,yes
209.97388328630953,142.2640654502338,254.11067267407756,255.61659801455136,1,61.60754098192452,904.606097919265,16732.925800063036,958.0592173927133,905.4717329797635,12.510491468973214,889.864781572875,14396.546762371865,222.8374640268683,624.833154936581,0.1970183144526984,8.685359571831142,6.40190799771162,0,yes
213.2321686416525,299.9970361294789,360.18245229063626,223.3972197644324,1,23.254048417785327,794.5829877820107,19270.7247931729,922.9539142968456,839.1675966840506,113.75671847527587,759.0131709468375,10520.936663424245,544.3435567667323,655.9831391178441,0.27047268915124134,9.924669805645069,4.936796229780177,0,yes
258.31328728399507,109.15738492144578,179.01374206774557,207.97806987237578,1,42.85242562040626,811.0633134687678,16968.07572059005,918.8640842456206,366.08918307350314,592.6953687929297,810.5246792799719,14880.594992070415,874.344560678262,661.8937033070988,0.16297868673308666,8.776466653854408,6.834847102715077,0,yes
224.46142178168554,303.39677800796096,271.35487463159757,203.1570490216001,1,47.93401827268502,640.0433161533994,15951.020147521682,974.2838498633027,81.28016752387478,826.5470655778896,914.6858942846285,10707.888468234065,218.58074573961756,642.9350370917925,0.25453861844476283,8.237801150111855,4.9356507286966,0,yes
220.33586598144,375.32797276307264,129.1152500874414,221.60882263498044,0,63.22659635009204,814.5317398190004,16558.571117467924,970.1885337474669,243.5382179260818,707.3524994263212,914.2559040893034,10766.766824685204,376.7285136215536,694.0326597012318,0.25595486617384056,8.579543061501735,5.0349026765875795,0,yes
242.94735071306553,169.37228493134572,192.95831682228712,205.97294923992754,0,47.41154308381247,768.99226914605,17918.66342966784,995.2576433610395,958.1756744977904,21.362071903283777,794.4684378953472,14917.906325266013,642.3985520027752,713.9179887052471,0.18408260326397194,9.25290664461524,6.760289036425281,0,yes
219.75811282206496,365.81530504867214,353.3060193611983,263.78938285075765,1,95.09092617374317,947.3217751031084,17464.78009050728,995.5180189857346,558.9221882398765,409.4268612883229,885.1797651173066,12269.227949178214,504.9234528091435,743.1387303747316,0.31335781498549986,9.06621511641881,5.684437149203106,0,yes
236.51377652523604,136.85420376639485,276.4122066713571,268.96802688461446,1,81.6701542108999,800.724749909187,17670.327531716226,947.1918704008297,957.8748169393633,34.69902170313151,768.2190865021477,14617.266762951542,390.2936534424446,614.5551091833559,0.20785897016174568,9.129166375324118,6.517450095990559,0,yes
251.55556242410148,257.9428168305954,107.5497144664087,234.9837688070288,0,99.69716803569354,637.017623250745,16021.849882500874,955.698595203643,692.3513483670858,234.2082683049914,737.64876884936,11611.212718124083,899.8197506695634,719.5902921363365,0.21589361617861033,8.269992098142843,5.511310384683091,0,yes
276.67485240830257,201.64247598033523,337.55032743353485,277.5416562341975,4,99.96767201608438,913.8821847899517,19917.090405544972,938.4341660130311,73.85221064939175,875.3502002779468,783.8543565210623,14272.806900916348,120.80720182452582,711.5074901994346,0.26709763816308796,10.27685355787791,6.284863899547627,0,yes
299.1941804003867,150.1538730379536,193.36571372272158,297.96429636376115,1,21.31537301203106,845.2977251242473,18503.190416433674,949.908867560983,960.6588923262111,32.54256128754446,787.0584524790171,11482.832134855667,582.0872383103405,645.8812341597828,0.20271512784804754,9.555959981454688,5.352111523360432,0,yes
226.74061905596983,233.38339014133362,382.4780135746708,221.29012438829628,1,64.48285497221215,850.7589487948547,17428.58050725118,959.8732314423088,386.1958642940857,555.6283898161546,886.2909817287401,11372.307571405978,731.0693668413825,677.6176267053222,0.25475260352429213,9.021255976655725,5.404261487106341,0,yes
227.15998394182373,128.813701638071,119.46407127270146,254.03531540660313,4,29.81486704054359,621.1262730408803,15557.17132543972,915.4051281277469,70.60259690073809,861.2127809884043,917.8565382636749,11503.170987315978,479.7031363352411,673.6773143254886,0.17456643869659091,8.028663678241417,5.366795119590518,0,yes
274.26548019246525,362.6326377125245,248.7183098061035,253.45737660007913,0,48.455944777480376,770.1519277722389,17594.098528636037,971.4374392165338,37.05949119570138,898.3537826281779,948.3054944488139,14337.653467033848,726.8071395564137,745.2945764791787,0.2861285778521954,9.087583603062182,6.62156515799397,0,yes
241.18325129961104,159.39768264906527,383.63063319319866,251.77171235433354,4,34.398909553291304,709.5503598487909,19671.92032890831,929.0937110581121,877.9867457194197,107.65526901805674,918.6177980227752,11830.867506777908,774.873618291741,717.6139321601884,0.24152851987692456,10.107265420280084,5.629457112405494,0,yes
280.72168005304263,364.975215811702,113.2840497276792,212.24881288971343,1,87.49522675384763,996.8362676069353,18159.443351904898,919.0057518021978,294.5439260133744,697.2719379079883,839.5440619362774,12172.877885641194,105.19530091883907,605.6711850508678,0.26146267225117337,9.414407675417536,5.452921627668747,0,yes
258.3009941868487,213.40090246944652,268.21416216370056,250.9745935680472,0,76.6934964032274,733.4416510155959,19478.526561117742,969.3402948926271,635.1684185363553,290.1863996612816,765.133741596939,14339.558780846317,253.72757127353668,772.4620494825374,0.23136806189405235,10.02137394226818,6.3620639567629045,0,yes
277.7310824892368,207.42248968198174,366.13644950062394,252.0407610468169,0,88.0071006719639,830.9864746756625,16812.51181088194,912.8496624973375,731.294474827597,247.83354288656483,899.2957732970174,13716.973125458826,211.51830196544063,684.7715169428028,0.2526561078853389,8.702325827190196,6.145592571933222,0,yes
241.0109234508168,150.60362364937833,366.9028391416942,203.2488311038849,1,58.30898662915408,776.9387388244978,19616.526801691507,905.9736751894269,630.1145182134632,361.6715656557941,914.1794970224731,14226.558562674432,105.63025326591901,758.089363817536,0.21594426145954057,10.09132065291692,6.324482287550014,0,yes
272.9690194955424,187.37833427553065,323.9419951945483,216.06628777609058,4,25.210032155053437,800.2927009647439,16042.02500650015,910.4113892313069,624.2630378652373,306.51016529802166,917.6790099622413,11706.08484052012,306.4165648226222,673.7347473462025,0.23650767627702352,8.309879618222466,5.378439725167017,0,yes
250.0456885238403,328.7201063140289,303.839443877686,223.1905663227805,1,80.87138898711969,685.211300812789,16363.622248926538,966.48302858198,133.30989264041756,860.8711320703987,977.8066928096488,13476.4011219239,643.2576952104464,755.1544320235191,0.28254528989778405,8.45290709574323,6.264862958195008,0,yes
296.8763769383122,395.3743517421136,209.1501764059756,236.35798469045113,4,28.268636880636304,898.5782480183,19378.787820950514,903.183453578876,797.7829490480378,118.3300250784913,960.8935167973859,13714.134932576802,751.7558603444201,744.0215420029932,0.3042189435942625,9.999400298448293,6.3843607254547905,0,yes
226.45652631452583,364.10098498141565,296.47390824731076,287.0916385030718,0,94.83377540254321,879.1430638635773,15996.250507432662,995.5024426319965,715.9042756831423,268.34781500470103,750.0155789898143,12688.767074960244,600.2265072464268,624.6751542434041,0.3027796692534987,8.316425101448711,5.822909684884816,0,yes
243.64376692108277,162.70845524564908,359.02880897606326,299.5480409917066,0,37.98669359589535,600.236261319958,17891.633539890012,939.9033614897353,666.3861002304484,298.1773587845472,990.5820859630535,11680.909424034271,454.6766098678953,791.5350938280776,0.2322496401498472,9.194710077495484,5.477098915181881,0,yes
278.31987320572864,125.71071763515926,277.44515557147196,218.21476002068835,4,46.56962725759884,841.6450347468822,17473.780682847708,996.7016662646076,160.4490274111536,761.1000293279778,800.3666817040908,12657.68371177198,471.4063466034857,612.9408022182918,0.20633290927792894,9.046900023172505,5.7689265341120475,0,yes
279.4529417202326,171.17112829916647,316.38740285548454,298.06408705255575,1,37.188312204257,967.2049281827085,15338.790751711469,943.362917201793,435.9262317055895,477.38076331060046,824.2241753373261,10819.366135357279,854.7776363664615,616.6392317286712,0.23523977685675607,8.000583532013406,5.1958467872083345,0,yes
280.7891817572214,130.10142844185626,201.58217837189483,238.6943096788592,0,58.56349654565303,865.7061641556317,18328.907818095533,903.4484133577494,611.2710796697568,306.19280849325617,801.3925853247847,10948.520547511964,776.4469076600617,699.2790447169971,0.18283282331832917,9.467054563600643,5.218453867692372,0,yes
286.31355922641984,240.38469161716796,263.05338352219576,294.00541499390096,1,85.19147222774455,841.9791835845929,18767.383978942067,908.1626822125904,432.9914291138435,510.5719085014894,905.7595437085993,13360.861190998734,243.18748664050744,695.8917011692768,0.2583502391347985,9.681590900634781,6.014963189259072,0,yes
256.80577031979874,285.1186157152233,145.20460753961956,227.54560316882012,1,67.53640157198522,718.821554784409,15526.845111970777,977.4509103161898,64.33998122110431,910.039783518481,762.6594052657415,14524.122913280258,542.3921868485254,716.1503240155591,0.2334270011897166,8.043426938828006,6.549631402791322,0,yes
297.32932032960053,385.9961143995148,173.66701827184457,259.80595179526006,1,79.95391194228176,658.8744193614318,16739.736571574816,919.263497411746,650.5628250905654,282.21508699101673,767.2938735744029,10728.140734566565,271.2779514672602,607.1785337224885,0.2926150111563562,8.628708249032346,4.904615381712804,0,yes
281.7319980288565,301.92245333457663,275.9691863980041,200.85622466320862,4,30.962391178276867,643.4110706343312,16003.458586657025,996.2558538851276,763.1606056871133,181.78936380004666,770.2153079251518,10826.475201774178,204.54311200435075,774.199801032815,0.27152126057443066,8.267798674461524,4.942108951087251,0,yes
267.0521820890492,102.94339214181146,356.18953447382603,250.00609175411955,0,20.57517117457884,993.7902213475203,15763.290080126237,985.1015426783587,204.01817226143845,787.9821802297472,761.6387527662837,12208.427879907704,732.7171753583496,728.7509267353227,0.19863979624282802,8.22472235992086,5.703182748933821,0,yes
268.47551052676704,240.31253121069224,205.29185420775946,248.2016492879162,0,85.8186257915714,717.3810464949875,19329.447375235817,917.1157685952069,730.9178252310732,174.24115785347874,986.5359429394318,12463.114759328942,756.036117592614,677.6261882735896,0.23142847173294429,9.93611500100475,5.885651941040223,0,yes
298.5865194464649,336.7446343270851,376.33458595458,233.6464350610084,0,66.47913510662656,862.9586333726833,17180.479357645618,997.7614986245158,582.251277551133,327.130888107488,919.2902001757143,14211.944308508104,286.89137419753934,729.4775080065585,0.3026812168989684,8.905196432584646,6.378048812268715,0,yes
283.8471044699712,230.06342229229685,104.83718273910023,297.0964626085896,0,39.91199767870906,948.9290411935281,18510.794740877307,925.8717765961753,169.96846565101384,796.1225279257295,829.7938919396194,12353.57252199499,207.83905029959317,698.0594820201092,0.21319197691302208,9.579990037166072,5.57090973759464,0,yes
285.62864068459425,293.6463691373694,370.86816981006245,249.3973075495291,0,39.10142543165793,668.6492895080635,18633.369704021137,902.060338120982,614.1317671665385,295.6713453884048,737.2044075585418,12623.384027209728,493.35164453456787,601.429720985981,0.28241532230610655,9.575314842941102,5.735614148398563,0,yes
291.85782704491277,271.6328340918517,296.7049647149755,206.72011380101597,0,30.832858994627237,854.4935218928179,18768.244183261217,918.8914595886575,367.0611253310566,571.094862779823,791.6814563093599,10947.160560670864,329.4534153881661,679.2918579733213,0.24999190340167882,9.686302967092319,5.035429112101513,0,yes
258.92554079809054,279.4437337892369,230.0239650625123,280.01355786939166,4,41.43082341452902,720.8947319097325,19976.898200500014,926.1971154681125,92.66041225499627,854.6711125810197,803.1900401902966,10592.770133425682,490.2985098937017,793.0034863801305,0.2676011415298911,10.261857680839999,4.9789584714996415,0,yes
247.93395299823027,115.19681350343468,104.87445350651596,261.07108079716755,1,72.84029963782429,750.1822782276178,19165.928870259075,946.0438756885299,883.0312338791581,31.120373009875152,964.7944105025857,14301.990488560015,888.8528643336733,737.9624032032281,0.1636422731305622,9.865569402053982,6.674829870970776,0,yes
251.3872340035164,162.1131346259075,181.76423126978034,235.03391777990063,0,53.033003117101636,744.0737814228552,16686.138724059583,940.3281238579922,465.4172777202906,436.64486487128636,922.6661525709629,12276.882626892424,691.6492001500867,669.0670324278119,0.18652591756695552,8.623536603231733,5.758308938853162,0,yes
250.5336125555115,124.0180362512621,169.2585778993398,260.26302724773706,1,81.18617588943178,906.2539466417414,18306.25495494056,916.8846457300044,803.4484006173398,191.29306718834573,909.0716518600741,12364.711977961551,429.3275897040304,785.4349054747223,0.18126405880015506,9.46674843606993,5.711236043305383,0,yes
265.2119518724005,126.26255785126827,235.06111859176949,214.6883596070132,0,45.70703756129121,977.6764754687218,17010.11613822005,977.6011993514721,913.3279767853786,19.94204289961374,752.2328484921377,12861.264217375247,697.8212375076179,795.1795364817049,0.17960388095889096,8.843376893662409,5.947342863545149,0,yes
214.49843436530313,246.585128833669,248.3962669105228,203.8696907123903,0,51.69948719279687,879.5796012221879,17230.28998291572,905.3254303683774,375.33793379779587,620.3518330972888,817.9183817067171,11156.21606475029,311.754157911676,651.8776351446734,0.2225801060852345,8.921137093752202,5.126806878415045,0,yes
293.1902879052239,169.5231009388013,136.48750818607937,261.80896513139226,1,36.689164992740295,738.4689901078079,18161.839492233794,999.1522700130143,467.46418723659696,455.07960539469394,771.2703418113337,11623.067650968245,463.65117956876315,657.7412722929931,0.1930271613140259,9.36827032655238,5.346335897891342,0,yes
292.8472237900337,329.6543910807255,208.69771785865584,294.73506079696773,0,62.86377867760948,648.938750616536,16279.954413721469,925.7948150193804,286.2160391271198,667.342343204688,959.7186942016854,10117.439985321882,898.5064077933338,644.4933469737936,0.27735348231754914,8.397539639160167,4.995926363529491,0,yes
262.4737098980369,292.1645936708138,363.0799345855195,240.56767085854472,4,46.136319342447,884.1770574481661,15987.60183340466,963.8358864753778,802.8784765438174,115.52551668930403,867.0815884049023,13632.202390051398,409.41174797272606,704.8919657893821,0.29245180444344226,8.308858823702831,6.172257474784979,0,yes
281.765426734178,306.9597679036482,358.18991409517656,279.4007410302835,1,77.46111900415492,739.4253034191252,17297.326133148046,941.0154047239114,779.2016020157704,169.6296214840852,898.3036054008036,12899.90233657856,877.1238178464689,641.3477076141903,0.29953847077807144,8.928196262025349,6.07472996117628,0,yes
244.86319234223612,137.97347964278762,120.7283935948845,233.84905044895808,0,40.053192346694274,732.0690623307472,15548.213659835154,935.035472529335,410.06107694451794,535.2975262873555,907.268784761133,11078.013632446022,408.816964715582,651.822410998094,0.1619696350154189,8.051193308531259,5.163132529090938,0,yes
225.91549071449532,386.97304810096824,234.8566466680759,203.25858491453596,0,32.2455371102195,687.3068745253388,16597.82790307447,956.1633934958032,663.4900156138543,280.54826361093046,976.6116755351632,14659.52163785609,841.9066551141535,763.886751469739,0.2749016398940839,8.569047200322037,6.811331543754756,0,yes
247.27742786859804,179.10169177718126,192.55771157026265,203.68105022040828,4,51.17055990338044,707.0966609745113,18936.58408144731,983.2819673983876,303.0624840406502,633.8423830371323,950.3549713322537,13525.361466150074,178.16411890455254,748.4110288031484,0.2044557234348677,9.7465202320861,6.078629576238369,0,yes
234.29943685898667,296.67701991782707,217.8830937100805,206.75134944518578,0,95.07172656366141,719.2311708561988,19382.100297310884,922.3485217719029,891.5529142008686,20.197240964195544,725.1520434324967,14895.516377194912,245.3078030500521,705.7530112320457,0.24504454135884676,9.963565046104922,6.554374124300059,0,yes
228.59981378353294,177.72062711841198,104.07733756803688,246.64943384646946,4,58.94508324499795,684.301133368228,19271.623093820905,928.4101202788261,487.6492858229004,449.47878303241316,960.8697705680411,12820.402986448276,121.25710007030249,697.0201435129953,0.19341789887310742,9.901473103970208,5.771317084969928,0,yes
201.41264713898255,297.48392940660136,368.3427845355258,287.66316638801743,0,89.39392539591752,994.3172446316795,17104.632745842275,906.289233766158,615.5881959846073,373.56194219572126,783.638497237965,12389.579483768983,580.0909764798496,726.9108504660887,0.28677538121195684,8.884682692447967,5.7227538302047725,0,yes
260.91329275019694,323.64528438713717,216.32914140723702,280.34774926169234,4,26.055364950502042,941.5088414868305,18296.281826501643,918.5479889049774,717.2585475197774,195.1363271565641,891.028403984699,12452.04634764857,215.6576146071524,708.7233785567779,0.2809287385584061,9.4700318570855,5.631956950860527,0,yes
290.5287003664347,112.77131080535196,330.67749915046636,240.9675395757032,1,43.15966351189293,739.3913841961974,15445.62424813611,951.4612145510735,58.96600086720396,907.3868309633539,920.6531946675608,10971.086880461846,548.9579896981031,684.4530548567028,0.20547210067854682,8.003773669861692,5.188949831190024,0,yes
246.8816929845397,205.78122719296084,107.91253970146666,267.3822163001383,1,82.10896613669031,977.7321952177258,15615.443754213135,920.520490580636,769.8391404963909,135.91185279748277,744.8211935681704,14099.823524054716,433.3556329899852,749.2486162373654,0.20277827605942936,8.13820285885736,6.3241266312255515,0,yes
292.2959518496338,263.5472820289717,261.4982555817438,299.77172714234723,0,80.94626540534006,821.648000628806,15121.04580272011,965.2990953871245,826.1193111824405,133.47111532231645,819.7162735985326,14808.622350576648,872.3641841801079,653.3720401125141,0.2646816944331152,7.86169887414148,6.807935678527577,0,yes
289.05075648957995,268.020869098366,120.88663739462669,228.6768524707918,4,90.98756764579886,996.195288266606,15871.79267008229,905.2634842310739,369.34956159834616,554.0265699137044,975.5977401168115,12820.53937851878,251.52845034353462,710.4754901419317,0.2409813568607757,8.268557169568767,5.829263091693653,0,yes
243.6864524707593,241.53254849914242,134.87044740731076,263.3856183130031,4,97.85281936561864,904.163877426694,16618.657550704564,925.7688835915301,22.322671710037877,969.0244599013805,825.4184260645839,14357.403960717065,627.7824906553589,770.9256016462538,0.2352471638013418,8.623690031588156,6.5518258336762925,0,yes
295.56267043576145,287.8776181632314,163.60277935813224,243.26372809981433,0,29.884217306273698,607.9596821104715,18279.900181605426,998.7649893165246,758.389732611887,183.4239929850661,803.7238052789301,12314.390485271028,123.73461115257314,769.9855176631961,0.23752843301090543,9.398648442478866,5.517362195851597,0,yes
291.59085385039083,215.26615383074477,123.92039887047332,204.20031071456398,4,48.070783240160395,682.7611028792542,17276.90640365824,905.6493257865905,214.0275707841668,746.2041098538348,950.0913097213993,14795.699747141229,263.311320471597,606.6457282474328,0.21051704483285702,8.900665478755023,6.605275798010017,0,yes
205.2541620836944,241.50787044683148,292.7329193985214,239.82938259803888,0,63.05000534696727,762.806671110093,18684.50716504951,928.3044136958123,681.1519312346438,308.32520993589617,837.3091840361883,11761.415385469109,298.43023922164764,639.1331821675824,0.23686854958285294,9.625223557491362,5.368782310351503,0,yes
226.29897390735147,271.90604778675913,322.10054376645894,200.04246658491854,4,88.17065761072448,956.0123836353556,17006.242294319232,956.2742100853916,503.1501108224446,431.86660094013837,981.4662623121609,13258.324800377972,188.2092536401321,663.2327149796901,0.2687592833236122,8.833513457172382,5.976769814344635,0,yes
294.8740427602304,250.8860014114497,185.96371775362746,284.2519848629566,4,84.15361014030543,850.8716246278929,17412.04166905761,906.0427156601521,755.7240740157839,149.12789482740595,758.0236615580986,10322.076905129506,136.59245756697374,687.4301446954915,0.2581363883803381,9.005631067887698,4.691302976453215,0,yes
248.6734653534785,102.17405202578436,273.8059010500251,236.20196038445164,1,45.82694096633159,674.9739544980919,17097.036722938676,961.0466267474799,187.01049418406805,721.6347572578738,888.1719609883627,13208.929895632597,277.0420813966583,704.3263852610779,0.18394333269747773,8.816619468686847,5.957028944059392,0,yes
203.35559060730697,153.83166692957604,285.53475886872377,251.98624250194567,1,99.64883125153928,889.7136355487928,17692.220503786193,998.8697508843666,792.6054412616838,190.65941064328695,751.5860031558996,14159.75106938875,798.6577153080261,659.0157869160504,0.2111524410586619,9.167271664232356,6.49566297675124,0,yes
201.78462009266323,161.32187721734834,370.50447297276787,280.7864941055295,4,80.45654772436492,919.9427337663313,16935.195386889547,980.9482001241967,528.8015987847941,402.22542492570415,781.4426949415781,12465.95220463053,855.1549964391579,762.0789939955264,0.24629059049306531,8.79314603668826,5.859109264256631,0,yes
254.65171857392394,156.24300814750916,232.01241192834274,230.01787944971966,4,84.95062505964556,848.5123380197487,18356.844825328575,918.2860916660342,623.1974283432892,346.27316417185057,730.1501410542613,10231.36070176368,561.3775861948665,662.0837762606751,0.2136499308086821,9.47917371417569,4.819315721467004,0,yes
213.9229365611016,138.86700147938984,305.0463795190848,242.82035721586882,0,66.49172208897483,713.2929949254884,16832.97822564991,954.574464778453,898.0691663112119,11.347035147115207,823.5294087102365,14075.935962901174,307.8259070611818,771.9536463096579,0.20039985452403142,8.692118294154117,6.2993656874926955,0,yes
221.37572938304814,384.30904807732514,140.477570935605,206.12435871204173,4,84.09384415621695,794.629556667145,18493.774126070733,977.4511928755832,632.8729008219165,330.8905345014582,781.618279956312,12676.777209834661,727.6361074953505,669.3043650418718,0.27747784172328627,9.543701861018155,5.884733619247548,0,yes
239.21819375234264,383.2960718855133,149.40526372563903,238.70084657170491,4,68.0667769529789,793.8324446426133,18603.091574022565,923.8589846763971,4.961170434325738,897.4817854541121,961.5682263615987,11806.220142480903,349.0415605683577,748.608130403717,0.2856122452865971,9.59080966552615,5.4591222257479615,0,yes
215.28482709647733,204.5492740989621,399.9397919297073,238.0118487446337,4,75.34828605153795,744.6900586471376,15887.658720650474,942.5467940375736,208.79284187465188,693.4693971279918,740.2015387415843,14368.312279613197,205.2438385794085,719.6865328660024,0.261975166871727,8.224737689566163,6.334033855731647,0,yes
248.35555377190107,399.4753635050733,262.97773576512657,227.36858570221634,1,50.34428578937832,772.0637832861566,15843.086445550367,991.4429623238741,645.7583935253333,352.5944277066234,961.8050500533141,11773.925811315019,795.1637539935267,772.4430824162741,0.29945915079692714,8.215271408652724,5.641116366559736,0,yes
296.26849316627874,383.025051504725,344.8508121940255,264.33153096737806,0,95.08298709242665,749.5608884308228,16047.752495407667,966.165992526917,114.66509973083296,864.7342388273036,742.6981019514081,12984.404281974501,556.9733777583175,687.6453541408262,0.32433660458623714,8.309114798440367,5.928523988194957,0,yes
285.03629020789185,160.84141100730818,239.42579916282645,247.32650309891022,0,70.79959970502827,836.8656791485265,18450.8498335033,975.1788390943517,40.36311671766125,888.85469076163,908.3017242482554,13901.188415576264,215.8654876956346,693.0757906257345,0.20650019608663106,9.531378987559833,6.2188427153795365,0,yes
228.5923486157767,151.6560635265971,335.8696968225941,214.88655920729852,0,95.2098014710521,906.4707867023361,16953.179424556907,929.165714158117,115.40019418225661,846.6192349033236,721.2958496270285,12486.2125780253,637.6568095458274,659.9373800971948,0.21155690882634645,8.791940670324141,5.74691663560815,0,yes
264.78045708997047,310.284508167562,345.43555354922614,265.9708294950135,1,71.28410451105451,884.1138145730965,15929.628897135462,904.2576487089265,721.239667692773,218.02168396930574,958.7043372245179,11123.149424429886,783.5494296308862,727.3243998254081,0.29270465329871415,8.27168734448336,5.360764555292835,0,yes
294.3134119727886,356.78696725597445,337.8315801274691,237.38804747069463,1,46.390313769576046,667.7304835799878,19698.228641450212,950.5038236818035,60.705613510005946,932.1226086102066,899.4150174288061,12818.775556417313,742.4975239122305,713.0952701060551,0.3046789743652825,10.114176959053916,6.004387481354309,0,yes
229.43294901664797,322.76036450195795,148.6691342404065,216.29942446907273,0,93.34368671959834,936.9539960342311,17571.331809721683,928.8351840243023,471.16924229360495,480.8102242399833,929.1035530183476,11950.026664878857,518.7293507520448,673.4856676684689,0.2427125626605152,9.107922759405552,5.568390886618863,0,yes
291.38273095689556,186.1196582863136,172.68143848167156,212.3564869665513,1,82.8563496058174,965.4834207394399,18418.140754331856,958.9809770362261,165.3247187624415,822.2225817139417,731.9177591351566,11080.422939709344,840.1706163136386,753.5498921247813,0.202588691913269,9.54201146123231,5.2857479684383755,0,yes
284.8171632715023,272.19573804101196,108.29313040776802,221.56887999532475,4,59.89423330881543,645.4672984018371,16163.080383839722,901.8148001424439,369.11410315369386,627.7536280740321,855.577462912742,13325.25476434001,697.0181481950445,742.0069643827193,0.23426512258069207,8.335068560174076,6.1756428139099935,0,yes
212.37398207203148,277.72070720449676,364.47571734045073,284.6031096917913,1,39.052610273822864,999.707300781725,16842.05698208989,961.3889600259887,903.5651926095243,52.19341143883889,760.6434772261553,14074.304831307725,391.41220368068,643.4211216249854,0.2765391623223869,8.762198279328887,6.2963670540063,0,yes
293.50625719537396,347.0739231578216,267.80435007991866,295.07868909048494,1,30.17673878277348,790.8404799444472,17034.002498913957,935.2521404417134,347.1019085782456,614.6043903595146,937.1688541230542,14294.164912544507,196.12350330616275,654.1051768962159,0.296186382201393,8.807159101038486,6.379025245787575,0,yes
288.7122983629626,198.57822463462577,392.1111807657704,249.69142937216927,4,82.74125929066588,985.493522543909,19120.860558253138,933.1522977017792,435.51139031950925,546.8343639680795,859.6164079635267,12119.827892113357,647.8399440391266,625.2473651720458,0.27057220464092546,9.89443166657302,5.658030514298076,0,yes
240.44100221167298,283.09420545072146,356.14981657908515,291.94247345183754,1,70.8309120462836,880.1938366017503,16086.827490402673,985.5856573602343,245.14553630780853,732.8216435329734,963.2432813379764,14709.072817062064,756.7580608730723,733.1132886806477,0.2860307898141847,8.360576267706382,6.792333315093193,0,yes
248.51693647903096,127.11671977762408,231.86077570953591,237.9404018427657,4,33.856319067502426,625.1382209761871,15852.25102438411,904.1091916722598,762.6726667878389,167.95876039206155,741.6325437672049,14019.32345841711,153.38466839510403,608.330371823137,0.19635476237988325,8.175534766234454,6.16352254595616,0,yes
251.81868118412214,196.1391439949653,139.7056299866933,243.12967396161275,0,49.04614718266852,873.8368336475005,18995.65201815978,962.6423646014039,780.0657271645006,184.01265829174713,903.8551383617795,13842.452007371632,654.0961318750415,616.232066119028,0.19289717771219872,9.810379739722462,6.3635767740646925,0,yes
235.92657439134777,127.62521476840232,387.35532426049394,232.31155384957583,4,23.82087772827977,715.4836615019756,17828.250818592813,925.5441832479584,877.1114130095922,38.44275673607876,861.2413686056466,12794.616438370711,769.3853670261642,613.4363635742966,0.22367875435698517,9.186251586172675,5.966486023408306,0,yes
222.53453801675712,128.89893314473758,305.2280340290142,280.2849385922062,0,88.88341979895705,645.7989138931267,18031.90829204227,922.3324928264263,770.6923428739481,153.59505195090264,986.9206597450618,14218.53201107249,733.9080792450467,624.5399657595553,0.20784465537402402,9.272357085610022,6.57477696641622,0,yes
209.8621687655506,394.66329847919775,188.32330756617137,264.6492719580194,1,48.149384870853716,962.9281866599215,18934.70052262541,998.4793140484112,81.2890184899535,831.7336312292801,831.9114312123448,11159.556553572567,671.2851519437718,626.0626863408964,0.2849212626532328,9.80516800786708,5.2627925025457065,0,yes
245.13166670366934,145.4990521712843,309.3538523807191,200.14607202533364,1,64.20652456014244,688.9016456807769,15458.411340299548,923.3666747453159,741.230215106197,251.9290637293716,832.4223225308484,11914.742558933853,505.3372665063712,641.6725705986825,0.20303432427147056,7.995186437128538,5.5117642874066455,0,yes
299.840552926619,125.1328461438872,261.86125893969637,228.24386026026514,1,74.50143886016645,879.6919916399524,18074.301999779276,903.9181777892521,702.1491406866438,221.38787955994962,753.2301849728477,13838.682958270609,330.06562289192505,639.8312698849642,0.19922891596351527,9.342976605166612,6.169720865736126,0,yes
284.6654432126845,399.13034615750644,288.09511978543014,294.4100022963674,1,94.97585944498542,899.0188803845186,18450.373273454377,921.5488260892831,114.75828541451659,858.3932530154414,798.7359963919369,11936.837111709185,612.5457661132168,792.5216320648864,0.327959510935829,9.537801441426305,5.567196902226432,0,yes
231.63285880168246,187.33109016327904,222.62562620856676,203.8050668782385,1,34.76400126600299,757.8377979064182,19930.203534314038,931.2239682587467,449.2295989214495,532.6382394240522,845.8798430899822,10125.257784868261,832.7930234271581,650.6779741772303,0.19774665356670904,10.247369408235137,4.9319505299879784,0,yes
251.2369399398004,193.24379388714658,153.81744467438688,218.59871249333094,0,67.85971079933091,942.9477995485045,16405.858596720795,943.5818674008808,843.4366537551612,114.61466474710039,918.9044484866491,14529.628100427086,138.26538823131065,774.7113809202405,0.19194663262430858,8.52858080214335,6.458205631788479,0,yes
287.38007843085177,163.8574078383487,263.59116140156925,225.01289279550147,0,91.20209026425768,743.3391257952758,19852.524881458667,902.6157005363433,98.82479753136376,873.9020393588877,721.8116633898406,14637.276433417857,592.3446039159514,635.2505716234973,0.21093939074622958,10.201407498233769,6.587667215887582,0,yes
253.14127306222434,110.07938452519551,202.87145380775786,257.34525542788737,1,80.81229134211517,849.004529043636,19815.42087421683,949.5770859482927,691.1488022311207,264.73962348725627,899.0901977307321,11683.073147099534,226.54872857293142,672.250653395463,0.18211035283343932,10.212863619434971,5.333107659236047,0,yes
239.41505391522594,286.6210482431228,137.55548733533308,235.78665650222558,0,21.665695396187267,762.7239588625204,17845.542762578305,914.6984396381195,166.40115553636173,782.2967141750726,886.9115349641247,12082.634030954465,374.03197665523965,711.1453812227317,0.22218212725833128,9.203861519298606,5.551190289637465,0,yes
246.59103797525776,395.1905010118918,284.2802522623912,246.45885462726935,1,75.17151448645866,652.5423373908294,19867.977220356912,994.669554527619,461.90215199092097,481.9952098835141,821.5222736041214,12104.970012548427,146.99370962132807,670.540442735295,0.3087217920822344,10.201831752896432,5.437143043492916,0,yes
230.4688914747437,178.77651374236683,331.5834770685659,246.97825584900247,4,58.01374618863154,972.9815047193697,18264.562678317434,983.4839296370873,378.294960352539,617.4841386382996,920.2584041061868,11525.629330217798,268.59072942139926,788.1696841856382,0.2395262718561905,9.470332513763363,5.316292506002422,0,yes
292.4493168600668,225.75394312243122,202.69188348956865,294.9755217631561,4,52.22178757497319,950.9020166761652,17963.74308930833,937.0333386527833,508.5403005466609,408.64141765486227,898.6519231690746,14397.055513964366,818.7145788847108,725.6874087700733,0.24925205053060567,9.308446444389741,6.657130659589721,0,yes
272.112663529831,116.7525134316366,334.5579207909037,237.87206991662146,4,32.75573955629818,925.9245658515883,17119.93381903178,951.6629470520779,677.6758584128438,272.49224022880924,942.19758034849,13367.942271835727,740.3848350346487,719.0870349972912,0.21558158445939649,8.882838351576163,6.23522145851351,0,yes
203.4158890328816,337.35383351681884,203.85896329004942,292.6647836650008,0,28.171101128084615,793.4455161052929,17652.419230778618,991.9411080104065,899.9954102286945,47.35296359287588,946.4128569841148,13808.12596856909,149.67758277139717,643.1423743735991,0.2633833087364433,9.12476719892215,6.166315680326456,0,yes
234.62606817695794,310.1213656560062,387.5553372274213,286.7657823958492,1,32.07694537107541,781.9070215963136,16804.011650570275,967.8072468189333,103.64138697576504,838.7082131997229,884.992440958804,11762.374126260826,219.25792691160373,717.55215896483,0.2964813090994219,8.694653204744013,5.360383624561698,0,yes
206.37502893490768,118.79298641456617,143.04049974451763,288.76998357964936,1,74.58180379387743,815.6477656122545,15067.141349447245,998.4121439518468,92.11983553190662,896.8189652249544,748.9035361532917,10648.427012113652,772.958093077335,630.6483527737898,0.17322348266543075,7.837986647329193,5.07685141040561,0,yes
222.86622932455012,343.06784952294163,153.37285370773517,220.43374040074679,4,24.72710178832525,973.628420940599,17880.53573793783,941.7279928309915,611.678075249364,345.2456053777977,772.4493413752402,11127.185344585605,654.1101550516751,667.6559587702454,0.2591478703576356,9.272710002019412,5.230659611164908,0,yes
255.12002954774584,307.421308261548,300.92628170483306,272.80691018336864,4,95.91950675323397,762.0069031622353,15510.477269369072,996.1707775284319,240.81300617152488,739.4805189231685,920.2736899366602,10144.287279128355,186.67989730652374,772.3177929297001,0.2979005645204583,8.04738931778572,4.726734596137157,0,yes
266.73578940988693,377.7730048727621,366.9128496622663,213.05317676639072,0,80.17874336461398,927.2397169256769,16910.498186478875,932.4986177724116,770.0800832653249,215.12682982507658,910.9830155850112,12030.671938193049,263.94159460605397,680.9767390479881,0.3107777826891995,8.775788524556223,5.497058310280352,0,yes
274.79988615315534,246.5381733083689,334.09182437255856,201.25210496742883,1,32.92810845347772,836.0833326751347,16741.749824144983,935.1130593740875,676.9557660036611,230.05708458937283,974.1552125882507,11065.194340391201,673.8255968644464,674.6690319105247,0.24844048988087056,8.671136355332164,5.288511289937801,0,yes
263.121127739319,318.72769412413095,367.0654638155216,226.77395011684948,0,69.00726445386984,819.36142952628,19104.139806285122,927.1122586750508,430.5778212638335,564.5204778678385,874.9526413570425,14097.996292521351,326.4012217817709,706.1150060024016,0.28807232081877837,9.847484594814123,6.339245054838298,0,yes
238.57235763216443,130.42800431874275,341.1160339461512,201.24316742769506,4,62.35499889710249,952.8396193107824,15297.434500624564,901.4791132281573,539.0605946553715,440.73654665108995,873.4925427107253,11432.556430010642,759.4460799159652,785.4236875692907,0.21451595473234708,7.970874220052833,5.454117204068203,0,yes
270.80479419909204,275.58323746335134,321.76698283348196,228.41365629011847,1,25.843708991632106,777.2535766096006,16257.188255013913,945.3777897233239,512.9745918880171,434.4478777047991,904.6558604052992,12466.35271243608,894.8564312766246,659.2537525778191,0.26162978559595074,8.41711672221521,5.913097084199306,0,yes
280.006884176328,176.01697679507538,166.7505045969954,289.02549487436175,0,82.95637428768353,682.1460752086502,16073.130159217599,982.0905289646339,651.0856847466379,330.6347845279257,826.4913111309249,14366.737924759174,816.1611601690627,698.802407210056,0.2072667014528166,8.309145684414583,6.620441750022251,0,yes
277.1088090900721,294.1391283540547,238.85485700355574,215.88213932975899,0,27.95525326112612,609.9830967201132,19523.35381016852,948.5601107363003,612.8454065732657,326.4635180163699,773.5891379811208,12533.265231478013,696.020695459256,633.7634111579873,0.24702686008643604,10.013876646315824,5.803447367619156,0,yes
278.76889388768956,281.43477153056745,258.43898215121,262.2707199889093,0,67.34169376799244,711.5864400159392,16974.828903516336,954.091343414045,779.7714868863044,152.62461862450812,747.5061413967169,13230.268111024327,288.1286096349413,708.7124249281358,0.26030048808484685,8.762601180169096,5.917560602949127,0,yes
289.55645642875834,383.44997589709743,362.19755607542004,244.88193448669523,1,82.04262286222746,732.1211846002493,16731.39591867624,923.4254784477603,756.3682629279687,146.8037540908938,813.3535220476532,11116.375648137377,879.2784594563303,641.9567839876656,0.3255953892607708,8.641205241305732,5.322028651683729,0,yes
241.44039211951082,389.2814024154192,335.21057644192683,239.1596759959217,4,75.06347899747746,934.0748692963462,19918.053372760518,980.7290644463302,244.25157323815878,701.2312062032355,979.7831630766066,13132.892752319593,295.745346531912,700.0171438778693,0.32641973000048946,10.287770479532371,5.975216324004309,0,yes
224.47935123373466,233.94870879670435,218.40131848735072,271.47015238471255,1,72.12080632661392,932.6652269931037,15474.132023238186,973.5616286343243,360.36836162350266,545.9861240871744,954.3604093817644,11333.5553207404,790.8048831322315,615.4940165151634,0.23287406175873382,8.064496459593176,5.426889279734142,0,yes
204.26404132987548,304.55112041793075,300.7503902293172,216.6020069499882,1,21.895510909861493,700.0017779042778,15382.891992620453,983.0641752505805,26.653392112219656,930.0478033120013,984.4403987149099,13856.067315651475,133.89304458130252,768.7107207020621,0.257746310824374,7.968083058957988,6.212260592005577,0,yes
271.91524083728814,100.57806983860476,136.37466297029374,246.68431246684688,1,39.50973147588093,812.4407303222579,17640.023161989364,968.9911369691062,707.5005708420466,271.3909964988244,989.0950793992465,12982.85148940939,662.5707460780069,734.9961383136305,0.16006145439126168,9.11963590551733,6.074888093773759,0,yes
231.13663794040485,233.9321925573115,117.13896279132173,257.4105817745528,0,56.17548923423465,946.6019189522442,17231.133522251,953.5054823256819,389.97780058655786,516.4675958335231,900.2061116830799,10256.376097351225,271.2740724103455,650.1718500384295,0.2046393834017223,8.94341984879717,4.771090630079794,0,yes
200.22411726858448,122.28767302741302,356.6790670846428,286.85128770106155,4,31.647456980981417,717.5279610827838,16756.322570148666,962.1711477863839,726.54461287941,195.8423590130093,752.9396679937814,12712.835334204667,874.5538122625708,767.0127060175307,0.22279234985910998,8.655770469990962,5.953694780796145,0,yes
285.8410154484461,303.295841987348,176.17761892369344,233.16691122343866,1,23.760983656211543,767.4281805317752,18690.782140941454,942.6271622248062,957.3661229940841,32.84921754026129,908.3227187445575,12155.582104966077,443.21391573646014,690.5817645898661,0.24618989753981385,9.631351836747504,5.619626086432695,0,yes
214.75270007826862,213.17276563610386,155.13173376447475,264.0050742733299,4,51.0395189180356,969.408971128516,15501.61974888408,943.8041529595776,953.0448297400947,5.469476772856865,901.2054159087336,13362.08364952163,338.62092609995926,743.0944367214015,0.21853847290436043,8.082565762233616,6.060106417283553,0,yes
227.14417198855605,272.0946607706361,323.1770366847155,235.8119418109664,4,89.67066577945486,636.1780335209778,16184.417666037907,962.3376527732484,381.26501591701725,554.0532307108945,991.2707266127373,13610.637091916948,587.0970878941228,676.6742461019915,0.27649931729457955,8.3520077710387,6.282979218094884,0,yes
236.42999685080198,399.9478436455294,348.5033480069586,284.1040773700492,4,25.507139707650985,906.1505071473068,18386.662667562014,929.0066709837938,744.0383749552484,163.54242181946483,984.4952532079051,11044.322268202002,260.68947212831006,616.9701038049928,0.3354714415079806,9.50858767636193,5.111563775449303,0,yes
286.34639200805645,187.24208049368445,319.69468228695894,200.82662858344364,4,90.61284463191336,935.6672349133914,19343.629974295043,987.487516870619,924.2578054788528,60.78127284862717,839.6519675751563,11193.246198478795,113.83169767522317,628.4516806050344,0.24247164632803558,10.001858730424852,5.066600408878453,0,yes
223.77203040225777,389.8727637210695,311.55888533177335,261.7950908600125,4,94.62117326907338,988.6615431468936,17656.112624389323,967.4231421566909,11.263550995049822,918.7885296982417,715.048825085423,12502.355115076476,486.0271897053696,648.3405917703799,0.3266802899769549,9.167503846947781,5.6843083623504596,0,yes
284.3650768112441,347.58562893154215,203.73641346476637,273.1087539675943,0,32.22398345304,748.6992853590557,15660.864796521666,920.068840748142,292.8487081611007,633.9826429185844,973.6138218408536,10527.903056515319,851.3571863022696,706.5939308413682,0.2742825467276168,8.109147397522921,5.151306768572014,0,yes
211.93628128612866,106.89803519064682,105.33358886888172,223.95393416065224,0,55.10618762683082,973.2751865841212,17077.50643222424,990.4266660195162,433.8903040915529,547.1839453171315,919.5702446130398,11076.283520607556,785.1065396843093,747.431996965942,0.1422143822288452,8.877834036237626,5.335417942612934,0,yes
294.94199421146436,194.61364127816648,113.76115813386556,266.4351697460751,1,34.49558236613821,766.5366003740892,15019.11428587735,915.8438050366618,488.75955183607357,496.83827498915866,852.8858910368559,13135.197862015846,412.5225308703899,781.4807001844285,0.19938967552988804,7.791650227555863,5.988438010613922,0,yes
227.81879789539863,216.46888731562927,119.18380470967344,255.9928899575745,1,63.6642953565238,868.4436963000092,17866.22560416795,937.9697452422255,28.79347625391733,886.3524937958798,997.4783124955433,10849.683552944887,211.03632405316174,648.454464093594,0.20230178986504488,9.241053874350918,5.024190330614683,0,yes
262.3263981124459,118.95086039038698,238.14947999493154,239.48459678885624,0,90.12750936397238,676.8856473768708,18323.98803872663,907.6145575486818,796.3348173306464,109.4485783601358,867.1610444271021,10440.135678231876,149.26239187120603,670.4741914101363,0.18747568484251692,9.423185990410957,4.785145748652787,0,yes
283.6607816745023,108.31055512938438,222.41521580661322,240.94163814977128,0,38.76291652075895,737.3617304338343,17500.360584847946,934.6240491427172,393.16890133595814,507.1533210191683,865.4036483725014,11727.67248351728,158.81451847697656,672.54719267319,0.1766074508496123,9.02838005507742,5.302806197988738,0,yes
249.2317778297228,196.99609289347796,134.59711073629114,232.04564740328902,4,71.40679251062134,985.0583683392689,18845.50797819106,921.2167685643054,633.4530571103937,337.3834822931876,711.5679962370223,13367.079357054476,781.5049786062034,687.7257715535694,0.208485285500873,9.755020233267109,6.1577815226239085,0,yes
286.2405358555143,125.91198493359653,160.84803774114002,288.99407836726647,1,95.78112854754757,657.4567271514368,18562.57649152409,995.0215132154162,490.88484817082445,470.6777393602205,917.0346728986553,14013.04886043345,308.0397052927822,723.0066743183934,0.19244038160523785,9.550254345306069,6.312348776295472,0,yes
254.60912799018018,111.9379684635814,226.12754344362833,250.2572854968334,4,23.827298785406068,683.6307677584288,18084.419862533523,968.7168137788251,163.0970819611571,825.414225916484,755.9729969333634,13892.446614130726,191.94543282752568,650.4949467667647,0.19110997297961624,9.313267417856464,6.147420514537665,0,yes
266.50878378233085,213.42553490997778,231.27552501393686,273.9182300047562,1,40.424188011172404,992.4358688290404,18482.054083665178,935.3986526933235,232.5216705277784,714.543083444988,878.5028941349004,14263.164153133865,201.42674875279266,614.8438016613136,0.22905804986543182,9.576940410520168,6.338128959084691,0,yes
221.75774427536206,261.5441000661233,384.2917799582538,236.0875380070512,0,75.46957878482681,696.9037495414336,18756.389953336442,923.429720610782,565.968555356403,364.2100802172249,865.8252002575374,11812.577883524635,717.6640399579605,712.1494764033199,0.26609114000842254,9.645942323648088,5.569776532072407,0,yes
215.19427418306378,243.5387032670883,259.0906349682905,260.48057772906463,4,38.95966923681453,695.6695996550095,18404.537615078345,931.394764189051,150.0740426964568,781.9633183484241,702.3007372536806,11884.397192975468,633.0012451823466,736.890407061562,0.2493091686682592,9.470835834791982,5.502759972674814,0,yes
270.7145693546397,136.00119778900284,175.28967102152137,286.24205078608287,0,53.700731799491464,758.5918241130307,15654.138797988313,936.8362291405874,822.378640117392,114.5133508985748,909.9087337135406,11334.298792375637,398.54308218988865,639.3034998628111,0.18755695150056803,8.110273920375318,5.259790665619115,0,yes
263.98174515022714,180.8617838530538,113.57057565878569,251.96110931660817,4,26.853234443867944,848.0031785115303,17443.78382175947,967.1054003180916,718.3251423357186,208.01659128885274,922.9764140053211,11621.297801096336,558.1228054239697,637.0357549557081,0.19807479370995623,9.029234789202754,5.441906322044899,0,yes
292.54821805678773,204.5364847170465,114.77964403299593,256.43996917505723,1,71.23626260677145,769.7022351145492,15757.663446326937,994.6820228342757,950.7409901378961,48.88644976769149,896.1375040687683,12452.102211747526,339.8744871603384,795.4000117396303,0.2058783779458411,8.172484494816164,5.707248415048888,0,yes
223.73185017510855,180.92217455552014,272.12752749124445,248.33267093340805,1,41.77708377907818,858.8779469307991,18843.78822177183,970.5757692495459,634.826331126478,344.5547435114862,782.6885584405852,11996.7014947146,452.1724705791464,721.4824665685804,0.21387243832011102,9.732165638748201,5.5119836359595755,0,yes
245.28727754462383,292.9869959327092,396.12850985013154,251.00772857505143,1,55.34782320817957,617.4703286519174,16883.38170647656,957.6914780237271,718.7299587543044,188.9550050827985,995.0457256763309,12032.062854669764,345.6988247201754,638.1959882211523,0.28846282506435894,8.696775331582561,5.5476719225107844,0,yes
248.83682741085352,120.15840941785171,120.45753120421058,211.81447525588237,4,74.970848015532,882.9723224148333,16223.180555189612,916.4829191924302,797.1100040531078,107.03683450764788,773.8589221855691,14710.456327451062,772.183333762995,776.5893193035909,0.17127423514260431,8.419873812594904,6.718948067707681,0,yes
238.1721367567779,287.66026109567645,345.2635613021077,226.32468151697694,0,89.31526216059902,600.7705973189927,17190.396225812303,995.2444611222372,157.61495516795932,814.3708835842956,713.0782908868504,10334.0482109178,710.5881321056714,771.8378793290951,0.270593959996477,8.851846365084263,4.928111449880366,0,yes
257.2409570623211,139.6663060651052,392.73959639174456,293.67029651511507,1,23.496209227376717,704.3366367965641,16452.181597069735,908.9056498885732,86.3512449081857,870.7171971706975,935.7005636056557,10469.025843988979,850.8313628858203,730.5463841753241,0.2324975851622189,8.493487698614965,5.119701898777096,0,yes
284.91325389083516,319.27292086584055,253.83775967476774,207.14250298116684,1,34.54016628903875,894.8278648143373,15344.546609920797,950.3029322696854,318.28963087502325,606.4673271838695,970.3793896710974,11955.015207361957,562.2538169625591,622.8555791913451,0.2641450144384533,7.987881486782639,5.593936305495466,0,yes
204.00842515158973,258.01575163239954,392.2317537352084,252.8574672041145,1,38.05896161732094,871.4756647774382,19499.240814071203,944.8754876000578,650.8599437647683,297.4254899402139,848.1817393564324,10562.82519424224,470.97522067560897,677.9718544351546,0.26667861755558636,10.059194758880755,4.962121708282857,0,yes
258.3283876909684,336.0603526049117,305.6495315603122,270.3439685832581,1,55.152994684297354,867.1524031772142,19293.59858763873,940.4627839938564,625.9438261328794,347.96984316268856,710.3117905128234,13482.170405252631,359.4439366678521,731.7289547848252,0.29308822498431286,9.95479100223733,6.040730166602586,0,yes
266.17439862534945,154.27581406643762,390.2003322577361,218.1617576023833,0,63.286398448593744,948.3957301203432,17857.846942610853,930.4542792275548,201.762642139093,702.3650959444958,765.675449620203,12296.697122447495,209.6495222947379,705.6247687823169,0.22486323789241128,9.254021633831718,5.5157353140688725,0,yes
214.1193076234269,341.0761054874132,333.4290401523232,260.1956589136444,1,26.806448288163764,669.5538686901289,19583.615569414134,901.386335137855,913.4863822806669,10.72149256874809,726.9335102711641,14881.723881039521,511.9023830620716,744.1515351393901,0.2894717427230183,10.050543978775718,6.662995384783564,0,yes
248.09314485750153,331.3952400826844,251.30308519130466,257.3999685442127,1,55.19616955386474,943.3691547052904,17626.412378870293,945.8301553177021,486.7103324549617,431.00524280960946,748.1619685186904,14472.411700981083,721.3248824948118,724.1902997005236,0.2764751446753575,9.139263118505568,6.587996019384561,0,yes
269.365171971971,260.87007369246055,368.4728248877129,275.607450212228,4,24.473440690722768,864.7695654267088,18130.90444637243,922.2470964501948,964.6593548804284,5.290274343359101,803.4508697326673,12254.426370658512,216.80565686998906,699.71534896027,0.28617002654128926,9.370409253030969,5.525051808278493,0,yes
293.8503920203263,388.392522101228,128.80948296136904,208.4132362424421,0,41.557768808791806,601.3632443036039,16449.875701821766,984.0071300685667,348.1055657086984,619.5731040175835,963.6508719958997,14044.106439419811,368.39947143897894,609.6771649329928,0.26505573879650757,8.480156836027364,6.353519926598067,0,yes
254.88050229971918,308.3321426992327,372.2938394989512,270.448059227492,4,89.65693605678814,992.3246685753807,15548.501865919565,919.4474162875392,498.16061169478706,433.6366437685743,851.2327742522283,12910.354717075612,313.46178462306796,645.7011106666475,0.3112486985761973,8.107953820275204,5.832849029298866,0,yes
279.57796414940094,294.9587268316427,399.8805438327322,277.9884683283807,0,91.05205435134012,629.8716200223478,16881.931249623838,947.1319676652214,426.9055644972437,499.12858154396696,856.5646939657105,14017.240350434515,750.3432447409076,704.0319761486148,0.300225779867111,8.697296532623932,6.4593690055118715,0,yes
241.87604848934345,186.42949991421187,344.8336650018308,210.5006022013831,1,45.82396225884544,628.0954919733567,16276.390635117812,900.7942160344967,498.32781421257397,405.8949663352402,932.6983212939343,12099.157740717728,129.34590815001908,731.1897270242214,0.22585113777610274,8.387796641581762,5.474802198565947,0,yes
223.24434394493173,265.1913578553246,343.6498447297293,212.08898750198637,4,98.81882759437697,799.6099985802973,19175.888202982438,907.178913021549,642.2171411472879,315.23707525375664,935.9376890080173,13349.993019131105,346.83744787730666,735.0117901514484,0.2737460399802235,9.876217604204106,6.071231154767604,0,yes
271.91090643855875,309.73576235055873,350.8971394581165,268.978527729825,1,46.269089274229174,657.095292649976,19367.975802434194,946.4782395961338,481.4095601509456,448.1259362707799,900.9455551613498,10981.135950774675,341.86782784702956,691.2066990745901,0.291936881576652,9.946170204555857,5.098077384379405,0,yes
254.7309782650011,297.1569294479424,291.87690601144806,209.98253721693058,4,89.71377007968057,861.7906192144978,18359.561404380678,942.6631197457723,650.7789455357613,253.24274619188748,926.7275869919898,12119.244468588293,786.2138723031732,784.899689337778,0.2785903591586607,9.48686454506591,5.75031568732948,0,yes
223.70288389731806,358.8186937344808,233.42835497148974,224.43437875259366,0,99.7831755004148,824.7268856881276,18179.090011949775,978.439981390435,132.901951262878,844.7793140684264,863.3495943357635,13833.156193500217,448.46394839366235,637.8195187431828,0.27580096295638534,9.393226317816767,6.2661030062205,0,yes
297.13260279572273,391.7283912047775,273.6330809019233,239.45176039432454,4,52.98498579236618,665.2546280037903,15785.741889853967,975.2140098087508,166.6282651460614,773.3647228216646,978.3202630834704,11645.527547506348,392.2381071061655,619.7689790250665,0.31941484530934067,8.160799223003263,5.406997038987109,0,yes
205.72128443790882,151.22462916194678,108.80400835043844,288.3976928248488,4,93.30524663267448,644.7874635947253,19209.033046588534,976.4603585973967,152.3316910813867,797.2696327191679,835.6215209978106,10331.689808415143,666.0461022689619,793.4861362615584,0.19354638728533977,9.868143694635231,4.958174684525723,0,yes
213.90618856693774,199.51822984767705,338.3585918850847,277.38953994357723,4,92.08534506757803,809.6719688330347,15376.05699752754,966.8611481983812,165.01595341337702,827.5740353543142,844.9277807789402,12575.31383061915,689.0412339970126,761.9742657621083,0.2574527140022618,7.986739573545837,5.870276726984825,0,yes
283.1574995464376,243.21831198581114,288.0469970093959,297.29341233713956,4,33.90865008951898,605.5622578026357,16324.622574642382,944.3330409478726,665.7867009792351,273.44128675475383,891.9892585373234,11261.576463633837,160.69046636614502,664.7707103955892,0.2702934316283617,8.412969472805132,5.132051953757108,0,yes
294.66793619113554,384.79840396023707,136.32938074101426,220.78297392958711,4,41.461886666790136,763.3104750530442,16397.866955056394,934.2785235337336,613.6128789426366,342.5552707859721,701.4390279618506,14835.138424503319,146.08575666875313,782.6641743737947,0.2836875863086371,8.482834117143728,6.497353995526633,0,yes
279.5704345788244,388.7289589918038,314.4525577507841,229.8140869326825,1,31.37399644967079,705.0868136203918,17682.908730782117,981.2973503089659,430.9713038705165,507.38946998425274,771.5446202394332,14642.961967046194,536.0305957594824,679.1836315115465,0.30751008568941757,9.118965465446836,6.588339679892887,0,yes
254.74126732542211,146.43457891660574,392.00989787195164,282.6138608905431,4,42.35082117089449,927.3087103984666,15904.785467180895,950.6278199657822,511.3747866274119,482.29420385892496,723.1727426953123,12785.80223813923,700.7175578276203,744.291004659979,0.24690110759551376,8.275437673763221,5.908238957053448,0,yes
209.65357091140783,215.74408014153025,369.19443857615863,296.4650574470689,1,78.36069712409088,874.4891837345235,18363.157858040544,962.3385237038922,792.2361143099047,188.51201132148242,951.5046551543962,14600.553553833157,114.83888125972044,791.7179915065243,0.25966262491736225,9.494238235997832,6.495651182096677,0,yes
201.19524664088686,199.03450512193783,171.93841011916695,259.75530790955713,4,59.48376787031379,761.5657029033895,16465.201859447334,943.5851214037307,625.0824514851864,305.22634539880823,730.6763151652144,12910.056034341824,476.93701857065054,795.161835809413,0.2147450307514563,8.51739181898701,5.869475000630903,0,yes
283.7311617186526,278.8479241409773,145.08563396603176,243.228052036002,4,35.86067544733342,696.3220204713107,19258.20917182704,927.8403230598698,53.03140755582317,944.5995708489908,833.4909490774655,10388.97368917273,873.5175729002099,754.9619503921538,0.24545792319683016,9.897327965668513,5.064722940854077,0,yes
237.70880486342898,275.9317022579467,194.46002864144404,253.70806954099874,1,25.076682368314476,688.1086873412145,15494.297541551221,943.8261498875262,569.1002957999575,390.6070276439325,745.32814638761,10824.735485732946,750.3724894036499,740.3891339833211,0.23708461768363295,8.015760966858624,5.147322159865738,0,yes
258.7490606297409,383.9984748934845,164.5024881053193,256.14506213458844,0,24.908699947739386,939.5428215793214,16504.271414879717,908.7457989711941,940.7683606593534,30.40663123855029,825.351524892108,11267.348708736681,583.7502475102674,603.7057303377067,0.2734462575867967,8.572237630465102,5.273341851293476,0,yes
212.93726557322367,175.38203375622416,392.27999312235744,270.3704823165539,0,29.63409096749426,683.9486054779811,15769.719551245851,971.3720912795791,306.8481609737388,599.3318871774427,777.56851856499,12469.479182309256,693.9937816140092,689.2572037588973,0.23320541909474488,8.15635368437855,5.7814641962273265,0,yes
272.7996405462628,118.76593383940697,137.01674626517922,233.0921956931019,0,44.09505566612461,719.6545060569493,16451.32060576029,963.4344183406525,193.89280665744624,765.7090810458167,769.8837059256905,12537.859363274476,800.4268817201572,793.1363578940845,0.161434856196539,8.503912568069516,5.869429765060125,0,yes
297.0806073220759,357.882815019211,387.9669295964865,254.87719034629268,1,60.03857088080835,790.6830218808806,19598.469436432602,988.5646879775953,373.7333293044701,550.7823745012988,864.5257332784128,10315.785789331103,617.9953342287545,747.925100689408,0.32070853881074785,10.09670820960847,4.934637588762473,0,yes
294.70906752986804,345.0341969077692,347.25892866670154,276.06262019425253,1,56.75927142538876,706.1617128206656,19264.25281976183,951.6096197008735,738.9318336157005,172.61615549852854,818.5714457833847,13636.961568487546,235.64813656402794,663.5013453859069,0.3109517430265186,9.905777154980465,6.0788654953016845,0,yes
212.7781823689883,134.19024882660932,119.92121679023714,237.54986679668673,0,31.143524710855903,652.6171297280184,19804.7883722782,900.0602142432425,107.3843970641758,822.9674640977414,728.16505484099,10040.69284542788,159.20449132646937,709.2787211840251,0.15586244443660757,10.157244899039945,4.582219028644595,0,yes
293.6005002537304,375.7772030637734,133.61442844935885,206.60648016977285,1,44.45222172803234,603.6975736754407,17077.942866796522,980.1177330703695,100.51574310143673,832.1690958743156,971.6272364962517,14412.766387136951,479.0561748750191,685.4953542476412,0.26494137193006756,8.79415886501539,6.553556874232553,0,yes
289.72381400134327,156.17317093261062,343.3532275356323,298.643586954279,0,57.48777328682738,922.9246269838544,16790.72203677644,952.8664482384851,410.03262589859,569.1957780757458,820.207272348104,10367.00020020935,180.13620475495412,751.0388756608737,0.23460218646055467,8.717713656038255,4.770195196754872,0,yes
284.4615131171413,181.0068696480888,377.2438623316004,291.91655312038165,4,73.27413235122177,921.2180010844337,16238.18431383392,913.9788671093193,185.64547323051121,729.7111804182335,924.5647720642326,14318.655391265727,584.6391973369298,716.5968647597413,0.267286310732035,8.435723223309106,6.5410530967684455,0,yes
243.0428324495382,249.95248391894904,374.8064191716274,272.3767736076461,1,65.25494569206448,988.7651895763637,15858.098566858582,931.5356141067429,862.4153063800024,99.44904571550421,752.2324637039178,12262.159705653208,773.4876822254887,628.0586920426438,0.27222011340585234,8.263584617576047,5.719806510211262,0,yes
268.7579289079321,267.4318118735316,302.22032377747684,213.07811778876186,0,87.03806421204612,603.5909648701648,18659.634244335335,936.9156372686929,729.872599185826,269.91075940307815,761.0104794218564,10675.922520694552,738.0257604599911,639.1092448149126,0.25482626747796766,9.579028703945278,5.081331042432853,0,yes
205.68361420262298,114.61965686285016,219.00889636132928,275.0204177289204,0,34.45096627839841,879.8754313823372,16302.721056699635,915.1173075918803,556.8992046272693,390.97021584367417,868.9991500702272,14284.330824564588,531.7587584382561,600.9242049058964,0.1748661300459003,8.458756425479226,6.473222998426526,0,yes
203.7600649651605,258.3588527449501,250.21149907384077,271.45367625958386,0,89.43232148667904,846.1109278844192,16488.474163943094,946.8245516097669,409.0931462776891,564.1134440233691,985.4534390399705,11470.241534801171,326.3198807446238,762.4639053492183,0.24455820757430358,8.54836064878243,5.336751074554279,0,yes
264.3547696148765,101.0212975776734,319.3967493418799,272.03791069367037,4,90.48624155112763,804.9595300357853,17225.477470854337,996.4968746292575,612.7522407255767,354.82749380788266,823.5166921493417,12356.07890617472,888.2282495072677,715.3682728646215,0.21936573755597882,8.914498646129111,5.84404848599635,0,yes
298.850302870764,203.67729664429194,118.90924590991284,290.86199201532355,0,84.65710812192492,634.4726246577425,18731.82806295095,939.6792193524293,458.2080589492757,504.94318522020785,820.3585877372414,11794.129378928468,365.07333350056047,708.6973744427717,0.21173137248587695,9.622223726573848,5.407250793598954,0,yes
270.1013558819136,280.6575675688539,173.96006665699886,221.62259078469557,1,46.6371744281053,688.0888595588603,19352.78178707848,909.1405045615111,575.5704092351924,329.31425677474624,707.2232461012809,14331.478980800399,317.3470355555471,685.2036225948959,0.23526421536930284,9.9402487855319,6.346756717055349,0,yes
253.31932305887187,343.52454884472894,297.3867735533212,227.76632035173716,4,61.45363289479506,749.4275060083945,16353.536289361062,947.8391132148361,266.8290865334255,692.9681459187582,706.8828600625802,12982.813656861294,648.7799831290953,715.4094440900283,0.29806430857825666,8.459452727555437,5.9512415959307665,0,yes
207.9029946571084,137.17778094486658,296.41199596057214,254.8897797931216,4,62.754731106620916,648.4900508493025,16982.958499660854,951.8450189290097,393.8566685022139,523.5893009301655,959.477014883294,10968.34514109379,826.5245849535213,791.1262981355935,0.21518155682488582,8.752519414433026,5.321845401950575,0,yes
287.4801558084523,364.99863828974816,247.44798517924303,281.64203909836283,4,27.3877298194094,702.3700949837292,19091.096932206154,998.2612589255336,785.745121496259,124.97696316212944,787.1937013228264,13122.078870419577,363.51225193666255,665.3270861005259,0.30748355481112716,9.824813758889698,5.911633910601975,0,yes
247.77540318502088,234.0124494220315,315.8513663909642,212.56129351078545,0,26.67716656150767,861.2247260796423,16048.567232146432,909.8644332749359,130.63203089973683,774.3945262839753,890.1023424453812,14765.375714312235,173.97231961525142,619.0109250580947,0.2338393574059302,8.326748460457152,6.527459031003237,0,yes
229.13358068593936,330.70269483025834,259.3982199841071,250.076514377931,4,72.21670745687717,878.3608864152986,16269.876629845246,914.5581970837491,743.7706748891829,164.03717298667436,941.4411013430085,10160.029721195056,565.2949582551308,777.9671924486264,0.28809621366360183,8.441915126518579,4.8837382786624595,0,yes
231.84933074747755,326.20101873235933,287.23011658043964,263.03731880918434,1,49.69656928355194,646.704007321555,15520.941352716729,914.3631878610214,573.1016837511282,330.49006818567307,940.3334695844452,11167.347156088896,710.390262867829,638.6141522656146,0.2799661364264049,8.015981547566566,5.325273675422071,0,yes
244.6283708647571,254.14794053116154,224.82703312168502,265.13896206320203,0,35.43205643571386,846.9594099815705,16281.31345606575,985.9623928681232,646.3139561708265,325.77730682138895,766.9039188856585,12814.99512127331,105.1049675751683,755.0640162271653,0.23490665510063113,8.450372195794348,5.697607829012282,0,yes
202.87190601804858,327.90135854868356,166.65300710671397,276.7883637603719,4,97.53713352352787,951.2075408058329,16206.242695131672,932.2087262231219,833.6218439742771,126.39905775669752,894.8981886388077,12921.495194323023,288.8031380146799,698.9509010927412,0.27363774332733326,8.429104600955307,5.855786643357354,0,yes
251.7474624905087,105.24584414949706,386.2644717367614,291.1657225158636,4,87.3665040773752,973.487146098249,17369.55003012965,901.3940352665762,716.1407502458645,211.62836578236522,789.837095960749,13817.822825551197,147.8968239472124,676.7647044606263,0.23626757800993295,9.01166623898449,6.108577075627468,0,yes
289.2478406240003,127.55115062896134,324.5353687539624,242.51177647809052,4,50.981257761857066,670.446271492644,19430.703203730995,911.3711581782464,569.6786610890417,347.7966782112875,774.3429100690801,14776.261417138408,200.94736999694715,612.09922590592,0.22328526391544531,9.975645460946161,6.497097615655979,0,yes
245.12443009020228,111.41974371583655,168.23024642701148,272.9442603529566,1,22.144348352582355,934.8122464360968,16181.801621912482,987.0395051915384,410.49069187238035,509.085774161612,766.9900587987084,14460.669244286157,252.68200775802833,666.697664860988,0.17044986406148505,8.420687010352902,6.3960464659150915,0,yes
288.78001311948884,273.49752654803007,295.0692028221458,249.0937431755723,1,79.82094887079677,833.9689019449112,19941.258565429358,991.7291643385915,68.95923757452078,842.6505617743278,783.5153618055751,12234.881914219792,590.5286510479234,758.3888436818397,0.2686533558253469,10.278224530471212,5.658512016966137,0,yes
254.50682130252366,393.68951731950995,311.3065224840658,257.00048819381163,0,45.137548134085364,716.9346849883823,15969.351288913527,983.9442793094378,232.63437686288543,668.3019852151664,934.305706423424,12741.932657349113,360.5003951193761,756.26438580318,0.30886033926510054,8.265162655312874,5.827898332681877,0,yes
268.0757481150767,221.2348605132822,235.21841498624974,231.29211840363433,4,33.03746823342913,735.2837669568075,15410.801632275034,982.2279123028885,135.00954752155837,822.0809063975578,926.1572179031233,12092.049580536384,875.5438186242546,684.1352417413921,0.23571507475737477,7.989700344749854,5.768851996844307,0,yes
224.12362809917968,287.386267348993,308.31454562236036,208.6591153559543,4,92.15113887119679,666.1962998131194,16525.984891709377,997.5074473548937,631.7858001056575,328.8020096783573,918.0606154351785,12994.13910885274,495.4056701403717,612.9703661764877,0.2741433698696018,8.534215534496445,5.965550768358936,0,yes
288.68088196917097,312.99429054394375,377.63880920322293,234.72678543890504,1,83.45514675134497,927.8565764503328,18969.82075042901,988.2180359502788,424.3205571954662,565.0705455600068,777.5689178092222,14278.54883280928,825.9254411030253,795.6582227856402,0.29853701826293155,9.813270914150202,6.58343402131707,0,yes
284.4748021960445,116.78201050176015,382.6090582526868,206.13578132019546,1,91.80488942562177,933.6352456061759,16050.726884032672,927.4124001927535,379.73656742241013,568.4203884633816,766.0467538080156,13628.23468179665,460.4156707336669,708.07075841504,0.21584515193443204,8.346666679263976,6.155157506584914,0,yes
261.03801876858677,302.00358894240617,196.50096265362572,209.4685519941,4,66.48644425717086,794.7439394210011,18998.746549832274,916.743365442457,165.4298050178046,740.2179956382392,703.4049126905022,13879.90569915075,588.5209340354199,776.5110174140568,0.2592282259254563,9.787867162560843,6.285275523576799,0,yes
249.34172399329617,241.25534402728164,205.44407938592553,220.72913649248443,1,42.174665163902844,669.8537375058963,19130.869663828988,973.8589313586818,34.778574486200405,879.6645131429427,803.6730543326689,14245.294410723765,335.9148669205225,715.3568983556027,0.22243436597559968,9.83418268544016,6.363573475217412,0,yes
284.73490095919266,262.08994201930983,240.91178732955194,218.24116944291703,1,99.64576745279957,606.6679697905735,16374.842231318215,950.8404302852284,272.0120671636185,682.0723082269085,769.2040574666172,11231.42836536885,821.4437868112244,744.0677337769012,0.24906910158385517,8.439214204232234,5.347692025114862,0,yes
221.1607641218503,300.49716159908627,217.39706084452087,256.65890141430293,4,56.34070930801208,859.346899696541,18334.030990979736,991.5251075640958,348.61582124486785,568.5696668904959,957.6950021982931,10188.526640537484,810.6448293235447,698.4644177373104,0.26592746779133875,9.480292146309704,4.990510914420161,0,yes
261.6545231037351,379.3162457312415,136.1199178087119,280.9170635085164,1,23.571803619533284,989.1218712190458,19248.65679411273,939.2386053232453,314.5343260203076,613.1155780240155,945.2226652620075,14363.964577045208,253.82253095809978,738.0290522371803,0.2750508049136023,9.960002771277669,6.4396340575473685,0,yes
221.47358274624528,256.08284560582126,285.4718947205104,255.196714184365,0,45.17316334490581,618.5716624275854,15172.67128162072,947.2789435484108,844.2131211539461,72.0508319356436,849.0350747577568,13599.554782424748,280.1679885514064,748.4526745845463,0.24412005777654466,7.840226694474766,6.105759369242986,0,yes
292.2601260803916,260.14905837309834,350.80782708560037,257.89153585939977,1,78.78424159245434,901.1382735323916,19940.942915601445,911.0146231433947,368.9943744173857,554.8183929230413,896.6946883986429,12266.199944382734,128.48915192587452,644.4301038339728,0.27653188180143445,10.2821278045078,5.518122692290641,0,yes
298.30741453404846,124.81309245826094,194.8979224448223,296.45479036031236,4,28.376538439920367,852.6466481384747,15116.096273738145,923.7746440382934,744.8075833889266,172.36263839892854,806.3176381944605,13989.13397882869,762.5951629751063,612.7724305914472,0.20535832112175104,7.86048106238663,6.419741745263489,0,yes
255.49886947378042,347.61179866602896,208.25148244916448,256.0094726649607,4,60.19196748495684,685.7757976787365,15573.639051459979,979.4045275659992,539.5216478023743,442.3005444963044,723.572219826651,12269.761340473475,820.6992076768177,661.9864412572557,0.2876378242716029,8.059824827822856,5.73746829574624,0,yes
253.0343006691673,343.739023472295,209.7771455367063,231.20781774314403,0,26.282684639619525,905.3819263211401,17798.929250152913,909.4444022945107,4.974546182157837,897.2552590559901,895.504046982629,11087.1418405443,435.8022030065701,655.6821260829911,0.2608598315290972,9.211870977263837,5.167474850756376,0,yes
245.58286677236302,142.28951599428646,174.6711757998255,239.94317377546093,0,75.5416426934679,804.0864084412013,19292.071544813996,962.6941826422227,658.3241272946021,300.36071556126944,988.2913367892074,13192.07448458291,168.264632650226,606.0299765103958,0.18025553359555102,9.942923650892268,5.9407936045027725,0,yes
224.35892756312816,327.55041430539126,297.7249947420066,271.65662657867927,4,43.93417456225247,641.3502474165758,17760.387281850784,959.4690009830896,216.61140278479587,684.4439039779061,886.0263710388592,13482.49636750434,235.11868137310117,656.8876994892761,0.294658328528773,9.140725226339603,6.041550208880282,0,yes
223.1759336228692,203.89241536525668,398.5346165488427,290.4295088572235,0,33.78878400555884,794.9226257065999,18771.487243078787,928.1382066786495,642.6141059548086,258.2478120169137,866.1568437989087,14644.387487069653,291.89897045348624,636.9383989187521,0.2516871347746485,9.675836607544532,6.5184312265547115,0,yes
264.7858486776132,387.19140897330556,380.08337811442027,243.86483433035647,1,30.276868855665732,779.8954611065772,16898.499759098915,986.8982907401994,342.46825927219277,618.5617089297346,845.7167852317973,11459.342802137144,766.6456506665198,734.2807232720372,0.32082195747345266,8.744089798399138,5.4472017994792665,0,yes
230.04846552661772,397.38517771603387,340.42624269604323,216.8754510593444,1,37.811187250338996,784.0358005026354,15723.295216458722,916.6039817236839,483.83710599825315,423.63800167417753,908.613999929061,14435.577373810469,823.3432301079331,702.4003978302308,0.30812530766496043,8.14773594572445,6.673971278726701,0,yes
274.8573852141223,242.31391930179393,182.76438025828443,206.92125245791345,4,99.99705239631756,704.83763388862,15197.976053688313,968.3510232739379,599.2764481350388,351.0309190989252,780.2356656135001,10427.998659427483,793.830605934141,751.851213737914,0.23805852852392764,7.874654748879109,5.020201898674984,0,yes
291.79409170429057,215.3267793858814,105.21121473526627,231.38525568232126,4,45.18723989579777,910.3564497512768,18480.172944483005,909.3496024520855,610.9279546245184,345.40528006280726,894.4420551811471,12697.675617461666,454.81448142734973,602.5842882013188,0.21189976798083185,9.553611316573408,5.819341345750979,0,yes
297.69221968451626,206.38763368608085,104.32738337653932,263.42611433418017,0,57.94458259570534,837.3304273620936,18081.359928996622,910.1430658691046,789.2432284663076,120.55656358352303,810.719540458227,11120.870047188488,615.3753268902595,685.203043338216,0.20090664534781977,9.337804544374588,5.223793590434598,0,yes
217.74059719404778,177.59226841388528,238.82314528960435,246.69751417769172,0,32.66187031343752,779.2771070260009,15003.126153523055,928.5921596406675,264.9313487527414,728.5167184538813,890.8066856142083,12377.642914456927,894.1153233368003,775.5800967500543,0.199650443689982,7.788232633373132,5.893522107413215,0,yes
294.91749372250405,203.67510354870612,275.61849237212766,273.61691264650966,0,31.591050251043953,952.8564364306719,16508.890127282233,928.8552711292591,47.90337775307244,889.989007446882,942.7545990000244,12554.034258674092,345.09415413673537,620.7433968201389,0.23245393682910867,8.580346916925699,5.7371547561130765,0,yes
286.31277681802914,160.91859386229874,257.5282621198069,298.1336061173696,4,46.25230971698774,867.6485145531714,16908.301171165305,957.6644678596667,786.3628632624773,160.35810772821412,855.839832669031,10856.412935645467,199.27762913288296,658.561900013109,0.23338892765177155,8.764620102215972,4.971176024901775,0,yes
232.30938497160025,257.1362796774907,265.02553187594503,266.68450705557984,0,84.58338159631306,629.8472428853498,17316.467708996177,962.4676856576889,197.215979206501,739.3669480495762,974.7496092879854,12495.62396037384,152.5137229344522,649.7680209016744,0.24907288316041498,8.916670952906165,5.653173370851436,0,yes
279.2461248621104,326.6356306416218,275.28438362944536,217.8438961205765,4,23.346683316320174,729.7087026078191,19411.179755269546,967.3573498660309,724.5052920697786,231.28690954028025,888.2258535660895,12382.216428307016,689.9770782701423,713.7411598531753,0.28339519478253006,9.986602168585591,5.799246412906826,0,yes
230.24056808043824,173.387950345766,267.7027137760278,226.71680200792488,1,60.112454816609855,763.5428329876084,18180.03082322578,997.0406495052954,876.6036296460524,66.00430075779013,836.2566084521249,10127.307165193153,635.362268852479,666.2651050790016,0.20877738265339263,9.382627750444874,4.8465802637988595,0,yes
257.04006997307624,153.75216952354407,128.6996458830648,278.4611289889434,0,67.10551855786863,947.9622468579771,17282.147893574405,960.756871894377,816.7170850272273,163.09518437424708,889.1879102831233,11763.542033027696,415.80258688609956,650.3920309697438,0.18373800057816192,8.97023760167988,5.437469327725188,0,yes
243.5822576882817,250.5860572889279,170.8453147209501,216.7415175838065,1,57.68322027891432,974.3463672397563,16065.312023509809,985.2891520881085,208.65631576198555,741.3498542968933,964.2663312330515,11647.584875842296,856.8099652703493,773.249921051626,0.2196706080069014,8.371271558983233,5.609648442494047,0,yes
232.42961726030083,220.73420954663197,218.5903220211467,224.97056886785126,1,83.78010211159433,712.3839519188962,16731.75425428518,981.1761259141405,545.3537941976923,417.33283413623417,831.3805380697903,14169.33399884289,624.8371678977213,774.0498077859176,0.22079640142695545,8.644978102250835,6.4742577872582405,0,yes
238.85410682657778,359.34643011778576,346.3495854345422,252.12340576344832,1,29.923561078203214,711.5162691172411,15143.728086078645,943.7292523662547,357.21678555328305,600.7119114488573,735.7007709206372,10177.42626126869,511.24978561511193,701.114149026257,0.3012653421779538,7.845610237329481,4.783455888207207,0,yes
217.89476326279214,215.48608448156068,212.70703670122754,269.78365732434486,4,60.63620542570304,724.9075913950398,15136.538695548457,907.6511290345801,103.89853393974117,843.4672225038089,898.2838730225731,13092.011366623115,298.4059444665541,781.287867186857,0.23373757750280172,7.840028086493345,5.938374116654063,0,yes
250.34990194249912,120.95844414550501,116.8456935248117,274.4667744465333,0,37.9558356430564,854.9846863431098,16482.980535418385,923.3401549618949,856.8553345976688,85.89113807505828,960.7189699032128,14589.535519541992,550.2579623783975,747.1020608490214,0.1629406937380398,8.544390397719617,6.657910405828559,0,yes
230.36579766871336,375.46859203868866,123.30609654199384,272.39355490338176,4,90.70127011296945,838.3595337656368,16357.881308657927,959.3883467703789,275.6491054516174,629.4084997514608,820.1836361526184,11481.715754510431,293.3571274941097,747.9422074937039,0.2857275775142312,8.483050867829329,5.250760922661039,0,yes
248.14126615490423,384.2805900720302,341.56668990412925,233.50061843696753,1,67.81717723667902,866.2760187531248,16713.02494579739,901.9410979486089,402.87986315280875,525.7052973363712,842.4231329184688,10274.719555214197,740.1375063283429,632.3423245809446,0.31249481658535416,8.659036262475528,4.943552987089121,0,yes
241.52312779171993,215.46852483029724,123.25734257184484,232.69105130860723,1,48.07274732877501,674.9643887400108,17061.385648506435,937.081021294598,552.0084043219617,423.02770716829673,943.2496270490174,10797.104743067759,303.3750591243728,665.6382434598806,0.1978276192262485,8.795495778657132,5.028887711986951,0,yes
271.6876282379254,143.10274528643063,116.41080943059737,235.90678352586013,4,49.64903395729576,787.7331430039899,16191.314549356492,963.2588188569721,227.83569649417726,707.0311597109772,733.710708566049,11623.567822156338,265.4403653299135,621.0312419359121,0.1841686292135266,8.38897460107821,5.2491115971480395,0,yes
228.99609076239867,174.73504390394822,381.7151194489575,255.01519945343705,4,21.477702726710078,806.8102217762962,15339.134342683517,998.5656525494211,573.6287015469761,345.11941794410905,776.3635045497975,11848.450110386011,609.2298642837452,665.1112905895756,0.24476533513692164,7.97202790804782,5.497205718951754,0,yes
278.432995925785,264.23729098313356,392.6157930407012,220.7206147381343,0,86.92694080479507,884.462510205598,16882.70922684723,973.0295881957093,708.5178645949422,283.69350501682345,950.8311279995879,11837.856727975823,373.4041052586442,749.1520355380485,0.2743669100923652,8.757746386347817,5.48964225377458,0,yes
219.11452306216998,388.075116446478,185.8754264723911,243.0027494971459,1,41.303277395648976,888.3616383141638,16938.568436449896,942.0613175412947,669.9786825028098,316.43098862057207,922.1543201068528,12314.880194025212,501.89634254275194,797.077481861838,0.2777746128819101,8.782293190492094,5.7259658868892345,0,yes
284.48439675158704,131.50687504447077,395.7718720665543,256.65987127788196,4,50.73802686874384,891.3382684416026,16849.150677000405,906.885747813724,874.8918885200786,34.54608228989639,840.4263521680241,14441.581907739306,204.71032640825769,733.040857617244,0.24131041992031962,8.733443886847294,6.405965784783579,0,yes
204.1224397805514,219.43326932020753,216.50911825112382,284.0196500023731,1,64.24934250013892,858.9001747567418,16165.153467500582,965.1387896517584,761.5198004461635,226.84839290228956,735.1191426970777,14050.173677419634,394.0876969764727,727.9883698603487,0.22563996969074096,8.39210276730334,6.293216796463987,0,yes
214.77743871934925,265.1078300794714,118.65355161215649,232.5047293983007,4,39.54625073885255,934.9320671035194,15185.182041107208,993.311307971624,661.8116343552175,334.69622325042167,926.3858734882881,13585.363528465532,357.0401009611784,616.1965915460194,0.22427533551140869,7.923274218191161,6.155414224318613,0,yes
294.2852701546099,308.2114649552474,347.19865219017896,221.70964654958232,4,64.04671548678995,678.3942948923955,16539.134314792864,967.1052825045625,497.9062892592796,417.63834125223224,769.8953160937339,10318.746024018756,879.1166590159605,646.022404947328,0.2982023832714591,8.539253692696184,4.987750119577332,0,yes
216.2653254991911,105.84304631954095,270.28618579563715,214.5099344715501,0,69.34019072364876,819.9853247961622,16584.79202940921,982.1810928847837,83.25247493563613,871.9629506701168,991.1267230610019,12455.852623552732,493.5039128177823,788.8959783844675,0.17522996279211184,8.595532599527287,5.801183659817462,0,yes
211.0368931975103,160.7948914982765,214.50634548132535,290.5445603811721,0,63.041785433943886,724.2814572064271,16862.149146910444,963.7911350186141,214.53024426265273,692.6414628560942,850.1072592550565,10694.648331605771,277.953520313295,768.9117059603466,0.19980984118657474,8.710396718041405,4.944820936550634,0,yes
207.15215628966527,128.99407200441433,294.52687036262125,205.05131001990367,0,90.08340854114061,987.1526840049391,19175.254522537674,908.1674695426647,936.6025321036664,20.285102558729704,705.2503444933734,10603.33013830413,605.0523378590219,682.3700732406237,0.18890482303123893,9.918594028237074,4.976544581118473,0,yes
245.35067217313258,307.2756379709548,230.54055399125946,200.00595178259596,1,77.84615005377537,873.5981327563169,19245.822491247513,910.4659336585842,204.3291632802721,707.672765238249,809.2640197119008,10453.049676023098,466.0558939307484,680.0922792333243,0.25369682211234024,9.928252079618982,4.895983442068917,0,yes
276.2938049319141,248.34263209981228,111.83852763360778,269.3616798475903,4,91.19400637289088,700.1489649140765,18866.706917379724,950.9386517194927,845.366550991757,147.11892745192006,700.5370257625367,12238.995803581689,725.2456205660003,643.195555382508,0.23784757169745518,9.705589069809877,5.676780729827187,0,yes
283.9392530341924,108.98294814891514,396.79726256578624,297.4750870664456,4,47.04666867665779,901.9090376493602,15236.939637813219,911.8148855569939,353.3396002418982,637.0007510330908,726.5313801861198,14254.289631157542,493.4486845402342,669.1176182200339,0.24013593732182895,7.930410549438962,6.403679644474088,0,yes
295.8581548352663,287.1430001790428,124.8206503528483,217.12941953054167,1,34.76645342472171,607.0683302165038,18287.667535808723,926.0560614592342,932.5031035928611,66.37092109159858,978.4014201405294,14397.259966824884,563.222672084486,721.4422470891825,0.22890233556462541,9.39231210497027,6.597609131443502,0,yes
261.9784892443298,391.6756217420563,293.48513396763383,276.7419649521527,1,80.66034959569194,987.145553684497,18990.62083943449,960.2638865558233,801.374063614135,197.02071415211128,939.9913121820193,10060.709842330174,582.0022259846212,704.3792940207532,0.31784964051716375,9.833420322096813,4.852814838821457,0,yes
287.34578636780407,234.46615118925757,332.5627687663482,272.2448704783799,1,48.971579222536604,841.4580324045522,15379.995421729735,905.9962193431769,335.7572421358942,644.421564247181,725.3445254885429,13930.967993191778,608.066023231218,763.0042012773167,0.26110976634432126,7.987483861390285,6.330732609727782,0,yes
241.2029914656326,263.53227247220457,199.38787645905433,288.13444258111474,4,50.63251159580048,919.9160969808923,18384.721981124378,970.9579328752063,771.6549034186833,171.7134795349656,907.5567004305201,11583.254454058917,681.067441567576,645.0053472118428,0.255649188423804,9.516522018857447,5.473077530901892,0,yes
250.1542971458933,180.2633532923354,226.1950284259903,261.94207994038214,4,44.75884323031053,735.1739968855904,17675.209028405043,938.0389296632484,935.6137500756757,61.4885873024358,722.3947943601031,10277.25460631843,222.92470375475233,609.7189852919672,0.22285788829811015,9.115789172949917,4.696165655352032,0,yes
288.39602546154924,149.30691343744047,148.737379469365,200.99301786564294,0,39.52133928858178,691.8882280567246,15890.95631561736,913.3884878758744,482.4599530244084,515.9819156990688,951.6800691308786,10486.215953670646,307.3068421227941,711.3020721159652,0.17097590260209614,8.210750455000495,4.9187355932894175,0,yes
274.32758315636465,364.72399748529403,296.30080863678904,241.25116507827727,0,42.96106383804908,650.1166504063729,18420.219005439045,996.4322841386752,471.2501756254254,508.3928326124943,785.3212703214296,10303.671157506065,556.4934316100173,764.3724468090484,0.2933575918719056,9.477667406121961,4.883283627931266,0,yes
252.19189235746532,247.48956586247627,221.36313924575882,224.12393835212893,0,55.294148373479885,947.1793191057862,19726.83416215422,968.554093814367,848.4954851172173,71.01758923295381,751.578023720198,10887.238465293012,364.840167412044,759.6386267250624,0.22680025366254675,10.193476954536845,5.017650715944298,0,yes
278.02293415031335,237.6522507004704,140.8675624418622,208.08045203854314,0,20.947910363771545,870.026899769518,17040.629560048063,946.0979348704969,690.2366809992958,301.6686566488754,712.1402524411931,10184.323179184046,592.7349901338731,729.1920896154597,0.20250944191647732,8.829729823983534,4.817793866049718,0,yes
232.95284551189653,347.31080079042715,170.58826113063503,235.28881036057126,4,65.99437039977273,807.1987701720769,15061.089515581445,967.2237462366451,96.98044169843392,824.9225152727122,867.6823103602326,12117.977568544835,464.4534303871615,794.2748073232634,0.2737201131433405,7.828752987410236,5.601182838026505,0,yes
269.6347298805497,184.25610587556696,335.9089131572524,221.69527910363726,0,98.88600563753403,692.5711291625979,17407.68089320946,985.437954924894,7.292487074470566,910.6409769318968,948.8147297908247,13784.024407958746,827.5729987406582,697.3595850473046,0.23161823765215964,8.979173069334774,6.431885706245269,0,yes
217.11179300135007,103.9237819885128,270.11694854303926,211.87377482437918,0,50.31043971153909,618.0195541267427,16929.45271406606,923.8320540482102,824.1533584905588,117.37848196196433,862.2939744111724,13203.610611776627,174.1925883135302,725.3752655969043,0.1716158412977377,8.715280924231385,5.910695748214341,0,yes
204.37104700299105,327.5199439008064,372.0716738984589,287.32411873883564,0,97.47074789445836,770.8467813121683,18826.838870163247,981.3580982534472,861.5413685562742,41.70544118689213,979.1487693416893,13605.476660660746,117.48261813746596,672.687914653576,0.3008568723513946,9.705479915455557,6.083310319338815,0,yes
251.78897774614344,375.94700272694155,214.1890054701536,208.76828662504784,0,95.89693926159856,642.3934063266892,19648.19138616797,948.9961170907495,899.2311708101626,16.84558359613777,799.5476974220641,10207.577348005714,772.6496742423775,737.6540304501059,0.27873156630578383,10.083413087348086,4.924706815328918,0,yes
231.1944273141085,387.8703896999633,278.7859024313476,200.86306333414703,0,39.895274988295824,657.60432572554,19327.7307633802,960.4066848676058,337.2293290610164,652.5082342519912,753.6614505581616,13794.557788796767,693.0857265632915,718.3016919190286,0.28519554446810713,9.928076210341548,6.316894083792154,0,yes
248.01844498356797,361.11683569810117,355.2590401583086,216.31407486385868,1,40.48113193156071,740.2886241099272,19350.353339332054,928.0768359507431,16.167036790116946,918.3817176331492,791.6265525450802,11643.514281867363,720.7349339563029,649.6532993934602,0.2990787836888237,9.95312628119373,5.466074686091816,0,yes
265.20325303315684,339.86707715479184,142.293745230054,234.59886017659926,0,54.734655258698545,915.8167609368986,19229.13574236658,912.0667894016692,549.6575353612742,366.52434396000126,894.5129959304709,10846.647562055015,575.2117134911114,738.0974489545061,0.2516079404664921,9.92970683799117,5.139419030615103,0,yes
250.58079791217884,284.4200205899038,121.27409945336599,253.22134146418296,0,65.98718858157017,947.2522070670502,16671.053412672856,969.9691147134573,570.4452512072629,385.4629195678822,793.0807087377505,14026.207024766356,279.2005418175667,656.1045860356209,0.2285146002350914,8.665798660903164,6.246900913164283,0,yes
296.6051975574519,371.9919113981916,254.7850630897974,249.6790088222051,0,61.686037777105014,685.5203848914368,19261.830551427884,926.4863882641174,854.508465891392,79.5097876481301,823.289245830825,12220.246142605876,290.37811941197367,664.6119428777445,0.2948230059278427,9.89658090380678,5.539179236327307,0,yes
231.4500266318327,141.17272130504446,171.6044570208216,228.5941018253671,1,64.41899601480418,644.7813333162156,19817.97648956714,957.9697659548383,9.054857384484796,976.958759754775,720.1250293895646,14608.445261167926,355.1417561016944,767.4002157957639,0.1777412700093199,10.170062001757143,6.499859492228199,0,yes
273.15493140137204,260.6517049688173,395.83141680348456,217.7262520304082,4,86.5296469141717,901.6897240440605,19822.308068299393,963.267448214112,498.465649901438,466.04774731439073,949.3296186310635,12248.415368777993,679.0857109158653,643.415518104837,0.28825869992778275,10.230105880088267,5.757761052498495,0,yes
270.60441988235294,277.4694865249437,292.7593674591973,275.21781519637756,4,33.1861641231047,683.2374211737056,17987.743385351347,978.2190130744407,930.7509810876577,34.28130135609149,839.8562271792033,10124.024911339613,356.6424956133449,724.3580398904099,0.27884099101946985,9.266155994055675,4.745966359130968,0,yes
247.4298682991418,217.58877481073796,206.7834010239452,250.08906955402844,0,60.36756221848638,849.786126065367,18482.13502181459,964.4463748432256,856.9551663215897,81.20991893245889,840.9469589906945,13333.021540418198,674.4276695897621,705.3310301863186,0.21715265581976814,9.548444785345257,6.150902660643702,0,yes
228.11979276246132,178.85203596295386,244.6464983264986,224.99782240923022,0,84.14181203360111,895.7147675615531,15234.40801892483,917.1516390285832,211.70174513857006,751.7822347601841,962.9363191363655,13518.12761439451,575.261210122381,600.7591954682096,0.20476127048570725,7.928467401282172,6.223846330707982,0,yes
288.29989060313954,102.1399015609334,365.40705060779106,291.18671025927307,1,56.31322259777079,961.084911646397,18599.119452935098,961.6372576584849,212.07115865958346,746.0308559257521,882.8275144367581,13778.581600441834,326.47569701507064,764.2987081246956,0.21958020365824915,9.631855912677697,6.217259317914916,0,yes
211.78563021323933,165.03428443997194,353.2430131142502,253.420171633953,0,36.02975072048739,944.4092814480798,18026.00099216749,928.4760382907743,210.63993198799594,742.3421950779589,908.160184838494,11388.889104840742,121.36017963832258,714.1384740194936,0.218527284499848,9.336914298849415,5.182108109222785,0,yes
246.4846692906342,117.7539704629782,337.69004212087464,232.64450491294923,0,91.76770717637761,810.3179167742215,16960.505914190504,972.2552640437976,42.933473859016644,909.5952748780545,807.2934808005085,10240.719899128995,893.2897430743483,730.9748450949807,0.20373979926340036,8.779853310741368,4.993431775264101,0,yes
280.54534444669105,171.84717888820467,351.20310682280603,262.78011971282154,4,57.9451390165551,744.8742503547974,17845.659264792073,975.655244586751,306.0497513430134,610.0887532228589,779.9045449739098,10757.46217646151,293.6202859975166,714.6941636814901,0.2501638590944252,9.208341136501462,4.942159402663259,0,yes
259.7710420001579,383.6202523770884,336.0744793607453,239.65109538782107,1,97.77734645748774,793.858876570177,18909.54261042197,988.9240428916279,489.405770510328,437.5560595685856,751.2299926261164,12226.736077467478,680.4686559494194,671.4088205502586,0.3176006015363444,9.753002727691573,5.668913548831234,0,yes
268.24727222020994,242.55661286557458,138.5733593511344,260.0781340424426,1,63.29982992916128,980.0413529284788,17527.641178837406,992.2779557513168,18.879778289162715,950.3745925786905,834.6622205836815,12115.790603799911,570.4256061753251,659.3823763337726,0.2224974559350719,9.104717513674474,5.618127341139814,0,yes
222.70555023358784,222.01625861407985,172.62920504205715,290.08107039064043,0,69.17242833123835,623.0782235363578,15136.719178248673,995.3716855017484,712.8103865205081,216.6413727398076,781.7690981326926,12270.509658235234,413.01504809474727,711.0846546367374,0.21807415002032854,7.829874631316616,5.597226876031596,0,yes
219.45238609379118,130.83362492155055,304.10286568495656,216.7768024858495,4,74.10396674922775,706.569392442968,16984.113124504387,960.72861322789,841.7890209448785,73.06875293373173,922.555080831679,13873.829146028304,185.26250411778645,767.0209311111685,0.20944422153453432,8.767052921091727,6.209193503551676,0,yes
210.07430544729021,345.6355991719231,197.30576995257246,266.1156994312039,4,78.23833876356093,939.9403103274745,15188.672299760308,914.1222092526361,542.1711380975484,453.9661646083955,844.5438969164205,11765.92304590027,838.6507298609848,655.4253194487655,0.2832093434407545,7.9152632094095186,5.592625786482585,0,yes
269.36601799671723,395.67057046180713,250.30263020573486,233.18095823276334,0,20.844337133399023,703.5992013928668,16471.4622080239,936.7215247233604,606.9650116869362,296.7728016017646,855.7705025789325,12504.296683723722,445.21720245614154,747.4273126854305,0.29151492523388,8.506772291761159,5.734523668334814,0,yes
227.22641053278107,250.5581928964104,266.6667420165927,259.20011342615226,1,69.45594240671626,842.3718403809156,15279.49411753998,940.3416169529609,869.5189363569567,124.3016353365349,982.8847286524261,11472.680032130509,192.96867633154227,763.9770257950856,0.246728839384154,7.942139063578893,5.286414399304599,0,yes
242.322528680637,275.81555296658485,350.7973352792685,261.45472246355536,0,72.55344885451576,835.3788597448918,17142.530048015393,901.2906402083813,126.56991535023323,820.8240433098373,956.0022603641381,14464.120960250626,584.8881075323488,673.0280067772234,0.2724056570508409,8.866743710454195,6.610560697597943,0,yes
256.8949555433097,365.616256468136,138.47927668652142,283.3312908457152,0,69.7121774078464,778.7238859133304,15993.96533144405,993.7867567697483,82.67451795119695,853.1381100884025,993.7017038653174,12185.727887231227,808.0115134474844,788.9213069532734,0.2717229526784,8.29251703664935,5.817303494178055,0,yes
295.5429992767751,229.60548688131618,149.35046927299442,230.75147506259867,0,50.02625670373004,766.7608065588718,15436.24446941721,962.6193285249766,485.85527417051605,504.26482779147034,712.4381252763536,11012.19157772872,728.3554045965745,605.7076696585102,0.21139570510641878,8.006686251498554,5.186838365262851,0,yes
299.00320001760275,268.84572921158457,118.84002193348921,238.20566909393295,0,43.57587933523496,868.4243382452182,19076.839419761047,985.0347544909192,686.1607030873345,235.4942818777622,874.028083369609,11910.394116864265,406.5973218130196,608.416875879911,0.2221084338431115,9.852845179504172,5.472976197435172,0,yes
234.27665035285415,109.27064504573826,364.48921806823876,295.94371124301085,4,90.6540692014527,748.607399147054,16443.081818071103,946.2046929610045,623.76866446067,276.3361179576501,767.1851823578035,13630.896312657784,822.1960174100168,697.4260544071229,0.23268319759834755,8.503819159497622,6.293407068502361,0,yes
297.1950450165194,318.49041603992566,313.0128727588342,231.45311027553103,4,25.95754921435968,661.0881266605359,18652.80417396843,923.6131246479662,407.9423282492831,512.9304344508444,776.238761267132,14342.366225800599,556.0230293513835,766.7321964492425,0.2930068885319412,9.586321284329394,6.487169915160451,0,yes
206.52610737069702,142.32244552837946,243.4303058491496,263.83930340260423,1,60.88089382613642,679.1443303366034,15706.684230332732,929.2502307858521,349.0159883591851,634.331629131841,979.1710350264673,10468.321807076418,636.2385319598606,682.2303555171078,0.19602366709736674,8.117987635182056,5.0482197328963485,0,yes
222.1369226721117,120.69947756925119,295.25214734846855,215.88182747032224,1,79.26131363858255,608.7963739833127,17986.50754759815,973.1512516712793,170.64738644117287,736.4221798047818,703.7775434062515,11861.998030200823,408.28764457965525,649.4989535208,0.19242886885503882,9.24858548141133,5.3895703828962755,0,yes
282.5396328673443,222.20409869067947,246.57445819573,283.9799221251843,1,86.87286472578174,863.8021828640588,17034.215752574786,967.120749191576,426.354610882238,549.983003153596,910.1057489703535,13871.339041951205,434.1312850862214,735.3968716216576,0.24551051034076818,8.8280130820517,6.307011517623773,0,yes
216.29820340253477,375.51924353418,290.3527302924862,275.6936382095563,1,45.08446621946429,650.9426171606578,18491.590745983725,994.0652888816896,629.1247802562832,277.32879714524097,898.6747528190385,12725.075178114035,428.60987617695105,690.8914713079737,0.30030557810243236,9.513205168256189,5.8262441741661055,0,yes
291.3586237094686,288.29412047849246,257.14180302287195,261.39543047432073,1,82.15097495342343,935.3082128882852,18848.52329111457,906.4451588113604,926.4170043131884,16.482756091547117,858.1308687142341,13424.736949336138,413.99090676970445,675.891007837268,0.2700665838987802,9.743081130228916,6.087058450588828,0,yes
254.81479436249302,155.7358252988558,241.07785437392886,283.0515117478523,1,98.08351219327601,980.8993549536951,17224.814704113007,913.2940599051001,688.4029950791921,239.87494216446566,838.8503368394701,13917.938657152676,343.13123592416207,753.1361564393501,0.21553919168744434,8.942630811751147,6.256490773973747,0,yes
281.22771198206766,333.1982803647055,306.2671907125973,257.7441386544407,0,98.17909719806606,616.2968702232624,18223.40681940869,996.7572635330108,213.9575927903536,758.9326445861627,740.2102883600045,13479.79345173271,169.44077782760533,710.6034759429947,0.2938553980407232,9.3719352931623,5.972800308062778,0,yes
250.00186430301798,333.0321538365919,136.09094783827618,285.6288454419513,0,99.40926017090605,840.2132424993015,16492.54930663473,944.4541978297528,125.43496124651534,801.27269748758,868.6072595221635,10024.59500193058,722.6975494710641,761.7103899703334,0.2615339376256325,8.548746336958544,4.863808386896289,0,yes
278.2481720996194,104.75208803522264,270.18791655064933,203.80655508202886,1,62.79828521203392,755.3535060676218,18286.2533765709,926.8744422024884,320.44164609879823,580.4319324544058,724.77856630819,10406.91785951268,620.2164159853901,768.9494193786243,0.1836472489282089,9.424247563431317,4.915648574533568,0,yes
209.4688668989257,328.1582934857224,102.77981186318563,223.09784975720729,0,40.55443631225732,903.1286953543902,15508.874821415946,997.557986235297,74.68567936564946,838.2702149904565,866.6239720965302,10303.923404267827,703.4470345226584,704.4649909617831,0.22789604309702835,8.078461459399698,4.957576012527555,0,yes
201.6855129529008,202.25248116386413,138.20586170641062,220.77814195583477,1,26.405921242647608,837.8485946687415,16120.298389700518,955.5487661267754,454.7439989332937,507.89050614751784,818.0510557997347,12162.672398060002,628.2123082044454,754.9200100967194,0.18539465544601944,8.363615695210031,5.665056118265787,0,yes
235.35802343109847,171.24001261190344,359.1680948356566,234.50535058195337,0,76.31484071490542,894.4279304883905,18419.691728206213,908.6819357669174,240.13365843499355,741.7469776633678,730.8328364533286,10494.988608676249,814.328728350768,666.4658302109464,0.22645251568044486,9.519660338374404,5.028511485021939,0,yes
293.1782264360014,145.24544148901413,384.2509480225036,266.9432212360952,1,21.154859620094015,809.9212373718549,19500.595086969428,957.8937947704763,413.9894180653799,498.13301921284864,735.5051822327224,13776.226346388381,404.0546510469835,672.2653628096023,0.23194184467131967,10.047827858190557,6.169937222508298,0,yes
237.53295723348302,362.2360801874795,144.31234929995998,293.60166297986177,4,34.16820567047236,689.0404783162076,15403.499193297666,938.1856821996207,303.7523065899458,645.0755414130404,927.6408518287708,14272.187238987599,208.17830477217018,785.5465453082362,0.2826759046454526,7.969791827331917,6.386866181721069,0,yes
299.9741512364027,185.1245695738071,383.4324992882989,220.55224472660632,0,21.66542889393564,861.1758413929464,18891.922175925345,990.1624309208886,41.56734393210696,874.8081021907518,891.8291289134966,13145.611112237875,795.3263629266514,729.8441200161537,0.23537723196395904,9.75946122521035,6.144908916787529,0,yes
282.31882383310995,316.2994017406006,311.0104816176341,262.84352443797786,4,32.57962460554951,969.5771674105877,18871.32810634633,904.9928558205952,59.30050401944509,856.3428131817199,987.758108603383,14632.583637819765,622.0852364149225,779.1314787841523,0.29695533137157565,9.762145785471265,6.7152282293139045,0,yes
292.8275779720525,393.58869931917985,218.93698025499066,299.3479090290309,1,86.14829149939006,894.4147667119165,17634.172973785593,968.7893373605981,424.8997913276307,573.115151517507,820.3781529975417,12995.593324828807,766.4379521188386,744.6715456072416,0.31282277289473576,9.135148600963772,6.057979521815969,0,yes
280.9659285801094,378.1691543078373,373.79884622346907,204.3290995400547,4,37.743363153630405,664.4907252725587,17540.523403312047,917.8900133835107,171.28189909351653,734.8808054175686,811.0628175889092,12440.135283227028,399.0142127653435,712.187113882249,0.32303564640472404,9.030142463183395,5.668155911530325,0,yes
206.44400280223118,391.5281775761141,220.22482747468635,205.11481272409,0,88.16663746534013,657.8898768447225,17987.802590957013,926.9805442450456,293.832756724551,663.8470579033848,708.5691427563038,10726.568971264867,707.9341178325774,742.2139006474774,0.2787403338709843,9.253582091795948,5.076339442552149,0,yes
274.4563631194663,247.13350478094367,264.2370828635098,225.56690025684566,1,90.9976019271525,742.6869353262657,15820.873282903764,988.3985710193729,948.6801328846454,26.74141937334548,752.5211006685829,14001.138816913615,278.67074686597084,779.0448823161406,0.24682733823374614,8.197228099298195,6.239394274742853,0,yes
247.4974955645078,267.9790568461225,288.6256793300115,262.5662700779787,4,54.13371340414385,749.3404379775516,19676.462886081765,981.1564143930182,875.2981230309663,70.21037628556974,964.9090818871775,10900.04739863993,539.0862900578827,745.451311269577,0.27139759200133357,10.125492783525242,5.179482766581562,0,yes
252.7473754844093,229.54131548792574,184.52639954446522,232.54146475680366,4,96.53978863225316,785.1680251041822,18176.24408702106,997.8523303812344,142.2559131522946,814.7120973137362,953.3595023727491,12383.115773525438,799.864801298684,667.6079539016632,0.2351934579860313,9.38565526308325,5.8636975059032075,0,yes
281.747167203035,183.0764808634985,214.41684316496236,223.18683398760155,0,92.80248275306036,655.165060051398,19001.060410608723,947.3328240670476,542.3728462317323,386.9739874897904,886.7076863778088,11117.063374128245,445.95121021914537,643.4530132187201,0.20791468373850341,9.762408049849773,5.182087991809775,0,yes
218.5853468441257,368.24082307922487,158.0134385810596,268.15008597882843,4,71.15210791157364,787.4566462437501,16689.7345112373,941.1307038507373,308.48382119659425,645.1728203705828,890.8243821923274,12257.846861911301,496.11783397882647,702.212078259975,0.28498326451177486,8.635077795169062,5.6711773785852335,0,yes
274.52188230685186,117.58504093145498,396.5653355002149,264.36806987627256,1,97.7271661007174,778.2399124721704,17748.296895384432,928.0115541665965,188.02435984703595,786.3978946017116,827.5295228592784,11059.001936362272,145.0331726348076,715.9733151403238,0.23008853796592682,9.160507699334108,5.030569917794392,0,yes
246.19849149102868,368.2678989659245,100.70567965577978,294.17357825419936,0,65.80701840898925,937.3177378235608,18963.396640105195,929.1410382759643,856.0880494437866,46.15884460254608,727.2088172182962,14620.153077266721,375.36049324127004,759.6315223247301,0.26555380045715865,9.804080264732239,6.502918477773485,0,yes
250.2806972311708,132.9703933090636,300.5384294381955,279.423721307246,1,80.49117632762598,615.8859641632652,15126.244988768167,935.2016878708656,241.601534822352,722.6593102718214,826.4477976892188,11152.66516887344,318.3752177297466,622.714167851719,0.21481373838908868,7.814770850389682,5.123282117056214,0,yes
298.34384160312663,167.53468706364674,354.92889034226243,248.09894826957935,1,79.60568298919242,871.5470129654011,15908.916494348514,984.5636800905264,2.4528841468376044,958.2914589770351,930.9512440723242,13837.91801816059,423.222026993194,698.7328693873509,0.23922623790190764,8.269523878113226,6.290615503095302,0,yes
212.61178468063213,205.69702132272766,245.16679533175895,255.51714399183368,4,22.234469709187607,672.1848239868079,18396.532389193457,992.258669294476,463.48004785886206,490.91964800179795,899.2044154019626,11112.17913664683,440.0571005347752,618.918902538416,0.2279670964811884,9.470072171052845,5.183008634088131,0,yes
228.91274604608776,173.2881277884261,116.2530645271258,231.1201276984482,4,20.88146354709761,728.2829597518414,19398.994849294424,999.1571632930348,296.07511500501664,674.1350338925535,899.8985006685709,14899.593523189422,749.0703433935541,785.7541308437699,0.1862296866336118,9.984597949439955,6.8460630539329586,0,yes
204.93139906335742,126.68530610867253,223.1684518912113,230.5220061535834,0,44.199238567998584,827.6288797166817,17029.294052473793,945.4949218834763,657.9699136115453,291.3453206042086,930.0858282547023,10145.982911660112,802.3548686192785,667.6501296034066,0.17275489002959454,8.814436551014513,4.959483125685299,0,yes
228.1775004158166,370.5212700045362,138.9887865946812,232.90555970507359,0,34.855493923869915,798.4267823991117,19311.44868058191,970.4009333519831,588.5665760604262,390.20414311411344,719.1489467833806,11793.811479713766,360.1631337323675,701.9580963393006,0.2556904685748706,9.952412014594625,5.365943229218676,0,yes
271.53545331594614,392.96628318081554,271.0271346544981,215.20268462301703,4,61.573545910830354,770.0148460844305,16165.520112307231,955.504844286687,536.2311085348732,453.3526038636136,875.5620544064737,10214.649628282199,183.7417122709666,650.3995294010061,0.31237616444959476,8.371066535778008,4.720992008253048,0,yes
204.41638493218503,337.98689337289113,379.9031475580723,252.587650138851,4,96.80674511715029,710.531572721159,19590.259527617,988.1378183249042,794.5569232609886,159.13351323879544,797.6416066759571,11274.62896932033,494.30647970600285,698.4532717224624,0.315584855234113,10.074786922769375,5.2394012525458225,0,yes
290.1198372000104,334.0144924206782,122.12982500477875,224.92394591399164,0,85.83390794367469,919.103069954574,16498.557163055928,964.0191482303977,580.4134708868711,330.8496559078791,710.8796189775785,10200.47356708876,497.6459917570269,786.3395944526992,0.2503641971367703,8.572296549438843,4.782221594889386,0,yes
270.2190335592733,224.14738458737688,188.70219953932155,272.466928693426,1,76.59468169262516,848.0662885918186,15104.817606901128,951.708695980007,252.96818595551295,719.2813681173155,963.7051404834457,12502.723504702011,371.9528931558285,699.2913405082996,0.22955834134820047,7.857644081847621,5.750793002558264,0,yes
253.22353805690963,275.18161936434547,313.5477687405581,289.2566674320476,4,95.87115191827503,717.0747597090976,18536.589172684333,921.3428963525763,369.3638241852649,617.6838566246539,737.7023554241673,12127.302202496023,647.1675419753428,623.3247303987251,0.2905730096624597,9.54019646199212,5.6123857337203695,0,yes
267.63282479568215,309.05491001937133,265.0326477942493,238.61718434126553,0,22.05903089571703,907.1074315702596,17664.423852835895,961.2278477331865,90.59516283280298,809.931240847996,863.2950436480718,14581.09354363058,323.4923017895131,644.1443269076256,0.2608352030992492,9.152113988920817,6.505503740920282,0,yes
214.58783358809512,311.44996309220085,224.74317825268102,217.97866396106514,4,77.78570813112489,802.8499706103121,18933.487777461167,988.02588643634,483.2493787689887,496.61767059850564,972.5368528763107,14432.536255685785,703.7586892237372,766.39431135518,0.26590796821787577,9.766857521673439,6.668922352673011,0,yes
243.45310557755124,108.46505498884895,122.21526933333139,210.64147208622717,0,37.265125765063516,658.9703564732683,15133.465440668266,936.6601750100415,783.4324037456777,194.8604087254239,873.3226100150277,14198.777882514394,490.6456757221957,689.2972826932331,0.1452934707552805,7.827976654680144,6.440056685502827,0,yes
295.75321509049553,242.84418372445674,274.8281549473952,284.6298125501283,1,47.14597228131747,904.6161571597697,19019.332592057897,922.5119850620207,28.523895200784835,929.6161770533711,947.9864216192262,14589.642830673787,205.06649547498546,651.0424073641759,0.25622700260074766,9.823684548404131,6.5042276111639685,0,yes
228.25560530818487,361.7498991131394,120.80944562401099,267.95687930475265,1,37.78614501951541,779.4299878606511,17360.65891484665,967.9247142466787,271.6137617252425,698.3274683633222,758.8230758168847,14726.366391505806,497.9213337938213,741.7107355685902,0.2599345059780778,8.972441762724578,6.6139792643990285,0,yes
267.61493735473834,299.1844396120907,187.61503916683114,278.90300422062944,1,36.0754195057807,623.4306249054881,15220.45649785493,917.0074283653954,31.88527509006616,897.4083194606633,776.4620732875937,14664.408588789149,593.6484234761633,720.4147546683619,0.2552198944913373,7.861026811309583,6.62612911180349,0,yes
254.25157090332291,389.28305124495427,285.09540571496586,271.1579911633796,0,98.15441440859385,913.1727101582667,15214.426516565025,974.1205791277155,307.88674602462817,665.9296432824851,898.7776021332317,14091.931118538349,887.5975338977985,692.8751122311847,0.311320575276869,7.930275034925139,6.566133283555581,0,yes
217.15754464097145,102.72098086347967,147.8546716712076,261.2017727997814,4,53.97175514446804,979.4173852498179,16680.34711186773,963.296897011042,745.2845799711149,191.6177157163762,962.0266234828795,13276.575875213332,726.7392974186027,704.4835104398395,0.1730138592194574,8.676918206595706,6.197395720174321,0,yes
277.22198388686496,291.2649680476719,259.0996881361504,232.22437465765756,0,79.29280927249795,825.7518748947631,15161.487516215788,999.986528378785,232.19055109790196,737.6960910428345,747.5688993564224,12578.990228494937,595.4409133732535,688.4263943141349,0.25966217839587435,7.887641782214729,5.782481708840795,0,yes
215.7621346785224,361.1550303402133,224.91886747022613,288.7554998887249,1,38.225248707176114,837.2535381628594,17782.66183409802,995.4518428791517,809.9169646987896,93.60126840835028,895.5245125663359,13747.606876519108,106.43382014542678,694.4103405165314,0.2831557143201624,9.200180291255839,6.105189780631348,0,yes
292.4381796453689,154.8803459870959,191.85718443680662,227.00430754170023,0,74.82336707927597,942.0928739936123,18529.725372546563,931.4436795922933,216.78747299364275,741.168097200191,753.2430169775689,10201.0225773073,224.47620656905443,721.6757807732644,0.19198135920482506,9.588652774700217,4.6879229270358795,0,yes
220.7316568631532,300.21650662694884,342.3092452158798,276.31112638724426,0,26.248136530150667,994.8429827152496,17618.736512696938,976.1966633853369,151.39283048447658,769.1713291785062,907.2257448209797,13972.167705852442,819.3195617198223,745.6764392721492,0.27489169491069665,9.151456730188347,6.49396060429891,0,yes
265.4087536852192,290.4611886986845,269.1395207078273,266.66461520198504,0,54.4195359520364,819.2145390389829,16093.59125947905,987.890218343388,504.74332778566287,482.1196479872718,769.8921906785918,13177.270977442386,613.9980447934789,752.6020133032955,0.26361428468643683,8.350550358425892,6.048987062350757,0,yes
281.73378260870857,194.0911169678319,138.9024232973921,299.41424665307727,0,71.88875180641924,825.9058815407419,16173.522137316502,906.130217175337,692.9585745795431,239.71301074871678,825.0507990991015,10263.113645714104,772.3583292760858,750.1647073882459,0.2098315755085976,8.380774192224193,4.960938892199743,0,yes
290.8146296167357,392.7115258730808,342.038577683076,206.54760835978507,0,60.2446125698023,631.4573194270192,16254.512786018688,918.3998168025345,882.6881927861127,111.2215609240402,858.6948282318037,10284.072214616655,620.9833281442894,738.0626092269599,0.3110201780933168,8.379993475238564,4.929068795657159,0,yes
211.08683869340945,270.5936106228281,159.5406249993407,245.39077462559874,1,25.62024210347973,887.8855764125158,18187.586195381347,902.2229762584607,61.424490153667215,892.4906141963431,932.56016344961,12098.69885411645,794.4533730735284,696.6450904118767,0.22300823534490752,9.401243027907727,5.742847820097876,0,yes
210.9827604906756,372.70512755000175,321.3538303520295,233.49813429762557,4,60.662699251575674,834.5728238308847,19126.46659599715,972.1925686480243,140.46652776644495,780.9189514134887,959.4520839131873,13410.562816821091,390.9871158463274,684.0175154193722,0.31022823715415065,9.868259777335444,6.110835674275148,0,yes
264.0605823232167,395.5989547405175,360.7995388461106,221.4284812208586,4,44.162961054737764,769.6650237418255,16226.613905663347,977.6371464732617,858.0929635751746,103.8829034506416,736.7711364427458,13677.834877404293,506.50000971479494,673.7764749716736,0.32949438498949474,8.404590030758795,6.179104637063697,0,yes
233.6370400957183,202.65583161054036,215.0749519259616,238.3732578335031,1,60.66704963860252,612.0397645237908,16495.725641383386,977.3985581490994,726.1896855287174,192.45920040483713,916.9805316219046,11403.884474233015,832.801555786071,735.332914123385,0.21278907896244886,8.504486577171255,5.474307311847413,0,yes
294.99700664072657,180.325252508394,256.45124812089585,242.97410412037962,1,59.91431899969986,809.0857656775988,16263.165847253775,975.5963863096825,907.0693171109117,46.96887843040372,912.532498637652,10331.124227732591,213.97341896568554,665.0091339649683,0.2207220298964675,8.43136952345469,4.791468770914456,0,yes
246.04740788424937,234.18740083161416,180.7672091076743,242.616396216572,4,61.55518455016307,769.2187545614421,17481.68733509959,946.5802840355707,85.32851410827861,841.4495022567462,784.7349156025649,12041.986369977934,217.33157320474498,772.1090560501914,0.23306885581097445,9.027745391505654,5.436464866258684,0,yes
215.35481119999932,380.2085593092896,176.41534942921933,211.8198267675989,0,49.62900271403186,670.5405744817942,15952.085331280878,968.5697739836341,425.9100648380583,539.3022062017674,944.3893550845714,14460.870681281036,358.5806737098526,695.3017883922572,0.26307117891537224,8.244210355184597,6.5194789046735835,0,yes
216.24512926937314,286.3716912134843,111.55729131768322,206.19394190771777,4,73.55373401253709,735.5645721779101,16909.37002352794,900.333120510023,104.98206146470824,842.3519497020675,816.4319191925031,10713.937290390779,508.35001340506824,772.609613734168,0.23055965005305817,8.727799504005782,5.037218782745243,0,yes
295.8787599513737,299.3133496754498,268.02157088096635,207.77982880318132,0,43.827232118922296,852.0900765145643,17007.746085246858,996.9102442360781,87.28473514867791,881.6063363107272,982.0930224980884,11468.74023702672,250.4814862867536,675.0030148502398,0.2576821384934365,8.816261747464052,5.292303489107659,0,yes
258.2846453725701,242.36429208152208,158.50347470961663,246.5083746944083,0,94.4859290024944,647.5664962459897,16272.724982229565,906.492060901846,796.8854769869117,121.11961510058075,922.1687780932084,11926.689289237742,467.59624098432624,696.6119903010631,0.22235345461918019,8.390987019558246,5.5342137704013075,0,yes
295.8387502987917,217.149037335779,188.17970874144066,222.44416321825994,1,22.101349383114616,723.8813215260941,19625.823125639195,992.397698599292,117.92057580801234,796.0993325392554,754.2348047444952,14223.969153362246,828.3317405370453,606.0028398096117,0.21304537819414862,10.09610224091702,6.517824133970986,0,yes
272.0455635401662,148.37129128139188,259.48447640730734,261.61471159084886,4,37.559977031996524,963.964094851593,19912.88678461592,906.412512529741,374.56783937556906,570.6557656092748,914.6886414061671,12492.070560332477,805.2842692354493,682.0676851705184,0.21855823317488518,10.281827705179069,5.894264244783338,0,yes
205.91114735590148,141.57337686905572,135.86054700617657,287.28895207918316,0,33.25872825797279,622.2883121704433,18786.06182129478,970.4216213675128,588.8962196476905,397.53827013738896,786.8810122861802,13270.955118519263,893.5383919546439,650.3947024524541,0.17135052955964147,9.650919645348349,6.191523366918857,0,yes
298.0447066448892,270.3664875386545,238.43910573558375,210.44093994653574,4,87.6054024507353,761.6703031106323,17525.33631467489,972.9764157799523,756.1414381742201,179.16220911286473,991.6381498014957,12090.500722960871,402.20040979361664,773.75832990878,0.26249744602211406,9.051531774603772,5.613967922006621,0,yes
229.49671896439767,254.45711623197406,306.00258524594244,288.497133541239,1,56.84404506845868,892.1012735191166,15438.227738842768,926.946861760133,590.5512741285554,322.0874541816678,831.2286313255892,13875.117547340842,463.76739208837057,615.4373120596368,0.26071626642241047,8.03089773651586,6.264296914934415,0,yes
266.70274521362956,197.45506430983676,349.13510226970504,206.0547556403443,4,55.44601687772059,952.0505383880384,18768.335051038357,955.8257188880375,364.1650350206631,632.8875829025849,916.2267952060765,13209.657786610042,141.4185125316947,714.8837128252691,0.24658175826059311,9.71358906212008,5.9278562130065,0,yes
205.59908986913698,150.26551011543756,394.11412355956713,259.66570395569556,4,32.4863966300385,988.8441638532017,16146.20065711668,963.494276147207,287.2879959475305,687.3476496547177,889.8618855564761,12076.171252191969,669.4259382556545,691.4783344372331,0.23681700552977678,8.412047979082326,5.66892354960782,0,yes
223.2093690365552,277.2371963929929,277.3693797083676,294.51538428556,0,40.27673359923981,924.9829221171309,16580.53152347051,976.769750400446,843.5072084157198,66.79641166493502,884.725332860332,13824.93313627398,210.4543391712065,633.221504282949,0.2584288076845085,8.616385543793832,6.166300795296717,0,yes
236.40081759635788,229.36331055667938,221.4643901478455,259.7450439608998,1,62.549269688640194,816.0121534275042,18766.711374983475,919.8636189876939,927.0372849917467,34.336309555037815,927.3847855911108,14288.366895157289,383.8059215645763,696.15982431055,0.22961013753506715,9.677028424577255,6.4533494003362835,0,yes
218.48218375785754,170.63369401848036,293.97358526888536,250.80745363239575,0,32.89431930576983,615.0257524837552,15409.537227451026,908.8726653523622,356.47263612184827,618.3992806971646,930.3538091960012,13483.86058674182,763.6499813987986,748.1152179021665,0.20884193275835347,7.952627357001918,6.293412473882304,0,yes
278.8296800767311,131.39557898345242,177.2381041170491,255.8544526671435,0,63.94846846936102,970.3423380255472,18739.620799121793,922.4510935893455,279.24719844600025,694.8267110125212,710.3509515224754,14220.552274692804,418.3201997703443,711.0041038463046,0.18234249280115544,9.69885330598317,6.356928384665003,0,yes
257.4189093277379,131.07573211584565,147.6405052757412,201.49376441431914,4,70.32103944366571,768.4229503660572,17825.57336979438,921.6081756986288,717.4919063833613,256.1089679235772,725.580670359738,12108.796948289886,128.6700457878169,712.9393644296479,0.1795143058453701,9.196086966706247,5.4026484826851595,0,yes
281.9150503973265,144.74628530707218,270.8315957077365,210.47245395836046,4,22.65641137576818,875.5048189723265,18908.99038700127,991.9738792153478,610.4107293899372,361.9889377165672,782.4970503942699,12463.782663307364,638.7388365329831,713.7296942904338,0.2085258705456683,9.771482499873033,5.77137533240385,0,yes
212.9891002345056,254.66966753262966,246.5841185431079,251.95583342497912,0,66.5382588511055,937.1817772898903,15730.335642925427,970.7244586767524,490.44636927142375,445.6827325139397,901.1882469337507,12325.059217927692,575.5933116858122,742.3498078154626,0.23674353589530633,8.193238785413813,5.736902210438536,0,yes
206.75827123435178,100.86166124980495,192.7308189364815,255.3269498400214,4,62.57690240797727,700.7719111722413,16346.969971152399,947.6896486853084,581.1058850537537,375.9291315415917,783.3337733945843,12870.187948128112,788.5208182327884,736.0452791183177,0.179839490063852,8.445410730524774,5.995020224403451,0,yes
267.12849100223383,343.0754761195335,195.72533610925117,270.53812068107356,4,35.72913334318376,922.366528363898,18191.85136708741,938.4583456393004,253.08294479208317,654.6022394859226,824.6416760007232,10437.815012759205,334.7660038355838,763.9727333484365,0.28462030865139437,9.41617075497252,4.854038364912034,0,yes
226.4212042680559,280.5512109828178,205.92380182950254,206.0909055426529,0,30.816173178455948,662.0069802346367,15978.239983799333,944.754880067786,641.3300805537518,289.44167242501226,774.5949249097184,11820.483532437793,733.1892731284476,763.7981713973903,0.22699703516124362,8.252139598706044,5.549590352407657,0,yes
216.00407095194322,232.55097079953407,305.17136357665606,223.35731806222816,1,81.11987612385573,898.36736279384,17170.19234140979,912.5668328405734,957.1824815915076,7.71234074606798,755.5887425571044,14906.845332324978,890.381206498591,728.6092189433396,0.24010777058737787,8.896335202863236,6.83942709617191,0,yes
297.750551965933,141.7440118500665,293.7931321533514,203.7891481350017,4,42.713844111755066,737.714469675042,15452.811855610304,955.181894728564,428.24397875285587,538.9055976331119,966.6948901010594,14401.856313197379,656.9989475750075,644.8807184763375,0.2151079146140622,8.007508788482061,6.617804452609135,0,yes
298.8175551641004,316.3777416231352,311.8837063471276,213.73881198132477,4,67.38352882309083,606.61996204377,17816.385517372055,946.3872795341582,20.241127275137345,957.2547328408797,761.7047927363323,14271.758657074615,740.0866987247966,632.0030061683983,0.2938057489849374,9.15936302085428,6.516748734805668,0,yes
213.33855352758474,249.82303910681796,360.8997278028577,299.37297227622815,0,86.6308264349689,711.3454646814976,16411.19609099923,922.0123135154768,783.4745605946729,138.26184000801186,760.0385758893291,10044.019031912145,147.75108716038005,781.63506753259,0.2697219223414747,8.47632907077002,4.600148395042295,0,yes
209.81010713791474,102.90239546844002,384.23008010448024,245.80015652851688,0,89.25666054310096,716.8268159862404,19504.3300005059,984.4799509992633,913.3319578946322,32.44943318470962,768.9117693049454,14634.964504557951,356.574532107971,629.1051355321124,0.20479003385426264,10.032702416881891,6.506757690188985,0,yes
281.87046990106967,362.1329180069309,122.63285863722244,221.62282262811138,4,87.69964021826263,825.835041319542,17524.476292626383,937.3044056166971,380.53851678641433,531.4547701728227,760.9916433136734,14812.104635916521,727.0103630072178,601.2001161739212,0.2762415181618789,9.060500641963417,6.714349920144905,0,yes
290.2226819230125,349.5285120074269,213.82431843456578,231.628786294618,0,25.900281768318276,760.0972289513433,15011.645729774365,982.2921515374555,84.43456727466146,829.6084904040468,765.3199073392935,14697.211376573057,859.6427121361796,700.7463861620986,0.26872867870452205,7.795625865847422,6.7365055417012725,0,yes
216.13733179799343,270.0466244198271,161.63463118097465,285.98562708418933,1,65.15144054509747,747.2584300142644,17950.876766221227,992.0759494260104,194.16887712168992,709.149453912191,881.553057038477,12308.942212177799,591.6544872277121,795.4918699881237,0.23693345409822086,9.263751600893809,5.731621881447152,0,yes
289.91054366219157,298.59076568638284,332.4127522475091,292.50202616164665,1,45.7032309765917,625.9109735030464,19796.954538937083,990.6145597571784,892.703067001291,54.60519315156239,952.3072979554186,11455.497590834284,833.1611194291421,620.7986977268228,0.29069519778066144,10.15994906848371,5.498088550650117,0,yes
283.1539415802902,342.3874417460322,220.0900034375375,257.86190742819076,4,79.11614834958853,616.9954614102583,19601.48825139887,913.4691252288172,524.8694635154749,398.58501674340005,814.6817341226849,10593.649342902378,280.9645837872131,744.619556366802,0.2941657615753548,10.049658897057762,4.890448770761733,0,yes
225.93354277689423,279.02683944021226,175.9494008103033,214.2912103934862,4,78.89343995042694,775.5483437875408,18205.427267394847,929.1186391622509,159.89219891807176,824.6303092853525,943.970149576968,10239.38915488296,121.5274217728532,623.7163229043451,0.24401435261662605,9.388625868864947,4.729172916490965,0,yes
205.92155746529312,174.1435874606656,105.56304443178199,252.12677699020583,1,60.05622812007432,901.5111478118208,16453.590828415454,938.3791298203845,628.9127680136901,329.4391063745719,849.9077394391174,10901.507154399314,304.32957032755183,699.8357004993608,0.17865620859735226,8.542282564801898,5.03589255697766,0,yes
273.43470893749566,385.0848507687572,308.124894369913,254.37860789114978,4,90.16189143167826,811.5902458387336,18712.363105432494,933.2327717203109,135.5345488401871,825.3451053550233,950.6806476391897,11171.251128703505,715.6812224260058,623.2739451035014,0.3283133364085748,9.65069570636553,5.3389389060543,0,yes
240.71051133484275,207.6704170464774,109.38578338598901,227.71746818507376,4,31.85985915060843,804.3502846877643,18530.175016786863,985.0171269831241,804.8639545458637,111.94536338039143,982.7106509332041,10694.901233755907,252.89883713604019,664.1068267008986,0.20079894582594077,9.56511940861182,4.975395655467863,0,yes
257.17202867378927,372.48318529483686,262.07236232003356,242.70421047727984,0,56.661971387135466,874.5664227381301,15763.84642530484,953.9094331202863,885.9823471584872,34.45852569034366,916.5364191788228,13854.697472089918,229.8849822254077,638.0090982676209,0.2894573853696171,8.193438671446367,6.200714816355771,0,yes
295.22690018571507,313.9269385498102,318.32846293599846,255.72458925351384,1,29.66237763479601,691.8932989658197,17485.232857148727,930.7620621470245,456.47633553052117,464.5882990739427,756.7360007898526,13899.459933474749,632.9348396768798,607.9585786534682,0.28531503086985255,9.01026703574821,6.312080186587094,0,yes
278.7118450966317,120.7022796041903,159.75283574073416,229.21576624641668,0,61.60151243723394,904.5116165281754,18923.766248660657,954.297481031405,621.364898590729,306.1487578979742,772.3813866676915,11515.70982161158,719.5970298379995,649.1210623817783,0.16893041840987721,9.780240246764613,5.405765706368004,0,yes
210.00055455157184,189.39954315911058,383.3516609998635,248.81675164591707,4,57.22870115642834,898.8442530305414,18897.927926080836,976.0144275777944,868.8553899161708,126.97093004131102,800.3243256511239,10274.973646469474,683.6065082168986,654.8957905584704,0.2518136470564557,9.76902970152394,4.916427896816659,0,yes
242.53689252777198,151.65666965704037,129.74856745138067,276.6653586298821,0,77.47905377450655,832.3878954481477,15766.235354472794,972.9133404871018,298.1143313040559,660.7071520451511,949.3293054252227,12470.34345291438,592.1087451366932,708.3491655318124,0.18222088581086485,8.18775326486941,5.819496013806115,0,yes
265.8941116250275,261.30228990082594,304.8814680049146,284.1049995882363,0,33.33781062634118,815.1241388635804,15515.713479436607,915.0783938886952,458.97168085354156,456.1904114221396,767.2727184920781,12024.678395099618,356.22889122406036,662.82015920956,0.259998889270909,8.050676537674908,5.462069317933192,0,yes
256.9638225333348,274.2631092269129,106.33613407820557,287.13073489375466,1,67.34873774594377,983.6990629841937,16475.6485548588,963.8557005825545,302.71064496700905,643.3219127399734,700.610815166925,13885.658733998967,287.183713532624,652.4011571010813,0.23322452847216904,8.57563373518507,6.155042578792296,0,yes
293.58744161647274,221.72678221345453,211.52151077720967,259.8096903975044,4,24.67588439649438,639.3081766170673,16279.115999393047,947.6142455525822,829.33068883276,131.22039521726117,806.0527804207738,10718.544342139303,623.0194129810584,763.6560144030242,0.23905613817523585,8.398012285412353,5.081403904353674,0,yes
248.88513647382717,339.4594982598727,143.68719020345222,287.258210969935,0,57.535580593663376,728.5571385593039,15633.157836700078,943.7053933813711,666.0751199722108,267.7244238955907,856.0070537755162,10375.167198557767,687.9076958579335,630.4181907755151,0.2605435223051365,8.09407991646179,4.968736825032053,0,yes
204.45105297380672,156.9438060351544,203.69351070008156,255.4310382314756,1,70.40852125915728,887.617138386496,17766.357662638817,974.3187930970172,669.4371203463467,302.787029241376,780.3837255118237,14427.392805370819,451.18342244672965,707.1544575477992,0.1931791376824175,9.20046342990474,6.480058808556817,0,yes
204.8295001441532,101.03790528189211,110.08618476985134,279.7298675645672,1,73.22666831731493,973.8658031678192,19151.233326545742,908.3158888581239,639.2996389960455,290.1685722443218,828.3983694762532,12473.516647677001,523.1879591880366,767.949859420385,0.1573571514024574,9.903539185460994,5.748698944393414,0,yes
217.1040949800538,138.11922226067884,112.58285152636981,236.1870216582798,0,84.82831602609764,757.4189451238436,19322.99242112593,992.4878907496088,483.88704789131873,498.70091254506724,975.0632944800848,10888.71869675017,506.3968867530433,722.9336950470894,0.16298851751157664,9.952118034774411,5.168066089336512,0,yes
221.48505673274968,108.0814203937802,348.43319394058335,283.63781179020606,1,99.8577851337396,910.9829608526403,19893.767833785205,908.8086611632446,283.84320595558023,715.8077268260347,854.3965503139624,14260.577439566616,684.6050567060313,610.9111653355228,0.21407702522230457,10.260477494724183,6.527477051511065,0,yes
261.10581737019663,252.1847360352734,374.2115610739369,271.7117703028639,1,77.26810353886779,772.4175537565415,15403.592315273643,981.6138904456928,899.8064081962909,19.03203443783798,963.8119668270162,14814.37244620478,127.86310544312363,682.0858238914672,0.2766555811407457,7.994241140491907,6.568251223880111,0,yes
242.90070193112362,180.121947021043,271.2405811478182,258.49681809813694,1,34.515199111250595,715.4826579930486,19959.72518277173,979.8770074946469,865.1873143948583,100.23600503748264,783.7634073662681,13770.513674296075,239.62057532959324,693.2090527814041,0.21691692538462218,10.259466554475479,6.131254902627421,0,yes
261.99708898522204,286.8986692998426,253.1291922528979,265.6848911708058,1,42.84978220146138,969.1825049419774,18890.26326631083,918.9603179050093,743.6679467181436,241.5502709015094,969.1832600668331,11553.266369954685,844.2137983426767,716.3757573360034,0.260905348812515,9.773430092696813,5.566156446694899,0,yes
239.36068097895804,137.79700700402117,264.4023200179485,230.08851243412565,0,38.68178920387127,783.2094450768079,16040.429783231379,936.1019047241435,961.6427766507643,5.886469438217091,708.314436841459,13314.30720930557,419.1243836830889,684.5857350030202,0.18901387965141628,8.308789242351969,5.989548845379417,0,yes
265.8923913273729,157.82777797170863,261.53839041851467,277.1432135711684,1,29.574271132773617,922.3078228487423,17913.217643911903,940.6848842278085,603.1499037178424,323.19867208938604,749.1132398682532,11067.881059074587,707.3303901657514,729.7878195354639,0.21207490751859134,9.277146167583929,5.222889111539997,0,yes
212.98284447989428,135.54001284891032,231.36799319199199,217.56958302325225,4,87.18988575399104,990.9206800750599,19881.800839811527,963.9129063558701,81.70365545802791,822.0511869149587,791.6359425429636,12861.48289763449,742.8202822198035,645.2484515799746,0.19776709215713364,10.280385641674325,5.957311746679988,0,yes
258.8647941237055,394.93842997191183,337.6996945338053,208.8872097772502,4,75.04431689426008,826.7445043527555,19654.350809033247,965.6305718252581,102.57210318297736,830.2578250128413,730.0483337677779,12126.551902453148,410.9848647394808,654.0336064979743,0.32532666162872603,10.129539409465389,5.511096910535131,0,yes
242.1418779374241,339.73187142728295,222.47302595852878,286.79488832893543,0,92.28208502316349,956.7131489066257,19073.10943941359,949.4232428682726,291.99891280350863,693.7283921677563,833.768218031781,12237.182357553575,609.6784240383668,742.3394722582095,0.2798333668322638,9.866164968854317,5.695253393135172,0,yes
205.20212359468604,131.64263279889948,126.45782098897557,260.4189605682092,4,96.3461103180522,789.3556663058557,15665.12318702254,975.2642111372812,327.3722508282901,668.272212968538,946.7131354653668,13378.023786806065,236.9028740607229,749.9989433156102,0.18396555812344914,8.12789813164383,6.050050312469328,0,yes
272.0949953111715,324.87644475853756,320.8233487202664,248.02370375578892,1,88.91346224027343,864.9061719195772,17526.66723521,978.0825670322578,535.6302227833406,392.5081213039517,927.0197697879321,11657.404385284339,328.05053802626367,776.9834102622998,0.2931720819219288,9.076002526710452,5.384670197556668,0,yes
256.4663871646365,260.6348910113655,182.4085473745337,281.95065459664204,0,69.49760002823751,799.4099236633486,18494.493484433304,951.574135669815,348.224116729079,577.3658518312724,861.934747026145,12263.44929053221,728.0519715944706,645.2283272017988,0.23815894868244364,9.541558556824077,5.743291411947063,0,yes
284.0049086310385,376.5457931624887,341.27459159913315,252.756569764784,0,91.65018490647807,798.5260204520004,15458.911753073618,938.547428924902,653.3320735707468,309.2688677665923,931.6076248802592,11442.948379044787,626.6005021205314,797.8640502225419,0.3167289505332146,8.021780185189625,5.427670625764851,0,yes
289.2937265047439,399.6270425573572,291.1148118449697,281.39917392085096,1,53.72453420544129,625.6064642351548,17333.974229026273,978.6571905129639,219.65406543555483,684.732675738437,719.5649356160061,13198.554938513293,474.80153034729636,799.1999497647258,0.32155962644332103,8.926736523159853,5.976572713513625,0,yes
260.5378486008104,360.7286247855324,225.48432473369826,268.58330308704393,1,29.116490225429335,866.0549931960088,18135.96863797877,924.2696609427118,877.3102814583713,88.51309298884598,715.1858897546086,14071.760319567844,180.32510515832794,700.5753019305229,0.2835774257576208,9.373508296020093,6.2016310615916765,0,yes
288.40046676608677,163.34471051073365,127.654845958127,244.61281520311343,0,29.025928869325703,950.6428237610787,18744.97491600692,902.2582754339485,618.547261592655,302.11877303436336,700.9772616397197,13454.42709988499,874.3849799200129,690.0872462695413,0.17977999062837385,9.694246830683074,6.219051597410767,0,yes
221.60380937992792,388.55770020818545,368.4963737417791,202.66492637848694,1,26.607297440548727,999.0945388249768,18812.334248822117,960.1749494993699,166.11178070587624,807.8102880314923,784.4643714388866,11047.402556012878,191.9136741726554,693.7565427155641,0.3048916233844512,9.747027698679993,5.024453816879404,0,yes
228.4025096240194,132.3430814038235,268.3645579936601,219.88166310718094,1,84.67952791943134,658.0558271943623,15931.177548317637,965.2860379258108,678.4716927965886,271.87883576503623,969.7010903081607,13778.992654353297,690.7437544734199,705.2431039717235,0.19398139821771027,8.230571190879909,6.388981922944549,0,yes
230.65817709118681,158.56990944206467,291.5486457364156,228.46779938229244,4,30.058740790733047,662.1330740870732,15658.612508927474,985.5361276933295,193.51750806059218,752.638092753835,872.0864620675043,13081.367213949354,876.3886811224402,791.1440081835588,0.21624485953730344,8.097979871817952,6.155981529532772,0,yes
207.9809824089841,236.8329316985675,391.1640104396445,274.62108205146967,0,34.38528963953863,915.8017032286834,15469.149107308453,993.8608004546957,127.36245780334546,779.9673554320138,768.6500366050484,12973.936351456841,332.8661262104829,782.8339154099131,0.2583842597055327,8.060968670392775,5.847797595550371,0,yes
277.5196033317791,272.97141070466205,164.55671952545168,262.2931982380008,4,22.92640000606543,988.4268024753469,19839.987388246835,907.9646502078149,256.67174264204266,738.5174657078016,903.8721556723627,13845.637614645912,421.3041717085672,698.3415059265621,0.2484023882039832,10.251227075104625,6.286817210720473,0,yes
234.743380703764,176.03003700918492,104.94913323925998,295.73285488241925,0,62.00321174967264,967.095086037508,19049.245331888043,983.6077592205385,105.73499769440546,874.6751243689143,871.0876639747453,13832.052544732072,612.484595921622,773.1046796745455,0.18789326837563694,9.86133616191616,6.35260925320337,0,yes
260.26405033633995,345.10148115440325,226.4097519292585,288.64682723962204,4,49.93999451793126,664.9068975012927,16935.40057285955,931.7124067733419,574.4622875102675,415.4317035700535,980.2187935550976,14185.85316599432,758.0600687167408,773.1684717704521,0.2961068924115183,8.729564384298792,6.597334293580493,0,yes
204.68278925384828,116.03430696826294,277.7597966330576,210.52098952933483,1,88.7553101517898,618.4571280350792,15764.708238351675,924.0923887086041,119.18621874830265,817.0459924246251,728.3337430838765,12245.399408903088,167.33166826082382,609.149236081414,0.18498280055029803,8.133039511290235,5.455086950184992,0,yes
225.6428131960183,231.5343729769994,134.24955228896133,239.61697460025795,4,20.066238215329612,651.0542279307053,15801.368205474633,944.0477356177604,712.3558278886426,189.9801681951269,840.9105965025401,12121.278662589066,694.863736378641,794.7973827631862,0.2143113892122784,8.161212177342096,5.68135629207969,0,yes
221.46765478707246,250.84338735806554,312.0185001933829,255.14663939669992,1,97.09867792260641,643.0035436363942,15578.600122928283,977.1783884214838,833.1239293829848,135.73064449935555,833.062681276749,14277.46693371395,305.8893766785601,650.3698005901605,0.25785138963154997,8.052637185034452,6.375106487580223,0,yes
218.11148828835442,147.5101871688392,369.4423219178358,254.0659286083795,4,28.302844414146442,910.4964951266911,17460.02268886991,900.4871109000744,861.9463726715969,88.5509822833352,888.4103347980356,13703.150906944275,132.25424190725164,737.99178552788,0.23071413442673933,9.042359271806282,6.1070876474122056,0,yes
285.41298433350977,340.63028434873286,315.1599531833809,290.46480934334517,0,88.52727674157885,660.4635383818447,18852.967045056,959.0026816886973,639.1145643105774,294.14678140774004,933.4117810251587,14330.514249155585,883.3468511787817,725.5961543626155,0.3044670836693314,9.691126109971483,6.672460366897131,0,yes
256.396390373455,134.353409515851,233.79842543187635,215.80413882707376,1,83.93600551847544,688.5497007164572,18939.939558900245,959.8045003184805,210.86093554134206,690.9909941631164,903.0022240852628,10883.703668615462,100.33102610006407,694.7932062049721,0.19050161614804895,9.74087750798806,4.960001763102661,0,yes
281.1150513877238,372.53754747105995,114.24291729706425,272.6075920220742,0,91.79610229947967,893.9259489785536,16262.863906179913,968.8171745341539,61.42356427433398,902.5035447682279,912.5491594660826,14655.049031766368,613.6320474134844,714.0875688272821,0.2733418467155708,8.449387009092264,6.6887377199908835,0,yes
244.75516527893097,332.61523040454176,153.0915624435732,246.02458864865804,4,23.30366953692959,744.3620132978855,15137.42047112785,967.3095504646845,600.4332655867968,367.01889344714573,815.1366590134481,11054.11108768041,281.87945734751986,775.3248248176454,0.2626154005815399,7.852955522576465,5.0853155481658545,0,yes
206.83546061234756,220.8553027786047,143.722199148613,293.7705478589711,4,99.18263231646257,968.6016871905395,19678.767867953542,966.9530229282492,553.3146856902891,414.49616947826416,719.0212359127916,12482.15514709521,442.9502989025961,603.1517726870177,0.23033671695116548,10.174141679831228,5.659875630273699,0,yes
219.33271633143224,118.26367747089606,168.12778917526524,285.42052483750183,4,69.70091151198062,829.6456998579683,15125.195780050333,930.5438490808436,50.01500734687196,924.43421117416,839.9928840013371,10003.95324654141,171.3260122409933,661.6954122176886,0.19038127516053746,7.860787885426617,4.616906024433493,0,yes
291.4852581920628,309.19858720980324,278.47136484073815,254.31709925981113,1,85.96014628274693,949.0371063093899,17322.87639116084,962.4941569598819,753.3700560404316,219.2262484967846,862.9446485710884,10527.758933348365,119.72252144540931,742.6501014350396,0.28177367279287036,8.99108771940243,4.82539683310917,0,yes
223.26276339449979,326.358482401061,333.38695561642345,256.2674919144738,0,89.8390385457053,843.9898243392897,19340.362429904028,963.2508734317075,328.2148503786336,574.9179751997431,821.8304270272702,11428.39167419816,184.13513044054184,688.4769881650692,0.28786891305307893,9.976089463315935,5.1782721113782255,0,yes
281.47235900676134,218.6532207695637,216.3829244001216,229.67101115410054,1,28.27841772689972,615.2476204898637,18552.84554434361,980.167121969552,448.7578938266763,513.4381286355127,719.1506945679364,13561.485225248576,246.7928744114019,707.2621949024008,0.21968908126904332,9.534126975661332,6.026076494779224,0,yes
298.1243403626105,193.21892345006847,305.3222375296742,239.78147358282882,4,24.433932785811088,754.3362555125536,18234.40992407831,934.6745298613694,659.673047131603,290.63111940366196,852.0881241839884,13275.271296019506,212.2122383227767,755.0646263536912,0.24295216768789205,9.399169358270774,5.9556314568231095,0,yes
283.68431038665244,178.20123792958327,314.9969019348419,267.45109714132866,1,73.16713005616371,709.8734338575745,16467.384948614308,970.4851028600119,675.8070461451505,263.3699911777022,870.5327490941339,14656.871466570676,475.29667025629993,754.2748081377067,0.23670967315829766,8.510762412965407,6.6192490375259165,0,yes
282.79865038649797,275.00152416442637,107.99935740777632,275.0985083069503,4,99.52051311139006,863.0757379817389,19122.651905444516,992.8751029250533,188.80739116954192,802.2787003799964,715.1536671183073,11278.104156502584,636.7395421528589,673.7556511377364,0.2507617004447282,9.875630905843686,5.266683677823759,0,yes
272.35373090070203,122.38952973324133,232.53437772466415,250.98760421969655,4,44.54474434500844,721.1672364122438,15059.232848277423,916.5294786546572,349.1061092745692,551.6003888649175,730.2736499883259,13723.5258333188,215.3058862163765,726.8097240559014,0.20156697548023694,7.801762482706082,6.076903859580598,0,yes
227.56872696820935,223.97611869174602,241.4781178184928,202.63021262806598,4,93.9344829883854,887.2834082760505,18842.02377615258,982.2641235978087,424.8081875890775,511.81082127838675,865.6629644832624,14525.727941442077,121.7357162705075,763.8349964221613,0.2348656481901336,9.739319886553458,6.424340636023131,0,yes
235.92482342727075,219.13316997834914,373.36268670261967,210.66503138269445,1,84.96960098284718,731.1547521730556,17395.45026915477,920.1450546317374,145.06815124163097,849.2337928141249,978.841869598567,11524.774881914715,415.01809163023717,663.5639633523584,0.24884053939572828,8.972570096632131,5.381245838110408,0,yes
271.1906921786902,270.73344198444784,150.18927695586626,263.9709117255024,4,33.27114414230523,634.4566585645272,15524.521199769708,991.7036398927705,660.9338278311668,241.76067354862494,991.4062860969088,12281.621292723596,257.8689208667651,731.614792422889,0.2454680638174449,8.025745265599134,5.622527957074902,0,yes
207.74944521004488,249.1789650805943,340.49916150320126,253.67936855480073,4,41.91254233098343,709.5148351702954,17014.287275864357,992.6494292907772,514.274874705565,423.8549278772723,963.2518836010903,14824.997257080762,196.8958827694145,764.1377930618471,0.26591817910805415,8.787202473160672,6.613395643048437,0,yes
286.82863686189194,140.5291918452965,364.5839814535252,272.46917417413897,4,93.84030259342128,806.9262169167066,18103.43678096743,962.3905129974936,458.56889874029633,518.1046113183604,783.7074422544254,12111.46021471315,790.7118818280494,739.6493186608328,0.24755986942766833,9.34919893800586,5.695743473586278,0,yes
261.68615487477024,290.89573030396593,366.88524411612434,243.66066290336593,4,47.974402357164074,871.7265095890913,19660.438308003777,942.3948974265763,864.9824783213893,123.5421166266309,919.4534753448671,10701.24348445883,771.9188933931339,713.7207516795636,0.2934553091986698,10.13950938329408,5.176644494824907,0,yes
201.27363956723545,280.0736801440694,267.11004271130855,233.2617821748392,0,22.82949529550819,710.3976926707714,16918.689594492647,936.1290526111283,264.9666871756774,643.5160303752272,997.2353338046063,12808.430125953808,818.4755798730165,723.7548345491086,0.24029927995743944,8.731801191974718,6.059574158792648,0,yes
212.05504382654476,181.79887312079697,314.59405270330456,222.96571616069562,4,72.29847081896315,661.9978084656203,15090.276573301884,992.4144148606896,441.9333508296268,516.3489460339001,938.8681293066118,11942.86820436191,256.1185398278976,649.3220430995337,0.23200547389158163,7.814735779969005,5.462085392466093,0,yes
282.5383165058554,271.5968646983057,181.86199479259628,253.94493480599908,4,85.31710260956697,840.9276731580981,18857.256248322366,947.2554588840853,293.1180595888032,697.4975046245272,910.8732982125773,14607.536348096692,181.98071124577754,612.844708064151,0.2581223139393751,9.731645401888253,6.486799711305997,0,yes
207.32095928141882,334.906190520068,281.5512630005379,201.67455167166713,0,69.46468993915853,897.0659731402995,16270.863605712655,939.1514294891045,599.2022551531832,351.90984475552887,861.0400122980969,12474.899376639954,689.8746506103247,704.5383934560735,0.2654278381121221,8.450015513728934,5.823544267964763,0,yes
214.2231160324372,134.5753462407306,350.3050985116562,236.6226960742606,0,66.20703860835135,699.8433327743295,19304.796284505603,955.9456257610614,43.95094528416172,906.6042876657837,896.7941005573877,12269.370642574375,314.50452520038607,780.7128935703088,0.20649750686420862,9.925255746642195,5.61552321283017,0,yes
270.7902221171979,102.03209559760825,339.71331147541014,285.3423147027869,4,85.8495890490694,965.0039336385208,18199.499296434074,953.6101230872185,759.802812483424,196.42630861996815,710.7222373231831,11630.023929804727,246.48916825986643,609.8179900705175,0.226725588230389,9.431840776618692,5.236391076223068,0,yes
276.4337851498986,251.3527662624104,258.0928403649423,204.73159576534056,1,71.87809568842601,666.9792923380625,18821.817848119408,945.8643526780878,705.5592122404528,245.14733979151424,828.7916993786836,11653.94392334937,877.8286190225857,775.7637695333002,0.2409652850397966,9.675169142637179,5.566841384962331,0,yes
234.38509971124245,176.0476576610365,106.58166795443914,219.13130031224347,1,22.160727833405637,768.1887455886508,18354.708715290657,990.8090238583089,914.8178044363583,21.088151801462686,974.1692820528488,12704.759961715627,359.2368784916308,630.0194823982491,0.17185354958374402,9.470133618343233,5.816607286422161,0,yes
240.7270844525674,376.077026996839,329.4448685181902,276.74038193857734,0,55.038164015064595,882.4964380741765,17893.667376281483,931.6963278115339,909.9574588441482,36.13567818014724,892.7570340084222,13412.391381272166,167.13050531395427,742.7702937946024,0.3088933115061851,9.257091887398314,6.006501572340008,0,yes
292.53992591321264,384.9802448682695,367.21168087775504,236.47873341615892,0,21.307075405976796,612.4784693940372,19803.12654783872,917.8195140520044,869.8722117144207,32.85250917637177,979.3436105944613,13414.39062130296,597.038862836696,742.7878425706988,0.3142732498487124,10.150090368132323,6.207964851175429,0,yes
227.6120511641982,200.87136008846807,381.64328375943506,212.00505452420734,1,80.53491564314558,605.9310386947357,17419.50746066605,944.0982263712032,103.9228693665805,889.4037021014151,843.1429318969083,10124.488926133856,849.8585489249956,738.7246104221252,0.24185211142678226,8.960459754783827,4.95057172516038,0,yes
261.5093605241427,102.76942056082272,127.76889402791738,226.39781034271076,4,54.98331142616287,756.4638229356913,17459.201577939908,953.3751383856873,104.19538181399209,817.714929395549,896.506038888064,13717.203923187382,839.7384463872085,729.7751762936203,0.16778757365834404,9.014606297061599,6.3939294117278,0,yes
230.00378280695693,363.0652474822387,208.07827032902503,289.81647706728285,1,37.46175161108707,863.2781591694315,17694.049961296925,924.7944649318972,544.6843427518229,449.4569007813068,713.621817993746,10651.171435713954,826.8805151204025,653.5881598547467,0.28246638436135296,9.151994102196975,5.089130279079645,0,yes
283.05828201474355,268.9207060155218,261.4786455500125,220.07159257588725,0,66.94493973818017,901.6672834975128,16520.41579942786,914.3510574490908,796.4006434075667,160.09773730123436,926.2709977948953,11098.1118816302,828.4262639266888,629.9340249896281,0.24795632976840987,8.572440143766151,5.345283891104437,0,yes
218.0300680887604,391.643605711075,399.85481011241853,298.737337265045,0,35.47792257754708,707.9897286954925,15762.680494485994,900.7646292468999,743.7727923806941,205.81865386674724,873.1528724029349,12941.686672025047,545.6676461205984,731.8078350766563,0.32827573928093545,8.14843081188645,5.960819676968626,0,yes
211.85322492426926,362.07844777474145,266.7096489440463,271.03751504363623,4,21.550723748839758,982.0371064889451,19814.074924684795,929.1719390254963,677.0198518014928,250.52242166776114,942.8819948706158,13329.23002181344,391.9084749979471,644.9639343538372,0.2977506374254758,10.239695583241968,6.067757932527437,0,yes
253.68173859877515,364.610834288748,119.6466244697798,219.49277934559422,4,34.09704278854459,648.9202668207365,17764.819585161633,934.6632584443788,703.3295597158059,229.04069857207298,843.6019295765196,12650.45025190534,329.4503820907522,637.4902641380082,0.26590339107461264,9.141183502216082,5.7312340069216505,0,yes
291.35918867315615,162.16517467226788,329.99650740245227,236.50600313872775,1,62.594629088584114,843.9637546701804,19292.882606214676,912.6883360350004,843.0482044907468,148.12384388850217,949.1760462073883,13419.028002437857,323.2629369554342,678.8398998520202,0.22674933107222137,9.945404326922699,6.0919520837855705,0,yes
275.9267132754916,251.9534814965779,397.19727226236466,272.00604291332894,1,89.8536532456705,689.518073143616,16020.92780475516,953.1751146333297,866.730156614663,44.61918108474208,788.8308017266023,13527.987983316085,416.8302301938286,613.819150756764,0.28467748401091936,8.280671188243238,6.089323880861973,0,yes
230.03927686945394,312.93805113936594,329.2457783831719,235.44907645184918,0,56.51238749242122,738.6417993945498,15047.964604815,909.781705410761,869.9893803475904,83.5129086227247,978.5858587267809,10423.99400035443,866.2881923402753,765.9629660242431,0.27417451338356275,7.799065878783558,5.129240879326134,0,yes
233.89249794258407,326.569199370475,373.7868766512765,220.92364490383522,4,69.99995756931008,645.7016602450973,19266.34590095305,973.2104739556045,407.28765661339537,530.4512358629872,825.6278500819628,13581.012490188796,631.197449305088,716.3050018894821,0.30381246682709595,9.896550453959057,6.228070971365807,0,yes
219.83213435510405,272.8634303660571,233.5478591532171,245.35392943146476,4,96.26287984096636,885.7124344396976,19030.794814422236,926.7087379404568,933.1127537226943,53.29671899866844,857.8199345098913,13397.589080816984,745.862833676968,650.8324408220099,0.26069509387861733,9.825700562169345,6.211536202827429,0,yes
213.7661943943047,237.24944468398863,122.76219601285122,272.60088261635104,1,21.50444025482983,944.5603545871936,18720.577251730312,993.4600464467172,668.1704415736934,325.2905717338273,711.4519250736686,11971.129165913178,534.64166654025,762.4380550292728,0.20757787123209362,9.693195510913178,5.513635287321777,0,yes
235.01012323871973,339.9155045953419,321.90907557689184,257.74809517020236,4,66.34327904876386,827.4748880064861,15572.438126350004,994.5514530121453,35.959309769077116,960.0031688488516,911.340519418342,10624.67569361759,140.78042416195026,699.5019742662186,0.305821805723356,8.092748750873401,4.8894707145481116,0,yes
278.93684941140873,316.1339555447928,395.054998197104,245.48873326006395,0,56.07452339279214,885.0266641044605,16537.203626928254,978.6877034965875,894.7552824790955,70.45199260464199,965.9796575854816,13789.45021117058,751.7287288173466,727.8654631095113,0.29675182815694917,8.585903631751089,6.4211089979223885,0,yes
247.04448583064,369.0770664137952,394.93903260129633,201.66996118977275,0,95.35222644677897,704.0020956837933,15939.896344608751,948.349387321811,234.34058880762223,749.0594314751146,786.0325565251818,10823.63550917122,899.3231582404609,659.3346474721313,0.3100455335041278,8.242675203156859,5.215322104853579,0,yes
276.57009172826616,317.7504650026045,142.84627908732188,235.45850995765673,4,42.34209164023932,954.7445323958968,16387.45624629248,992.7360280202092,216.96055845817074,689.7760902074797,707.3400806393179,14696.626323555298,817.6054951128388,711.1604659219018,0.2589248683765047,8.528869245584309,6.696642367375971,0,yes
239.9411165405472,202.67315792520495,334.9018809203444,285.8258388767139,4,95.96133412238625,699.1834696237826,18685.355374461185,925.8108221425858,466.27586953067186,443.35369004357943,715.6723860981884,12915.065053300714,422.9824641273505,706.8482660654253,0.26348644735484505,9.611252172739665,5.829326692762677,0,yes
274.65520807301976,349.71951433001385,286.75035180533666,202.18521295631322,1,83.51569229527982,991.7353428002355,17354.149354938338,991.3907070769083,438.7955146645715,501.26819633409406,767.1959732239616,12016.25733047886,711.4283093396907,631.7987991292065,0.286772321011036,9.020548563998762,5.600096707459034,0,yes
294.3058129081793,368.0403579941629,324.9183610246681,227.7110212582796,4,62.190424310881255,785.8259168725108,17920.77899226677,959.5643123302351,532.9805858511902,371.664144195413,849.7250598120343,14075.25260785457,896.6344371015145,611.7813679701442,0.318647400686408,9.252772606072538,6.523328329582485,0,yes
200.69583702606235,140.91403662127993,142.79595424209123,207.33008640180114,1,93.94849484303869,987.8646801237945,18032.999096038362,990.6688664640161,149.3573206644064,837.6090143888053,793.6727873664101,10643.63971289878,357.1174358705095,689.1158949899998,0.16745382384062987,9.358978931284735,4.933907086420649,0,yes
268.65323379420914,346.05253672556216,194.06744979427378,218.67130395325856,0,64.06927733571499,892.1907118471945,18870.75887993636,941.4669362215867,187.1418263537833,733.1935717953008,904.8710386288915,12608.261064653805,566.7829866686614,733.9143772514922,0.26286138708687856,9.749174896462696,5.844849272671207,0,yes
247.4160995330289,219.6112525708685,134.4826855521644,247.34049072648236,4,64.13333111911201,668.7624209166036,17621.71254607607,912.2396910741147,668.2134946350942,277.78983934274174,915.0968835324247,10773.075408700895,333.00393303852104,657.8654181802417,0.2194234488987859,9.070900001275884,5.014844335166749,0,yes
273.5162085847668,304.64494450308734,378.4533692623339,272.71857232153627,1,83.59805974218379,673.2044833505935,16935.855794664727,926.9221691178291,544.4883647208472,442.9962807891668,929.9428002414334,10604.383211401699,198.76081812760702,676.231918730196,0.3010559287915351,8.730952604314128,4.907745800409298,0,yes
234.2867060232766,351.5671430632922,135.83649215708968,240.9056294300401,1,60.50871569906148,814.6690680943138,16405.070773870913,923.9321226409686,819.7960083239523,163.04179256173506,823.3825731471247,12928.972856310294,321.8778378582749,677.2049310037391,0.25707456394298317,8.496464200587285,5.843688694366932,0,yes
234.48657366654635,159.30645956853135,213.4606961583785,249.5323873533933,4,91.47125851237325,722.2506528727808,16329.254046205324,996.6155817885754,688.6182595224245,251.38561840135742,828.0324513539406,13111.608766949437,559.3249161511542,764.2393926597005,0.2133388526636228,8.448043264612494,6.019194870899249,0,yes
264.8345334417229,287.63204951843824,213.15885308794685,294.5974800107811,0,92.23963933506617,983.1346848033709,16171.08901633701,903.7400449204645,806.7428753365514,93.7968149090774,890.723556789611,13122.845970362616,611.8409328845271,765.9010552648195,0.2615556004444897,8.414979714263442,6.0645958895996595,0,yes
209.4898135538415,395.7173907686256,228.7777747773067,294.0581834584814,0,96.59779547144905,792.5382608530136,17709.99927919977,905.9756144562376,669.5924670563628,232.98491573641684,823.3669350908309,12046.461282653749,202.00928256635802,646.0012106108455,0.3013600532348112,9.141531225587633,5.427609147298313,0,yes
289.90332121539586,379.68233246056593,329.06449042053566,203.200074923397,1,29.151821063018435,758.4536513471328,19969.50194190762,913.3300076026151,93.50257630081252,829.3773536317766,785.2841794277103,11030.62006122893,442.5877575290234,628.0438827686844,0.30252066292147267,10.26470670643345,5.10269464163294,0,yes
261.3253310088543,297.9233382870299,313.2131217427533,219.99706652920352,1,89.69886021916422,696.6451673766605,19299.053650665293,967.3351696317997,476.91333499015565,507.5205723447536,831.7141442227961,13617.956831064108,424.01835691770503,782.7443084542526,0.2739993368652842,9.923251577432211,6.17767879178977,0,yes
261.06814572470546,286.69376162078214,215.66310733094429,248.87352128454262,0,32.79321473828466,746.380688472738,15286.924016263505,907.5211933151573,904.8796620207684,42.745249092432005,800.8181430146526,14416.71151924178,704.9856378153438,757.4456697864684,0.2445864436968597,7.919949379916966,6.588757193889346,0,yes
251.1115003847966,101.33232611190344,379.3716312435947,254.6588093226964,4,30.458720673996183,905.3954504922195,19395.89492979784,975.5436436331652,352.8362644836753,559.641863832908,841.1665219297629,11201.614343140689,679.9361649924903,643.3285927786543,0.2187879181066943,10.019436584039362,5.288961990683844,0,yes
223.93609670046138,378.4728071283554,229.40026661382373,275.8197672645716,1,83.84637265767944,928.5634727540323,16964.65801433322,936.3733153312577,514.1836437791753,429.3878248088488,858.4795372595382,13437.527328515049,267.94864792737735,760.7266340808691,0.29515917104023154,8.80370205093159,6.045212837574791,0,yes
212.2305062699602,387.55875398511665,181.65271458773225,227.69487960017642,0,37.457629104724646,814.6014129731918,16773.065133514923,909.065110847602,920.2437943532859,8.003923753676077,834.9533430008513,10025.290328420697,563.7895479564669,766.499663098185,0.268309564120379,8.678414131417684,4.787910582845377,0,yes
228.79902868504726,106.39931761175086,199.68645081457697,297.99158372455236,1,59.196677475850315,770.8855408410955,18541.16213962363,954.5313844432623,528.3502322048896,378.18959087680173,990.8938955915801,11948.962620179942,649.9503970373307,738.0910540490448,0.18233641860796432,9.558946986004027,5.647475364125622,0,yes
287.4750231962552,217.79974799133862,256.32360271156824,250.96159156036057,4,74.05311589473035,718.2581424857692,18660.40081204935,923.3174173458275,395.29282340274096,521.9350159957862,876.9646233600146,12080.327433470224,250.63220431081862,703.2772136573999,0.2501081220877675,9.60263334952088,5.491574909217402,0,yes
250.75763797053173,314.6137128993246,146.0328683445133,280.4820146536773,1,86.3244201704126,617.2116666456783,15248.11769300043,974.6088896152247,293.65899594378124,690.0075110467478,729.9177043479694,10393.379500042087,848.8025980366064,797.5197593324175,0.2575754503796084,7.881421515394161,5.018912725779238,0,yes
295.550955620795,197.34954300443536,311.84743524643994,236.1080407486192,0,97.40986428020945,766.9223505935314,18411.413394885647,997.1042978264572,552.3365904292549,378.25225553572807,937.0149665921797,10047.619579343005,324.0078393973241,781.1666387908713,0.2380227470910199,9.49907821486382,4.744031503531141,0,yes
237.609043345391,100.57115191954159,127.87515923612028,245.21996403808242,4,40.62470796600945,647.8581660589193,18020.029119798495,903.4501627957904,887.2948480547358,76.73748449233142,709.9568838666021,10493.101219434977,555.0877780296792,693.0949662390353,0.16586723054133468,9.264287878089116,4.916747264171192,0,yes
223.34429612662848,377.30766810411797,166.90607100635225,214.834899156037,4,90.69763373707363,899.2745673839402,18085.388027175013,951.4276460489019,195.1200303250468,761.5788963016071,947.6392634351314,11212.221662489977,556.3668534474828,775.4885754264252,0.28278416922615823,9.359466314697938,5.309894964462577,0,yes
202.31914856451218,221.4729067415076,219.6544538883258,234.30102473439982,0,66.53314076099414,663.5563652090957,18126.991341344088,959.5952148310128,474.0604078342619,459.807929453973,897.345240778255,11813.007938127697,294.2328144687716,743.3596208107358,0.2132007440119157,9.328896519273195,5.417824273508069,0,yes
285.0143873375489,117.14835079654134,153.56635568222163,257.37526254232284,1,26.22247092525228,814.6427618692669,15001.133442212316,962.8739953723639,915.8246838165239,18.400864737277516,774.2283046562457,13747.770672598515,712.8443697479256,603.3824856537638,0.172254940484007,7.799839652726321,6.291571502116219,0,yes
246.1568752527315,149.2921858483898,390.2888955828247,220.7148418296683,4,58.037263108586686,826.2453165087638,18574.606908615056,922.1161513270076,99.49739574489236,806.0028734231968,745.5305589708199,13868.162453484183,557.1873421354102,656.7649726659427,0.2362064037336307,9.583576766885438,6.269035765085934,0,yes
260.44447957215283,394.6522087911747,108.07189419718698,290.3632671039827,0,60.717054854786745,894.713378428236,16922.64488066508,993.2030428138589,839.0105621020001,106.52697754051758,770.611657253104,12059.85941776626,400.4631519699918,752.4744205868894,0.27798042155941854,8.782831133498592,5.511176613112914,0,yes
282.12676646582906,155.97475007112348,137.06535613640395,290.9942536816872,1,61.82899025559596,803.472276342103,17357.155935476494,994.3938244002014,615.5746931529062,345.92820092555235,835.5758484762273,13254.69152122491,822.9383891436601,792.5330149130256,0.19531868411740344,8.979713720956363,6.191625398113834,0,yes
264.45797854853873,330.6129571448895,373.2350331527818,297.7310479374665,1,22.874595739785324,895.2987286746949,15030.919940649677,992.8027987495825,521.8489934338504,397.6898084823615,759.3046172775041,11560.373822643194,270.050294202347,728.7285761577408,0.3066224006926102,7.837045958972591,5.247978463773407,0,yes
286.16953800197956,156.93493460432384,397.77334916344034,209.022242568319,1,72.93824557135106,810.5573091732822,17157.353200027923,903.0843674843809,772.132206803869,150.20014308196437,967.4821455666723,11235.541322800043,544.797298864205,673.7780034722571,0.2333587114079244,8.868837576719722,5.304345636710013,0,yes
221.90055435590094,210.2923440064148,102.21797217201399,226.5910446022832,0,74.9028885275905,824.2458865474687,16998.212413169418,901.4038166806839,159.96225732364323,809.8237049472726,956.8463268312553,12149.113238796383,736.2365175523919,642.426988979855,0.18722315868683725,8.792102702179522,5.744505484336257,0,yes
229.64696837633159,179.1842600647198,192.456513788022,232.3440951109076,0,85.44784656328774,619.4239765208786,15039.573406346135,984.6737891306011,666.9908372455016,289.1394468792121,745.6439181100816,13402.76381927244,317.4727705561022,648.4987241428692,0.19628256166825636,7.779023234991729,5.992891324780363,0,yes
224.1407772989397,334.96613435928754,238.80381782609504,221.22714995526593,4,82.28206509786048,734.8350581905122,17699.08857525701,927.6063226255283,766.9519939525421,230.4937152635349,989.241616486591,14260.737771940461,273.64344082958814,681.9655128401602,0.28054782686292695,9.12622366903448,6.426096298354181,0,yes
274.1726003013945,274.0598398990942,282.2957716424501,266.09625762747805,4,55.76810462782285,733.220108977881,16738.16221771188,994.5538231693777,905.2221037452248,82.9492247269726,838.2969455811434,10206.614252677962,631.4176900895962,681.3061595574997,0.2768500884525697,8.654633004615446,4.88580533507974,0,yes
211.89195496583173,273.1759131870962,193.30792993412012,211.6400244599248,4,90.69352375970517,951.4804703776899,16735.232493955515,970.5451061354715,590.9717425556715,352.99773059243887,860.967461933972,12970.143181771193,526.4291873725986,777.5983327547262,0.24432645440408732,8.698937006474617,5.964950192307717,0,yes
238.74903168571325,289.7976977190169,112.93047356930268,266.47689376914656,4,99.88262131868785,813.9864667647516,15972.520188035342,991.049818270876,178.11439056425613,810.3653658755456,856.6897904898251,11144.99990299904,159.00668455077715,767.7478705963124,0.2504147709841825,8.289282536463855,5.09104129142023,0,yes
211.56956516337053,209.27585350450033,153.8617450827345,255.40604593937456,1,29.84137594873748,796.4528077933675,19743.678334775257,942.7131864041008,605.4484110719859,307.53309282521445,723.3612882950998,11915.300189984127,596.2142809940842,789.4665514259714,0.19993982380202682,10.164272822564826,5.513224953260305,0,yes
289.96654906843014,364.58761530588197,193.80983997331163,254.98320054896385,4,61.46090831464316,675.794461629473,17287.005881898425,936.893655484731,50.576020767993334,856.2866949523024,757.2146319415403,12016.294319977638,796.1478193204861,716.7955759232209,0.29585742000397547,8.908462103822512,5.636638502980954,0,yes
227.50997414915827,355.23618236395345,391.66790463372513,204.1828752476067,4,76.76937087054621,960.25803384196,19528.080716849297,958.3716241536566,818.1045373119084,179.04331087374476,930.5087976721519,10768.462362030441,145.85841375844026,695.5827401475688,0.3155521541052697,10.095696495057066,4.956331522320323,0,yes
205.1505203631107,320.2743781982265,161.4266416978876,217.39843552313073,4,27.40490920204797,607.6796819021622,16618.233304829424,982.5176996015745,536.2040085211414,369.2657411696672,910.7229939229712,14380.515891041716,244.8746132011256,652.7448979180324,0.249134383290014,8.565501208182441,6.414597689387481,0,yes
274.4552152806168,240.96392756630058,154.76178251438,233.09746772784283,1,90.0452563105371,612.7196748724533,18733.050728799513,951.5508604303376,569.5331042023837,398.4399505287797,731.3145883466505,14741.194784901807,771.7234771837524,758.2624382663796,0.22385064333531446,9.619731328856842,6.720356177032101,0,yes
221.27998181660357,352.0668797002357,383.49008666233755,216.56994547235342,1,83.31093193048008,607.3282025484326,15661.769722711888,935.6576654488442,551.9786715651732,356.89252662285844,914.573981083285,13363.06751102336,878.8460996398558,672.2374561535182,0.30316205280298175,8.080735596855188,6.265770216421055,0,yes
287.8953702125243,278.8394262082071,303.25051584351866,270.0970014014626,4,92.17580683417756,917.3044811621348,17849.987018386364,937.9155803700464,4.039267039179962,962.7675684369392,891.518046910876,14629.231927520126,558.1381094226998,787.8756101029888,0.2900686382415533,9.2440101902547,6.658007065403809,0,yes
242.61686906337528,109.56447208754743,244.10088473476267,293.95542333587474,4,81.24120021456861,607.4847533746307,17854.687245039895,911.4019154181468,735.8125153425015,235.64946940020513,768.6160336985137,11321.62687025244,122.19381814793576,701.5965373550614,0.20819565123119,9.173908582253114,5.100610448392493,0,yes
291.8116327567851,386.5361598162018,378.2430671835032,232.61883858761098,1,37.29206588219612,930.8293209487363,16002.4783456727,937.859319099575,501.89271778178096,425.4225316393625,954.6884895852346,11289.474874734096,657.0731204792527,614.1092931615534,0.3222465262378122,8.323333581615739,5.358580186734488,0,yes
259.94884269889087,213.58339783963874,339.17324823735873,232.18985557027204,1,66.73600113710805,789.5251662432013,18696.85552050824,928.1739339041338,276.392433994309,623.815326586918,957.076116039716,13068.43949749045,319.2561874498198,672.5923424529927,0.24483245063973383,9.63732217870227,5.939948994446822,0,yes
296.08702310936457,258.88927149199014,323.6177614701487,240.5606407337,0,22.33405741601393,953.0378277078769,15841.014580579154,907.7838240117707,754.2177247090331,210.8429095823118,782.0346339336362,13195.721333045081,829.5283377956539,767.8124073373209,0.2565130924478492,8.243569602248693,6.146446619541427,0,yes
279.5982599465848,251.61232817917275,109.07831459335172,221.21196625441303,1,97.33739460937757,857.8906747074188,15532.541385005175,904.2856947668686,692.537161380231,238.6775683561001,928.3073555235405,10244.92066184832,828.4983594348165,636.4428368145341,0.21816457583790788,8.067222549893302,5.002228095888825,0,yes
226.55483248892966,310.1160562525815,271.7696391780438,295.8260635044196,0,24.950975110983748,980.5560251602774,19511.063831041076,968.6880208210822,131.36823542813764,861.446632942566,869.4631419402765,12268.73984193163,165.3127824475063,631.5433730834227,0.26921895055670964,10.093283058108284,5.530796778046405,0,yes
252.81994569847677,334.2773100961794,128.42620455090136,206.59824260910472,1,27.275907717435175,629.6330097725939,19560.59062342251,979.227013584393,882.7584354432396,62.071520512448046,975.4043429129931,10622.451966347766,571.0701025400056,741.7587463660748,0.23998075645209394,10.041000522674862,5.084852676141953,0,yes
237.3978230750069,315.6304519800186,253.72980932594132,260.6516938809345,4,34.47587607473164,981.8422377897926,15989.01541121507,985.9776020181362,743.8426031201642,205.85586972753413,761.2253883439085,12081.516696150698,494.8599013238049,725.6404747039062,0.2793487427262146,8.334946641582695,5.550855220461926,0,yes
280.53510883108737,202.8320973730415,251.79212462206394,208.11031140834876,0,54.08150438538868,945.9438232318114,15838.822141819704,992.054913882533,671.6639068774853,304.74031632798494,736.8842914275953,14574.429329273356,672.184757854622,762.8560398658999,0.2152547030164159,8.252439913429571,6.61783870174416,0,yes
253.88265301608791,253.01457447706338,309.3076534438676,226.36371363333197,1,44.20568003302816,721.6341854445245,19841.742764770173,972.8821263217361,601.1419060802423,364.11882416854553,831.7852827520977,12293.801016875,407.0247185489333,601.9695288319186,0.24986717070575057,10.200864484311328,5.614763425514729,0,yes
250.92666905413031,371.14755908491696,345.53991236008807,229.12967669701277,0,88.82453059549744,986.8865073977088,15938.104649068258,969.4209339736748,568.5396324741846,359.5140626571291,842.9237496329135,10689.131291213065,375.7692564135956,795.258710811687,0.30615571468057706,8.308365666903503,4.985240965217186,0,yes
214.73495823738344,104.33379721361274,240.028123636073,270.4870002499114,4,67.28077545553289,932.8027081421599,16044.0534520748,928.2920963589913,694.547720214246,242.06321516912578,765.312482388801,10781.423797772908,325.85275937287815,744.3019616019817,0.19531795510435324,8.34326020458549,4.965526816499166,0,yes
233.45512049908575,303.73627442098575,121.61737726577269,207.75150571338827,4,97.25939155792457,763.9633494486658,19313.67324255784,913.8137572109194,737.0288673136316,259.25528690250883,921.0284846272355,12488.457532653241,270.25934713722245,670.7659941341144,0.24498361752081138,9.938080983543843,5.68691115900744,0,yes
256.4711261159635,395.0308387965429,256.89202054270413,206.90868726824783,4,52.65966706861609,866.4289923390181,18455.368783790767,956.8656332463208,124.73408111427155,792.4628437198644,792.9721701780358,10540.272270101983,429.9901884447294,789.8025373336213,0.3056895270984809,9.537768523128594,4.925189466907067,0,yes
208.2431362379011,203.39164234462368,191.8498645545768,261.99026214055937,1,77.5313181071327,691.8361769161138,17657.38033163912,983.276480107494,694.5751185782501,247.24592049694706,965.5678649472903,14750.564812022098,653.0105036964043,679.517868545444,0.21207548418884642,9.103562000447727,6.756301130593981,0,yes
284.5220130452885,262.543527518078,269.36570325208436,202.7544372064764,1,39.05540244598406,740.4155012156863,17372.65450586959,925.2717472278475,607.5327985454195,342.9761837831752,895.2964796995483,10762.814035045778,510.93167023762607,621.7562730433765,0.24419914966469733,8.963920782697011,5.069884245331959,0,yes
292.2313880501549,145.3958028195014,351.17129821011144,233.85825636253026,1,64.21205345404118,924.0169245817103,15784.521158463596,981.2477774844078,221.69593188860162,708.8715415342831,967.7511069192064,14198.896920297328,559.9192375956783,794.3799889770813,0.2240608533835206,8.218779472294022,6.512964970455879,0,yes
234.1667018427981,189.2802137045683,272.18625921420556,207.88522627787555,1,63.76847718882162,997.4919292109989,18930.689318303477,925.8109626767941,277.8186245182859,712.1817764998148,999.9712965365248,14788.160168814426,726.7900752817834,639.2047873496495,0.21322029275150778,9.801113590592182,6.815970919472584,0,yes
205.88642398614758,197.52794120597386,384.5997930074474,225.67653435810763,1,41.149244456116904,963.3742080133148,19250.67758415679,928.51595122271,353.4363562701508,575.2913990187855,974.284071235779,12681.54483312016,786.8615914589435,702.4068496845105,0.236146288568255,9.953609283619553,5.986940296200182,0,yes
229.2911167950289,356.9853908311872,233.20352405085657,211.84381099790994,4,48.16095537017933,841.1641618626634,16479.20390695856,972.5164803455998,373.9273129283286,568.4309872638066,851.1139003761876,10729.660593611434,221.19852559418297,628.3946050454789,0.28271968131559455,8.546153919551344,4.922803379377398,0,yes
279.30753015543763,285.21878784581077,359.2118186784873,255.34931638555275,1,61.39363545581234,665.2630664378437,15245.328022251462,919.371591209964,386.2780946528122,551.9234798402695,980.762539341436,10399.094338127932,257.4406279095624,620.2020187980346,0.2839048300565813,7.882916389995714,4.855292303682627,0,yes
218.6732925213676,258.0676339249427,330.19267866084584,206.2030784817864,1,57.85941584772408,653.0392820720465,17733.161886362792,953.773512371024,100.2200340721998,882.6472741916956,947.5345643325476,14177.695566470422,880.5831725176876,738.1311521222403,0.2493004416855616,9.128880279007877,6.624372538954375,0,yes
239.52163842638168,133.88327518723992,240.73956970552197,265.97054540245904,1,42.48943437140231,896.0604435870785,15940.75502236876,942.6569491069016,100.84274768400962,886.7952295019419,873.4765829781729,10897.604154317425,366.4577280401542,755.710550368011,0.19439114550559247,8.285214357168531,5.0800587618262485,0,yes
250.25117935340668,163.26818545387005,120.00830239834858,203.03237964995336,4,80.8317480138264,839.4899799955689,15572.147268249933,921.6711559977384,75.49187149563369,852.9840624835904,909.746424280267,11074.813331386003,835.052658740767,709.1572015256297,0.187587654151378,8.08525895011797,5.33856594968711,0,yes
210.38711905706637,205.67071856322212,282.69729655031074,238.4762350405644,1,90.01663508719325,652.3141671915872,16484.786651074795,945.2115931599346,371.7645337167785,604.8787306985562,985.9386951559311,13929.67254110032,639.4470009446808,649.6060576558,0.2282944253438779,8.503356589432483,6.431538265274898,0,yes
253.7501450117062,314.0977375606045,197.73045799175873,272.5365207072041,1,76.55068589865652,776.4538200723451,16940.896972431532,988.566909443634,108.53995865408484,868.5838757091451,945.3109028905105,11235.01843707271,742.3678265593478,660.2864591947206,0.26526889161621087,8.76475397841318,5.380060896631566,0,yes
271.99054138262875,313.5400931065558,224.85491816780615,240.94481277863926,4,45.303435022578526,967.478030150714,16418.791008130487,975.1885891189471,779.0021096268648,133.46939052580353,863.8861841194108,14600.253042986067,600.0328878892336,783.7169964680496,0.2745321344515303,8.545032267053056,6.644105342520907,0,yes
202.20435671134533,178.02731987880628,132.7852399734801,280.9894391061823,1,84.48296848980249,796.0197214469761,18724.248580896194,935.9059636071416,178.42392044308852,737.6828179076176,815.0462483857298,14160.080322625774,290.27916045667837,624.7980030647794,0.19402878340910848,9.653526860108283,6.3041097173673,0,yes
241.549741438081,276.2188254374315,225.97846411980626,228.1652701511028,1,99.51008618148089,933.8200770051678,16621.786860441185,956.863271317443,68.42337364284865,927.2259335163155,771.138669326074,13480.157133135614,108.23546372926947,692.2357573309444,0.24823759385072477,8.636283990700294,5.961562926242687,0,yes
203.3898573925246,221.48661781846113,177.199422814182,247.3276702635074,1,63.63105268224945,906.9355974702831,17864.261473971557,914.79619154135,857.1429194427494,76.98056491115153,924.5847196048844,14162.960793049402,578.133023959603,722.6559983753225,0.21109080884040465,9.245621271166298,6.4795515808002175,0,yes
244.16040134019303,207.96269346647267,370.874332183041,262.78251276831395,1,20.491702176781892,734.1704339652115,15042.683591453124,926.0355808338365,868.4367722717277,123.16354841057489,977.4599102325632,10454.21671527824,172.75850561150577,690.0332627915761,0.24723396279064047,7.797659182704123,4.858672430935242,0,yes
205.74063408065055,272.8871851909936,276.5568765375134,205.9833081486091,1,72.43415827054861,620.057249003621,18796.68838759908,976.5806903802178,422.31763356129267,519.3925213256671,876.008280345074,10899.16123359488,236.0705902883173,731.4000126961239,0.24465702194227815,9.6565985297242,5.019975571056204,0,yes
220.29224154924574,174.71213711701895,305.7239128286378,210.8804933423712,1,64.97544888908418,818.4779517837667,18698.171696373207,946.0239808508584,231.2354800151542,673.2943581174195,858.6860550150359,14336.777161379621,136.90603871365317,649.5320170551526,0.2130989466962356,9.646897447507413,6.3325506726816245,0,yes
221.33305870675684,262.1110760003778,180.68188481858,220.0444900968816,1,27.563746895807235,829.2225055062694,17965.79763960457,966.6814884720122,816.0777842868065,129.17022536382035,964.0669584424377,14230.995105597623,185.297834781895,669.6066695227343,0.22031199957796782,9.285963595946855,6.3599555024413075,0,yes
290.9367770077414,293.7858490429644,344.36629087755136,264.38294039486595,1,47.771135787092945,995.5316264560822,16440.97157235288,943.5201381635304,272.0830663716369,661.6482492702817,847.8460438653846,14972.034755805322,686.5656532828746,751.5633939029544,0.2859300781349614,8.55823000858028,6.81963958778349,0,yes
246.71897835757528,383.7782553196351,286.9616421151284,243.42492500244768,4,37.68716297696934,689.6945379107217,19299.605630077167,952.7603848938131,637.9716570797078,279.17449325560654,843.0861454570776,14870.962688385216,447.71785818686504,716.0494104026251,0.31139060252403317,9.91999176833643,6.674788216053841,0,yes
281.85410422072954,296.70275278685347,205.49807704799954,204.2475301389314,4,33.581359231947005,856.0415967717879,16429.948863764283,965.4789352573795,357.45991911412176,597.2964278054333,845.8734643329767,11049.389229489134,693.068831933961,799.1625326926741,0.25636202786623585,8.523903058040585,5.261633622261212,0,yes
240.09410505885535,345.953190025288,189.71944941444985,265.0451691279676,0,51.664264928660884,907.5160098584665,15759.435489393574,947.0494144053832,250.16350157522157,728.0963890682187,735.8806183169302,13812.39544121716,164.43247985982748,748.7485325645841,0.2660555564969981,8.19776081795019,6.107902764654087,0,yes
233.79886214344617,312.3690820640694,287.32892855412206,261.9422862022207,4,61.3617958293718,926.893776110685,17395.49062677814,907.4699220694007,775.0510778607991,164.4621412461355,829.4035668315486,11397.429214591319,264.371468216817,741.2580440235467,0.28794676179412654,9.014782474656544,5.212967096604866,0,yes
238.7389164980281,112.63995857662059,362.26408436029175,250.98659977971204,1,70.92771767689422,707.9682227013574,19787.652925362898,953.5150633877852,509.08445630244836,475.48431262380547,878.9469763939292,10373.920826148536,457.70686937206966,720.1078532888413,0.2106778340861688,10.168137099750044,4.904124693480403,0,yes
296.608968243047,326.15467663110354,268.7779626495414,237.7972195631176,1,37.1931144329729,768.005484362302,17960.129304330407,937.5265431497323,480.94667295943907,516.7299035331908,901.7678071309341,13790.254651050887,326.9592765918136,780.4263325643169,0.2778321827099775,9.265453355967828,6.237322646586338,0,yes
258.56446406996474,137.37313241628658,123.59172811841047,230.10922859922186,4,98.50358577381066,708.0101869012158,15171.008928103674,941.1677259542677,147.97419324423362,825.8174394138164,848.957776117956,10825.978066885462,489.1516651130863,697.5435707624631,0.18663554602241014,7.8581267476225785,5.0810579184260645,0,yes
222.2977683281308,182.57022593866694,271.3350263594248,200.81465467934882,4,25.23101971682422,785.1901620637249,19382.759914828814,974.6621089110852,759.8655979740568,225.2495959488491,731.8789714513111,10526.813134499005,574.7029348747058,785.1697179769448,0.21460898105341047,9.98570522295381,4.961979482924718,0,yes
252.8409168679545,297.2968990391506,139.6267145235063,263.9656962220305,0,44.694643768007666,718.5886132305592,18976.514064382023,922.0655123015636,20.673439727996175,909.0920838094748,938.1422105132199,13100.723367618186,521.9156524164136,733.3712556719811,0.23709402492875256,9.7605915231176,6.038414745563927,0,yes
219.38471300391058,156.79962146381092,224.75628901013118,256.58160288884477,4,36.54630293393743,934.5132380529583,16479.270920415947,924.9891801971272,70.16874243293218,887.95635214721,883.8785023498857,11662.936009289897,554.1490841802027,745.0419628051541,0.20719260418861826,8.560807553159583,5.4599328423659905,0,yes
260.4523541034496,216.2932848267028,304.0156865396505,248.30464622412381,4,76.27778713932004,732.4113899741529,17542.097612445206,903.9147342382466,275.8127953382231,637.6400227145691,743.1669579705143,14220.128222191845,552.676705240727,759.8869144392202,0.2553712114329409,9.04395475747561,6.421781508708136,0,yes
273.1118432239796,306.04242664888443,318.5827161629351,200.69061885299584,4,46.94343111848287,900.3341676760203,17622.102533236233,920.5099450101909,551.858167620332,432.72058611078273,808.5355887807009,13081.01713039278,797.0082329443633,728.9552840589132,0.28257586503488713,9.12382265832477,6.095692042379622,0,yes
221.4014675998607,288.16604389418706,223.00406637230338,202.6026549900931,1,32.88915648586244,828.369362273519,16641.565973744408,981.3739702730444,646.9527260983164,351.2259188889342,794.2364714696905,11890.962134335286,233.245006471246,792.8909864109065,0.23638796546093835,8.625686989443619,5.398843179451859,0,yes
225.68582837302077,232.67910677070967,253.97215740030887,235.2693741177273,1,75.88472156314926,658.1533530217849,15786.234849537319,969.4578453979732,42.023007344867594,902.1331120230034,823.0422453641944,12539.200920647483,616.3901943490023,746.7009724187812,0.2328658474131847,8.158696975590606,5.8092991488980985,0,yes
225.9030160924166,150.24713027171788,385.27946458454056,222.53297587657872,1,59.0801539508879,684.5125354620207,17203.516185317723,909.1673239109595,522.2552769364202,446.42676663163854,832.7009471227151,12134.984007747087,405.0214394171648,704.5581282399002,0.22152199045134158,8.864834693962896,5.564725342760498,0,yes
249.044789188811,311.053897177891,249.5590194569175,254.5175364260312,0,42.95557102377905,776.8204645572821,19487.111016716524,995.7173309983725,937.2161955301696,43.25422534065319,747.3454233628195,13602.437220882679,554.7198176722904,725.0660856835466,0.26199506075773427,10.038934375056588,6.181784748222119,0,yes
268.2858218957027,332.56107432903514,138.50794679637357,240.7692175591323,0,45.76923836521412,895.7294345242251,16033.558989164078,962.4327622437048,419.31234719332537,522.967300898388,937.7454785351184,13551.175569648562,276.83257446819897,624.4975441736876,0.24842564215127852,8.334262868616584,6.1077956298541185,0,yes
255.2961133153932,207.14272419676126,328.6331418567819,211.30678932832572,4,65.4586472484021,656.3462970964047,18770.799846848582,932.6245656670762,535.1774086406604,370.6492769896729,874.2692982947076,10936.84885083002,114.29937483340859,656.3833160388975,0.24722243440946975,9.6455166372871,4.970845099660652,0,yes
295.6542391984473,318.70263482399514,175.50990666178308,271.2270230565068,4,83.64548389579895,847.302882916558,18539.59195651902,906.5578523529202,699.8444681260851,213.7668908054784,893.4461929577624,10138.73918340236,396.892788820576,644.5972600980656,0.2806022805931997,9.568673242861708,4.7718273742459365,0,yes
210.1458400482077,285.5026351465686,333.7167293131194,230.68199965009057,1,69.38957011233181,973.7885158264733,17081.61180533592,920.7484228613117,218.268640887418,746.6122774497584,986.8889142034244,12711.935009212977,443.58136780286054,641.6104110674364,0.2662480703787183,8.870409351447655,5.86380525407351,0,yes
212.28787861171338,357.68173859502724,392.5074187138188,235.9473555493321,0,89.37529145166226,698.1333819011074,18402.936038269265,948.5534704529343,668.4630042077989,250.53822900337445,793.8108181398619,13545.97102641766,116.99217433347675,738.3488695476107,0.30671433674980275,9.472932367075583,5.995998529408834,0,yes
294.2295204330466,151.9495772440202,238.20637528933602,287.84806879800067,1,79.41441349838433,915.437021271302,18567.647486031525,981.8135754886308,828.9022926730091,118.63682518148141,822.1893527457283,14809.673480553272,391.6094551902513,622.1932863423609,0.21705193798434752,9.60846519125715,6.61130490659626,0,yes
256.6472631530339,302.3899912134748,325.4152923440205,279.11265615441226,0,66.45492888672408,769.8265294694008,17872.018738992294,929.4950059726722,200.65395379212276,739.1892472430511,958.0822243014139,12277.194056051447,200.32775236331543,690.0366253341343,0.28253508812848116,9.22070131272387,5.583998825919214,0,yes
260.5984037079377,154.95457568372393,151.5458159831339,225.38603957062634,4,22.926242732888788,711.8576654677325,19293.931490358988,926.4536661821047,536.6093664627605,387.1205988192602,826.3084620444023,13417.43138356365,224.0275602129155,754.5415079558796,0.18907037078909011,9.918417537426873,6.003193785058694,0,yes
239.08341198257045,124.23873155839864,151.92600843434357,207.68722252047786,4,45.663796651095474,695.6665627863513,15955.91160648172,999.7908449983477,523.4454103039388,433.5465024372355,950.3631779531978,11872.031708523242,855.4328359023949,609.6637485811134,0.1734575483001752,8.255959628922236,5.672712981336497,0,yes
203.22948094234195,355.7032190200145,357.3517454437572,242.73363288608272,1,35.5411262282378,975.8329572399703,15389.512719645276,970.7020427729179,24.44710215702641,904.5969750883486,797.2944797178002,14062.991637463978,765.5726609389185,652.0944613957488,0.29633810649449965,8.031696784909844,6.453633274429917,0,yes
248.6762647603892,262.8158792995158,173.89863363150087,235.56326614975183,4,44.56042293211014,745.3931871967278,19530.70118406417,955.8756245535618,155.44996612111092,800.139541354393,713.1906008890555,11745.123188977333,624.0528494449728,794.3153412249812,0.23993203777637587,10.04824775174135,5.458713458898249,0,yes
250.10615303475134,355.46101713438645,348.89413831461866,292.6746388908604,1,56.27100284076813,609.0233182650645,19304.27629159413,987.3872371837737,51.86407897588694,903.0918551839621,968.3042437586447,13642.024848740397,257.0490656127534,699.9200261554994,0.3130642267439949,9.909489115066505,6.160089422221294,0,yes
235.07280053964791,117.37636021102247,356.3857706959015,270.33134500809865,1,39.58816274841854,773.9396082217131,16491.156106046896,954.8685285198424,44.24740746374159,926.6371395137645,866.9077835828915,13105.558514592038,442.7093070192828,645.7796081511535,0.21086295835606153,8.534669224653298,5.974288048214384,0,yes
298.06142081024774,267.1261003436012,219.9018510928699,246.40710013257282,4,54.38890869566965,631.6959017466852,16122.032278773806,936.9910875250501,859.4535438972433,97.92704018118661,966.4775723197217,11448.123620596085,290.0921202198429,720.1249358233431,0.2605129682230939,8.316351710318246,5.2980190878583215,0,yes
277.6491178510879,240.3042884740517,234.06578128381148,216.74375401648953,1,63.64900014424841,966.9911769076778,18242.164988491575,937.7511573425345,908.5920806212091,12.877570036507336,894.7228907356609,10838.215898297665,860.9611484607652,668.3115659632049,0.2332622317166306,9.45145094585524,5.241940877223715,0,yes
261.2125975396115,271.4716694875367,358.93427152229657,248.0040420075679,4,93.12337973591428,644.6753489046433,15946.299034674663,987.1544631779128,572.2763450338514,334.608233232339,822.8291439149846,11668.801907016983,561.9092492495522,664.0356636848039,0.2905807249716846,8.238232500409445,5.4232427448749725,0,yes
219.60907788962987,355.7481332428365,194.28303406771002,201.00417957352047,0,41.111577371278585,975.5407791690359,17402.137942050984,989.8769060585474,628.8971743603695,366.8694236279059,946.8075564849248,14668.305985733292,854.0836774164458,694.5992375668894,0.25416397704345606,9.040595468318976,6.805757145097786,0,yes
244.0217601186145,278.8243512423892,297.31013771906686,255.38462667963066,1,77.99673425652145,689.3087537037471,19065.13558911715,984.02391122588,349.34293541791874,638.3379525661194,900.5640897059429,13246.261617856939,309.8259503131501,671.975608516776,0.26659690675209624,9.806988066944816,5.996639339288203,0,yes
208.10415924370457,127.95808249544551,236.325072395981,283.3437968945331,1,64.07928670205573,843.0197145053969,16281.626372985695,980.3112516347743,376.12703388213595,577.5413677554976,853.2497833481195,12705.38689684694,670.4595188468215,779.9154606079263,0.19335899814610893,8.448860093308694,5.915215917671545,0,yes
219.43781666112218,122.89603585253106,275.4650989790588,220.11699354083075,0,24.654767187528073,879.4065192251484,18643.035460590272,949.607030730355,393.4141444246177,538.3372184848677,972.7052675864347,12717.39228440819,741.3273049947796,684.8135987008283,0.17899224077358358,9.633535886963179,5.9805291607014395,0,yes
262.98751578262863,304.9284709289303,326.07868268926495,212.26903688288164,4,69.88232234514844,674.9190178226916,17475.027543534197,921.6239462298435,503.36915745690976,491.55546100072866,921.6727301013578,13661.560308232481,560.2751830020175,745.8995206625036,0.2875474026759828,9.000188923412082,6.2821530975826585,0,yes
230.12106913301426,213.66200600325985,295.9711892687376,247.67488833773825,1,59.69963622155263,799.2554855041831,17885.180941071096,946.8574159287327,432.94385569700444,516.4642401636797,920.3094257357801,12536.02713401387,114.48764785881815,715.4171358007685,0.23466532710668375,9.236219092197398,5.642751322433628,0,yes
258.71899617050593,378.5963888920118,285.0245542160826,265.9167321813098,1,53.81080734604158,833.758152853713,15466.15905861826,902.5871242839203,486.806701760846,418.9934402277892,889.2363397668647,11422.517066544686,341.2704398146101,640.6313868646349,0.30497289361098073,8.028371064362204,5.259820066355902,0,yes
263.84618523048636,308.32936368526225,227.98618936734434,264.6151649817345,4,73.66668665249055,715.0063627571034,19026.818276621696,983.2475340449945,602.9493680891155,336.18475859846603,744.2038772273106,11141.229467933303,209.47900567000116,741.5605900402206,0.2803429318446711,9.793374661728086,5.054438455817395,0,yes
273.3354964539203,238.3954706449801,127.38300249994049,233.29771841225255,4,36.05173627749608,635.4730580748248,16172.148601253464,954.0668847313667,573.8761714052777,389.7670809025378,932.9058009933989,10523.438345408256,729.2028489776089,649.01012251834,0.22245794827521245,8.344580022380681,5.081860377731386,0,yes
268.72810399613144,394.00711515812765,392.13568544404677,220.12807628238946,1,24.80418249384958,736.46494656322,16673.46350615367,909.4839821273218,16.503579603218427,956.0468594527058,793.3951620851624,10021.160860896278,197.21828462509336,609.6336874415688,0.32102247418560653,8.61129338628101,4.608434052931235,0,yes
298.8625748202873,257.0315978201776,165.83118720421584,292.80170787574235,1,68.48311228045716,612.8775685782578,15150.864107405156,944.262602243019,362.37249262883887,611.4753837788635,948.6219564731573,10509.936165552203,746.9160405188774,720.941603136627,0.24481331499923292,7.8276701987404556,5.100711598610693,0,yes
203.30447165859746,292.3527111236755,375.97401592453565,258.7361553434165,0,53.64917296063426,888.1159520989512,19695.60066604448,984.9245153541874,736.8675336355258,251.7146626767286,824.3260493340258,14675.709692533672,132.3524580568967,706.138767561989,0.27620830117023426,10.166665379895843,6.471559625619593,0,yes
283.19658340923337,163.7834625802755,113.58238941005992,245.6883602660339,4,93.3166760097954,975.7375033452544,18978.953503584074,928.524174212614,858.4741954023091,54.610005146148524,869.4474274336437,10356.190770702131,204.46887013618095,763.7470568237989,0.200779142542646,9.82059365296958,4.787899189053106,0,yes
238.14568651231053,326.0074637949789,174.19340674093286,242.04858366929594,0,70.26730927154897,669.3262129161279,16022.433250995753,973.9888189187611,475.14687410665664,442.93956713979964,709.7918660038168,11989.293660911551,376.0021587349766,784.234213058849,0.25246509986375454,8.279866908463049,5.4493079809574,0,yes
226.35529252578365,127.19977824874474,117.5033330933891,287.1863284606441,4,72.57128461088288,816.9657817443172,18208.93314438667,986.9163876662166,147.60125270072442,760.4096532686368,810.9488242720838,11631.407813722966,230.35911373087154,698.9312720649319,0.18543168963931883,9.40758283939559,5.275659087515982,0,yes
202.8356286024975,152.17151925801917,219.278237436244,268.6820552393863,4,73.36982213163087,843.7155408436229,18675.713867323473,987.1224261799682,585.4153929041123,357.7113640110132,961.3989913870803,13423.11492811812,278.89796126110025,698.4579091248827,0.20920585629724864,9.64700346928198,6.07668313284623,0,yes
232.7863105970755,289.245578871971,259.675208406715,223.16840602100996,4,47.685832907753294,604.9226103233589,15007.816012604244,919.9769547073273,124.34591382398796,843.3224876993116,777.8808680685269,14148.684934569035,258.7610439900624,684.8219243307997,0.2635648343566608,7.751088316845142,6.287031477008626,0,yes
210.4760724070673,308.3584031463978,258.22891136974715,219.8887739158253,4,24.562517351496034,814.4777600672825,16244.715084845822,939.8677196039869,580.1901172477933,374.6330341287256,997.8707787729268,12547.823678286328,682.4772658877177,747.6817567173538,0.26454139492185424,8.418428023100134,5.9107119717857985,0,yes
282.1549719545249,223.78730353810153,221.58086345494206,229.24488491879214,1,21.797076409272034,780.6698806275735,17656.185219072235,962.5624342131474,748.0593211686551,170.79803934885535,906.5966832042479,11532.405343683502,204.29710355657323,697.9972133149593,0.22196901246590384,9.11974102507051,5.265250934497564,0,yes
226.69148022407214,327.25575098733384,227.65806572825124,297.38596751058327,4,58.35052248009997,982.3718521801102,18499.17654752171,939.0509928928057,4.0194833324679315,960.431420013548,932.4468535838554,13282.703577997338,214.45930146489118,734.0017474670308,0.2877796216949662,9.58367842931309,5.99079834898515,0,yes
297.14906411275416,180.83382136710054,240.885338374383,203.42693649629464,4,25.943193105428747,640.4670712377957,17024.945191506824,971.0612843309234,150.15750009793385,801.4069618835275,985.8426083678667,11437.287218380743,566.1128863671809,748.9052743235092,0.21790587608143444,8.77441085529827,5.414854407378421,0,yes
264.1344881978925,246.4296948819991,349.71338592505174,285.863719474403,4,74.29113414546933,721.9711595584013,19305.665344687764,996.5959095585449,227.4432484879697,743.4021035924293,851.8375539020478,13478.406376461026,769.0142855002873,722.9153233050575,0.28429320688005094,9.936184526699579,6.258071625497371,0,yes
222.72728596039843,174.5695392684267,142.5048606228827,211.01368408069217,4,84.62569152626394,714.0192488193674,18186.15778882384,980.2922945694348,618.7846191956743,295.6080780605762,712.9252672917221,11813.894900268548,254.77026891170487,719.3502229753971,0.19520291290338038,9.372417837722976,5.322778023090476,0,yes
288.5103386657816,399.3532570416507,259.4803075541457,243.6677574268787,1,67.12895409886345,746.1373935372037,16836.189735794043,955.5829504912966,807.836423489347,127.25211300628064,928.9293609632784,10982.790928959657,163.16289439409132,748.6839153179449,0.30916272800753214,8.70111646857431,5.046817709326453,0,yes
274.73679500453176,201.82826411468614,209.32615925095212,273.14652923589716,0,61.65610836480588,711.0230498617666,19661.97044773156,934.5165596379803,2.542163844961267,967.4304465111403,875.5073574122841,14213.608434774775,241.32687347204006,655.4185206972109,0.21958517885590348,10.103358159593112,6.34153223486489,0,yes
242.7065304588839,356.83003461493263,384.73898864194985,264.0802308796322,0,94.32781960105356,828.0200128287728,16637.56102248772,937.9076084002248,944.8818824555557,32.061905531120146,767.1727419188658,14396.281049179288,574.0434033515476,647.9161855478811,0.3149115582591362,8.617615732813677,6.504333978048267,0,yes
253.81612268346032,217.30153325219564,257.34841630833375,277.0899328670121,0,95.22863241871707,673.4526454144473,18721.12375126463,900.9756727522724,837.0693233151661,105.92260680711411,898.079541144104,14792.511444959251,535.1978101869913,735.3110853699267,0.23774188439577995,9.62009610032693,6.706489624741387,0,yes
212.56440110223906,328.79052146185825,159.117662978364,274.6520458733202,1,95.22486599813872,723.9437111274593,15803.881274726076,915.586645542263,661.9495395097144,243.81341704384624,804.5639365943407,11074.092597899107,687.4635066684477,692.7308496305985,0.2609914387165259,8.174570362276564,5.231896465881591,0,yes
296.8152171900607,136.43867931742085,264.2212902156045,224.55092743234073,0,92.39713476436336,987.9050697367232,15136.973074497413,916.5929351024755,507.27254171656165,409.7839003717841,994.9257821048482,13012.91441271169,407.52007511148946,719.6837302619441,0.20135152666210038,7.900777839004059,5.9766941255725206,0,yes
236.41030911777506,207.9682037099875,226.91558393620264,231.71092161177242,4,58.99142086381849,633.7218858243182,19358.481840022603,914.7319534391903,336.4740154445606,574.099786980803,876.0758994288427,14011.332373327015,724.9222563950932,644.6395657930055,0.2280894529120214,9.931970178598922,6.4447190097754,0,yes
282.4048333444548,346.3542596592337,161.8841553080365,258.8506038272301,0,79.55812620480043,709.1933176980265,18215.28973601444,946.6700747244366,752.6690217868165,246.1952951353951,934.0040503923985,13199.34054106653,746.9718781508283,644.5002388516289,0.26826975091058436,9.381283642989814,6.164052218644216,0,yes
283.9235128046147,217.56249409024548,329.18327498583335,287.5855372983623,1,64.51324744638251,662.9046836137493,15182.522129828949,935.4808851665222,170.56623300876387,777.277312298121,786.2987095180558,12578.608121380272,344.4320362940482,611.3616662088306,0.25826064912711544,7.853203789278109,5.684279840917451,0,yes
236.78538170490958,231.07230470684283,139.91451814961428,230.33766269043565,1,64.29289212650457,754.2018912209176,19562.438689359926,933.0845143384645,515.0466960935014,417.90889845955303,772.6202063360206,12927.80465837075,865.3928136714762,792.3791561951673,0.20837007532947374,10.062935915345935,6.048724771372385,0,yes
219.84822611627885,342.3407414088688,129.08527435395322,268.23990542305796,1,85.92088787156504,967.1107260447243,17742.250755389872,916.5407196523036,674.783775864021,274.1730791173861,907.5835951036559,14034.930203827389,158.50899111278656,765.5624704405236,0.25887204927040197,9.198616371291326,6.2614240137815305,0,yes
268.18584157046405,359.56108941768304,244.49390593651196,262.32348335134884,1,39.45213613854112,987.0158939848628,18305.205539048773,990.5626862033696,864.7678920557512,89.03892320500177,817.5794692331884,14273.785242199012,417.1639914160322,783.2527522384746,0.28792706662218076,9.49487139217893,6.427453685884123,0,yes
263.4765483217878,357.4395434984841,244.56503517439774,219.2900199655189,1,91.91179941624908,850.1480437377645,16796.65806629964,949.0461592391175,211.61033114876145,741.0896131266542,989.1637570138298,10271.885126968727,121.27530557477337,706.6166806870013,0.2844852802787767,8.703666594984835,4.766641257328527,0,yes
245.2573017974846,376.9589587857592,119.29700680303065,221.65486688517638,0,98.91512767658656,656.6478268837536,17464.063968188613,980.7211238143074,863.6722109624682,89.4196064540904,988.7981285362193,13653.76551151689,856.5667895021646,792.5430768127866,0.26228907846645255,8.998839357953418,6.424837970814318,0,yes
247.1950713471947,318.7055795892602,332.13647887789045,269.32914037725226,0,70.87700657048077,677.0761976512096,15752.22441901895,948.2789215169623,520.7461245920032,411.81120535637024,729.0607523716066,10574.116293393154,165.78806482166783,685.1121204335963,0.2878095415635199,8.142916205894096,4.795695055928204,0,yes
274.49071313786,377.4416579577972,269.32055863083247,288.63924506824503,0,42.53475568123925,923.3898823876125,18889.015082762373,905.6978648897134,82.43140343611955,868.3565473844981,984.9763534205299,12963.396250624104,879.9630404696246,668.7693867572125,0.3024932935570277,9.760503421787902,6.139797559276884,0,yes
243.03051027659006,194.63493264686696,226.9821653637975,272.3847908401106,1,64.40636035792686,735.362096411299,19124.71074495207,939.2328066696451,658.1875286015362,296.999161927568,793.4603982168402,12057.790890072842,654.4870171996371,787.0131966501117,0.22042160744396336,9.840745473690077,5.627030012561215,0,yes
205.8051293214971,331.28783139771554,374.59700278120187,248.57830574287078,4,74.89232276834794,892.6669984393377,15083.629390411033,988.2065211369519,203.0432015416136,730.4186054559991,997.8972302780975,10267.840413500031,231.93636263062524,601.358684670479,0.3084615114365986,7.862166293512679,4.796335384739448,0,yes
206.81975228184456,160.1554034172845,169.28344244669617,286.0456159100976,0,62.296839613209286,975.6917863700864,19074.821152387478,933.9644011631102,216.50812897515374,724.5802922455789,888.5967075237476,11660.228056619135,503.8021080533648,644.2763255474198,0.1889837962086372,9.869262604039195,5.424968211640861,0,yes
285.36329410910156,184.38477218218753,110.20805153410551,279.7621704115062,0,24.031253839222764,749.6211905717415,17625.279512356294,995.5634596772775,248.1151475579965,676.9327728163014,702.7368166174876,13552.47579405024,332.55877729821145,706.794725715064,0.19072405491533434,9.101960141002051,6.045048016253061,0,yes
225.74949981671548,229.03352516308118,244.01979208430453,230.30978326793112,1,84.01212782224664,891.7501079374376,15422.238437066826,907.6171795406958,459.16842664284894,487.0326001051803,935.5587642758653,11276.07936598905,526.1479120666232,673.081467207982,0.22945523020428762,8.02018096438099,5.303513616285573,0,yes
253.53248000288778,278.3896736075938,258.1166318294448,282.6475632082682,4,81.7855563378367,839.4280417877123,19741.156524056063,917.111291374141,348.28480171865823,557.6161308689552,900.9985752237865,13940.284364524365,181.80199681233447,692.3197554878523,0.2777158227616658,10.169126056434761,6.214647062052786,0,yes
249.8857432098561,235.31077473946274,166.13925877060217,220.82378408375294,1,70.08655758143993,944.3062165599922,16797.806279493885,975.5508148288968,125.15808341407377,803.4218603761774,981.5337178763015,14357.185389550905,410.06282260388593,700.8628704093264,0.21579191451296223,8.729271471672094,6.509152856991738,0,yes
240.11314873353615,331.10930678346705,133.21453369610288,266.15651210889274,1,62.14370502833175,827.3156572251436,19304.714348216017,946.2118632957954,211.1375011432067,701.7147909811633,803.1829859609023,13176.458316997505,246.75995354525293,659.7925745792711,0.2543590028370213,9.952174998215957,5.8926448852625954,0,yes
284.3610596983622,220.6649293021719,311.6857728133434,218.39060882282772,0,65.43656874903067,766.7760815539641,15065.651876589687,926.970680124408,908.060871809198,81.45703219318386,919.2932054644141,11782.095671603205,791.6054532124745,781.3681528492239,0.23833463765402485,7.816494483525231,5.625921443665927,0,yes
249.36958928993215,342.77541776754083,379.92935131173243,208.90124393065472,0,78.4244381190191,838.731040474408,18738.05392792613,904.9843429237941,808.7992274798186,176.9264576377235,759.9569568313212,14798.362555739037,889.515192859458,619.9688473129933,0.2961343598073337,9.665762240851416,6.786029401496471,0,yes
205.25141897500973,111.02554359953224,375.2029583482571,269.5403863786164,4,77.3882874520767,624.5462956881714,15401.531144478422,974.5255295256312,299.47039837495794,682.9485970808978,960.1862257588438,12119.596651715514,376.6465626694453,736.0382217544518,0.22491416308459983,7.959712841396311,5.604279299804036,0,yes
275.85673662090824,212.95129666174114,316.95292067806315,257.411344974111,1,45.82302496457834,629.5920500955607,16076.436210837077,934.0555847035338,677.2620010483645,296.0533805351133,760.1937673574945,14016.367953574656,431.8285879430835,609.7649223219377,0.24456428604214134,8.292692608691258,6.287203261618119,0,yes
258.5615210917947,311.6004657733723,397.8732074592798,250.83276098746532,4,41.76198356723553,675.3826540030784,19066.646134273535,975.9940187793934,923.6400371541944,12.409951889425884,852.7845734942845,11568.16835147509,692.7726307333854,739.6824485314853,0.30819309768913133,9.803577313171628,5.46129123580642,0,yes
245.73650267389667,272.8843524297893,348.27544603957386,299.76748207938226,1,45.38385906412985,929.5929854164649,16064.911377059627,975.8816685575961,308.557316349788,620.4268395964616,805.0680821008167,13853.552581348154,101.63614103349525,759.0985813310538,0.27940747084152784,8.359505014896055,6.121515334441417,0,yes
218.73146502542434,131.3427466535855,235.80360223392944,251.3855458801646,4,45.859270915402426,603.4749515791431,19397.37627798705,901.1069961923898,303.8359703941163,634.1379146259524,784.0355904583092,11008.05415259554,808.1827662981118,759.0518213288593,0.19926812494928595,9.942977649487652,5.258748086390475,0,yes
215.53319242544183,319.3641604941457,168.4313827878098,277.67451310063495,1,59.40858690393249,997.8599553593649,16239.060368216427,990.8786831542621,279.15973771249884,670.9315006088398,837.5023098840629,11465.314621235028,713.7487332068868,769.6612970733835,0.2555593827243314,8.464349720229695,5.428343419762059,0,yes
266.9703358238371,275.49790185376213,131.27425659524405,266.33861548825223,4,87.29276941814584,758.5784239229627,18949.409443764598,977.886568887809,172.93250931720416,735.130074914123,781.7230231760375,13559.726377287361,394.264986290545,674.3180654230566,0.2503213868985878,9.763561200485883,6.097624085351153,0,yes
225.70252431970874,301.52177700974335,161.83115193404083,241.62728377733401,1,65.0958762050951,679.7536189208608,16294.869740232309,975.2394468709554,237.57188266784414,744.5928577548575,804.6778993180864,12364.875994854803,431.3064669842512,698.4772359712226,0.24189197231460108,8.418543016150677,5.657048338204672,0,yes
272.87669281980357,283.334705507821,275.4594312203036,224.11991769604455,4,54.09764735940978,673.333351919629,19745.534404355767,915.3230530987377,296.33312635590795,689.6708084909039,954.8749152935261,10033.560211930731,219.98015344240434,785.5828420397693,0.2704234632782698,10.134233342517593,4.712165899264255,0,yes
245.7582901834385,187.93054133303212,134.33338638517046,215.80555893089124,4,90.17283986560567,999.0085845060594,18907.007578847715,979.3884990941635,600.3007116208955,316.7881828403621,915.2640065436257,10957.563564936096,414.19974795793627,791.9220361903342,0.20347889914702044,9.796997667789787,5.134975262039701,0,yes
256.706000876957,275.88040782182577,394.52325532538947,236.32901540920878,1,46.109905901612514,724.0816772545203,15423.631392280984,931.6023411110236,350.12429630358736,568.6520425909631,929.8413277042459,14153.187559507827,483.37661781218395,719.2016929894448,0.2786461094458364,7.986667887691609,6.43728358904736,0,yes
289.03591981592604,212.97097971096517,153.1445622981977,224.10584662676587,1,87.13294376805224,790.9513476668241,16835.489900638604,935.6120421297132,637.091804773786,309.1528555816087,913.5814566505933,14782.869979259998,515.8985413085729,619.6372372521867,0.2120121392560294,8.707976885484012,6.686344285858946,0,yes
278.35463710832505,208.3919390563608,167.58878563804888,282.62129002415804,1,64.84851066424359,825.1272512153142,16069.090221004268,968.971567327809,801.4183235331942,112.35203568301415,903.1497060242489,13670.412164654843,355.6106348192259,628.1623961106608,0.2206175342676509,8.337007660958827,6.1697367618987355,0,yes
288.815796860406,160.5235726912455,123.34667863593364,286.766675556262,4,83.77508401584095,747.2310588088362,18845.76429507892,947.2016585902062,765.3395525363819,194.01355634938966,947.4712515363815,13832.77201854439,679.0360881260445,716.8088201581841,0.20915560947464407,9.704992671039776,6.399686593376437,0,yes
238.62344785729044,199.10358447867964,351.9394983486818,291.8519815468852,1,45.96738904789384,727.7290845666269,18562.346291485737,910.4452941907931,590.7668182744845,352.7269021525635,964.7667762256633,13154.10940399474,838.6493766986372,664.5455722016048,0.24821917022535167,9.553936079405533,6.18991594554727,0,yes
270.9286876313748,139.48020823139962,377.6711537916632,269.99387598092255,0,99.06370392232405,848.7370552377711,19442.94887426637,971.557986699006,406.8280361144999,547.2011000959114,742.5489011723813,13846.960318134277,430.7045163172595,679.3543843453249,0.2319061794778885,10.029597276753082,6.21838648052524,0,yes
210.54182770029576,332.8130141660362,109.44606732940309,213.89957740915423,0,79.8394786209231,746.6352197273244,15188.0235440023,927.7834858462226,723.3325907834089,204.6148198766241,827.8957729643505,13341.699044370958,698.6196987332015,720.1978296576029,0.23432548157976077,7.873325663537763,6.159394157227211,0,yes
232.36269014786816,159.45442767213393,231.00115055004653,210.15603255391287,1,30.848010690618572,760.0809674038009,17395.291504086228,968.7239829299658,172.0754626722597,744.7309205689451,826.3609736043852,10044.753305867356,377.5379833019139,639.0870035032751,0.18914133858265195,8.985569390153364,4.699372247588666,0,yes
254.22949723864522,335.26782720117,190.85687312657438,288.1414832870683,4,33.77822710162245,897.8129663121946,15815.84460389498,965.7324586503522,237.45254431870168,674.0837196859779,747.5192610690352,12508.42414997341,796.5308795093451,640.9024168646106,0.2821671840323775,8.226333746924304,5.820418629440822,0,yes
254.42998595726257,283.73270475630545,185.19087206789163,217.65021445090804,1,71.92114249987458,721.2753136508495,18638.265141814427,917.9646711514181,487.983386609959,509.41100896946966,826.7918663099388,12301.571092778551,646.2616631940488,700.2476488573618,0.23914159585257155,9.591498665443458,5.728899095083758,0,yes
289.08916215705085,258.3250978176528,359.33823702858524,269.2675609474881,1,33.00268950140524,686.8661951141141,17625.36118285259,953.6593510054464,835.9702773545872,150.9788661094069,811.258375630501,12145.016412364981,767.5334599972605,688.9879062297638,0.2736268149838055,9.082372330760414,5.705639167631525,0,yes
240.68613622444963,324.6295631956042,101.93508635917416,295.0436459038144,0,33.83972905824177,651.5130641994328,18077.760486857856,913.7522606952243,875.5204423332115,62.67782707807589,729.6770770871308,11403.377448241707,455.23110346772563,604.7912926821926,0.24380344407368695,9.295357927975997,5.233677014848269,0,yes
250.8073889849103,243.14463744426803,102.06237303186938,245.25329701738025,0,36.6547238485936,605.4253168499683,19706.304951966387,942.0859875665766,183.97932630214223,781.5389541096705,733.6406560348624,14905.71834929003,177.84984648645104,681.6066225505244,0.20291013374310587,10.10347222362285,6.539064308217539,0,yes
212.47503623301102,238.63869309585917,315.2692557498607,234.51322015100067,0,58.50161436495577,641.0170218751196,18489.91807676368,969.2521161097699,594.3667618980842,324.1603982682749,948.1488107271258,11510.362600360288,647.0613588689704,724.0642555894823,0.23950445755605934,9.506767429513793,5.453559983951039,0,yes
216.536781494052,184.9914231165606,263.9745983243544,264.3757483471806,0,28.69413224439823,738.7205977445452,15484.024598216378,929.4702339606762,229.21867827470646,722.2950673589468,850.9224146007341,11524.543679530352,561.5130103980026,621.7513042042219,0.21052541387282014,8.019806016670056,5.377196603399226,0,yes
275.5929699553811,395.55528049456615,164.27635674955576,263.95385690378754,0,54.71750911409936,738.4076906763219,17241.670815324378,900.3244554757733,440.2027932058182,527.7970850974384,700.2525481084199,14567.934224869894,871.9206620330187,641.2668884976215,0.28546366671731066,8.89457727752618,6.6632715541800795,0,yes
238.35655383077977,349.63987796155766,374.1496594666847,205.67261086042146,0,88.02955995932112,781.7323841250343,18492.56910703831,937.6658453040926,341.50457833640985,580.8401173013864,802.5814261119625,14879.288319819629,843.0555071191901,792.9246579339909,0.2968942255597276,9.534744665987489,6.830987394353298,0,yes
239.47891186500692,391.1354074495561,386.79729376837116,211.25171589136997,4,57.25308029223174,608.4918769156384,19946.957252759978,988.152097055757,910.1602550601444,56.57202331678957,903.4389988399828,12322.544768847627,707.1283124147452,670.5923279915243,0.32941009090918877,10.230820117465337,5.784144649762767,0,yes
262.81111057021184,330.5966189021945,102.91316313666464,203.61964671766265,4,32.46932894101278,863.0123099456854,18783.500338229678,970.0829981822275,520.4606877325493,406.37454222096983,749.5641412402479,11228.059586251133,316.620278690865,754.0504247263937,0.24672663524260804,9.702886110519938,5.134144256985894,0,yes
217.6387020372106,353.47366366467554,345.7837777115068,255.4714208746675,0,46.4871187352213,711.1529584016222,17768.677865467478,907.5292551069525,814.3507780132311,95.11766935373907,828.0350165164282,10828.162324662677,270.161113911101,795.4025675366106,0.2948746482741869,9.153048565394574,4.9901324696252995,0,yes
264.0606997165654,302.1231572819596,301.4795911760551,202.50219696155838,4,90.13778413237662,901.0083307454538,17051.513289305287,915.3758973763511,592.732490057894,346.44853732197635,979.6621295876294,12731.044946569162,827.0067360860539,604.3462427205639,0.28223487365611055,8.837979230621038,6.013525186297248,0,yes
278.633013122114,144.65298109801392,391.6957912157963,264.0979019563786,4,83.98130160234703,738.061396860289,16156.441979875117,995.2637949415622,387.1160029243547,585.4804312879442,904.6277487627536,10745.22887842684,411.85210528231215,601.782741525515,0.2506795446862945,8.364941522292414,5.0273909940285115,0,yes
266.51155906679935,117.51371697605904,176.9086409101564,200.52268994211016,4,32.408533397728135,779.8983478022537,18543.776102336877,919.6522183423849,476.5677460508093,427.02848274734515,712.3530969830408,10577.323751100852,770.9337980977168,614.4354894143073,0.17613377981909842,9.557472144303526,5.019130971851533,0,yes
215.4825610117331,194.000849754647,211.17023879447333,233.8100708496131,1,30.73996817069923,811.4665603733193,16709.738159843462,953.8163522218056,284.0591226197826,709.7740505907218,853.9769229842834,11811.911523536464,165.17279109050804,626.2788570254302,0.20157919765181334,8.652183465137144,5.341268176617231,0,yes
248.31794888087092,274.3032084956833,348.46737494028457,225.71809648093327,0,82.37817958401959,613.9923578592284,17599.010938225583,924.4779136362837,318.6332911389574,670.1887894294243,907.94898742768,12735.330267621091,703.5380385582025,616.473168380254,0.26618064632968946,9.049272593797644,5.945595235532193,0,yes
271.8223991399103,206.21773132308448,291.60634514141634,281.4633277308071,4,54.96246076769579,745.5642100308785,17238.962222162532,919.6400740944337,939.3074225450846,20.81069217138497,787.7124072247732,11084.401370600135,509.98893272825273,778.7769938496183,0.25424998485385164,8.897443313104851,5.177154917420352,0,yes
238.62617473284018,375.6587493128789,351.4366774435654,229.6880452020926,4,96.59507264252242,811.9670412490441,15531.606469301196,977.3293639903758,177.62665259100496,798.9195950622736,900.8414813941193,10693.727680948032,473.2939521294894,797.0417350869965,0.32467361754593493,8.066473793746106,5.056168794349661,0,yes
283.5198485863278,201.21160630986964,362.7376693619006,204.1769067588856,1,30.091859562542016,656.1330455608959,17778.76843047782,908.9735176297429,520.5582689485572,417.53750457245064,977.2551340675752,12930.642279679516,332.09149813942105,761.9801773893764,0.23737179895686683,9.146218944473226,5.915041196035681,0,yes
288.0879190011923,222.01556007950234,114.92034832573637,287.3339769748604,0,95.14422988960396,980.9253483851679,19430.42695720647,996.2114318443034,942.6425016336111,38.78562257432543,972.4006611335508,14453.152993398251,291.28514716919096,728.9470159059956,0.2175181951601919,10.056860126748338,6.50736587103236,0,yes
208.2816086626942,335.3089372621404,317.2173647014656,205.40436193698983,1,69.54776478074649,681.1028730872486,15849.428271758827,943.4553699449743,453.5352595802108,534.1939468905973,863.1848528682697,13558.08428509898,457.8726017719504,608.8043983497892,0.27759979838465637,8.191738073593866,6.1573732562057,0,yes
286.63762508556215,290.26966698400645,110.98973662358115,294.7687890770487,1,67.04267136341824,704.7514774849136,15135.624335239989,970.8410530056867,556.1931841603401,413.004839264922,841.1541535047352,11905.812370483554,590.4908477847433,646.2289188988104,0.24580327327507426,7.843803765487164,5.543026704417055,0,yes
201.6294104023569,238.255757539737,184.75636580744145,274.81890498317193,1,75.96326647499808,906.6102417570488,19179.142191976876,989.7513714371306,580.8384468068905,354.13961238135073,752.382670812135,11014.724233000532,192.04073440981597,757.7202346739123,0.2261364371278043,9.913303392503575,5.001709907258753,0,yes
282.1958139709127,380.1362552598239,381.43816050805725,289.86922335609177,4,38.67082394863913,773.7422799811555,16120.800642083197,992.7843605875736,716.320051362012,216.58147707913213,833.7090681398856,13546.052253985263,749.4637136874044,654.4812613115058,0.3427307070859266,8.35468768228195,6.255821400428352,0,yes
228.5601010508791,231.64836278537774,299.882328851653,238.07689836745365,1,37.65044057321209,959.777607783443,18609.338331481587,980.2768391496268,796.7358115108887,139.89954087789954,701.2864377187983,12985.675188941186,600.5474825670117,788.7264624306393,0.23775387814971005,9.639239570421259,5.937417516409989,0,yes
281.32484357716766,181.2360223977122,195.59406924563842,214.5536766216186,4,59.816802179769596,658.3387155520552,17556.266145096648,926.0369216815495,5.797291300342734,993.4599870393771,870.2853654540498,13652.94566592231,237.27399544484777,673.9441642699929,0.21348630275174182,9.037782787801158,6.1200456369870855,0,yes
209.32260213346873,288.82585043256097,265.9936105892392,273.19991875819994,4,53.33919967619251,939.7808473405037,19103.78238225305,999.4178805968157,192.59278497425274,771.748453261494,841.82183102321,13237.198002482452,773.8104364641091,788.9792478920707,0.27241471191135624,9.88453109334928,6.167391304973083,0,yes
270.5281804410254,270.4016606116503,393.91296179735673,212.802237079342,0,61.853458185769554,745.3244133974777,18430.873772089035,961.6054775015981,394.6082737352675,600.423790126299,774.9276151463054,11469.14549989311,819.8450911467556,646.9367118392482,0.2713550795905784,9.499108342189487,5.43727995766845,0,yes
237.06570529789383,302.95242716383086,259.6040808983368,223.42470378839403,4,58.562978550378624,927.4180111717804,18559.67640447712,965.8032984293263,817.1352147176199,121.29433922911642,766.9593185243888,11477.855469243692,453.92240072069114,706.5098488682665,0.27099255687291907,9.604998921546924,5.291231032341964,0,yes
258.82493356651173,300.3355370565489,387.7671988162657,257.54276559489097,1,41.46983501863758,986.468637013143,15010.537736832273,980.8013327795588,402.44002666334615,508.33460399646543,937.6358172964369,12716.1917137958,707.9131969765024,773.1048938416411,0.29100452763725404,7.84605889167154,5.961484462018316,0,yes
237.2088690744195,331.34538486973383,142.46261945282384,272.55436369077194,4,57.378691305625004,902.1210513260248,19296.09279704599,951.2324844452679,515.2570714857496,390.7180016804101,824.7523795620237,14169.027581455846,772.4709161097547,677.9597848118896,0.26861659905856194,9.965438415477037,6.510032767052989,0,yes
228.71730205657525,117.4892624618578,303.4279913193076,245.4857520172926,0,46.985687373324545,635.61269575818,19660.627139051045,944.1718415099532,878.3948706265243,25.217221822712986,826.0166722967372,12770.004539013793,749.8897826022704,664.7591758769798,0.19147430789594444,10.087488833874943,5.939839648654946,0,yes
299.9500654512846,238.58158370728347,393.4568506925027,217.03657155710712,0,63.932356898792776,712.6651601262814,18490.365209078565,959.4966456668337,677.255340411528,307.93026086204543,742.3464667799567,12095.456580253714,277.3908586884048,617.4442628182352,0.2633711767834839,9.521351473010567,5.45256872530439,0,yes
200.5217013610421,139.14682758170812,327.0771317030872,244.4112099390974,0,81.57425765880451,685.2035944103771,19819.550498711276,907.8091483100842,934.284014905927,3.724311424383245,744.9594537985312,14700.875729589061,687.1777274276317,635.0730907405839,0.20544125362900803,10.172818130388189,6.655495283121203,0,yes
237.05646566463474,301.28114352941,239.71482346652712,298.06607255373615,1,22.610427159753428,738.4432449577222,15655.528244900232,955.9256865404473,841.6779614213851,66.0299309119165,759.5257479906264,10898.334481109057,880.9305428832351,761.4983067430071,0.2647545846148547,8.109130551210624,5.230339189634383,0,yes
253.28269335975364,301.79184481571383,130.9966895809595,281.00042141674726,4,36.90649973430209,840.0598580115901,19592.062000719656,981.1951604005889,904.7469078290795,26.037623912150025,708.6060034161127,12020.039890358974,661.5873358761155,728.7386591756931,0.25564996258473793,10.103534890413716,5.569721220059439,0,yes
229.88301988583945,363.9797507129043,252.70163299828582,234.53526405321907,4,47.05245486401768,651.1276668143935,18815.980414744994,975.0935409587155,720.5464020499269,240.68705306211086,994.747154039215,13025.95980248721,753.5505283004231,682.4765771904858,0.2938907772544938,9.672812881297036,6.121407315572848,0,yes
290.66712554050906,333.82294203255424,334.67524744004515,208.2687243302959,4,94.00127774564514,738.4708650205309,19558.06425819378,931.2025284052305,568.5884932011495,336.56072826345417,845.1894434242192,10894.938858483383,818.9130353426242,646.5139365274097,0.30656212897852725,10.057008017260966,5.222908557167351,0,yes
211.32486498776112,126.02342850440178,250.73208256942604,286.57605170603654,0,27.770247710546336,609.4715280732864,16695.98210376508,900.4471076008035,705.3290298357629,291.15009740341793,719.1220710197366,11411.021160478158,635.3116155943052,600.3709120657683,0.1879557494562714,8.593493264878356,5.312013224956426,0,yes
278.2034560263453,394.0649679827122,250.920630736914,250.66527515314988,4,79.77737930398254,892.1034617768626,19435.78037595075,962.3343090378115,896.5004406067861,19.079573802709547,928.9255825370751,13286.44082605144,582.7198162274365,615.5239356307835,0.31901975691396783,10.034537375457022,6.115899132000383,0,yes
227.9136711427482,377.0334228596989,116.97739052001,203.8058472967221,1,83.3668915917769,680.5222599974115,19716.999666127467,910.4050914371935,147.47761519543025,797.6166404951232,888.3107169165547,12268.464369823847,351.6932248059468,630.6858097156518,0.25813812646003387,10.120870055488576,5.606076874777925,0,yes
215.42016804801105,149.2875262452305,249.6583463437329,242.9488765584664,0,92.32317304268575,986.7551592646577,16379.005983192823,945.1812031111024,837.1685539745629,63.40967244540218,927.7584147805558,14927.970344607133,663.6700817107031,729.0458260418346,0.19695328237440168,8.525446911827087,6.817299986622168,0,yes
228.2222663241816,350.0394462323172,192.01047648956512,214.28038958554131,1,75.99677545758524,872.7532582010779,19041.250153061435,947.424570047142,302.07008749427825,622.1966742826487,899.7638800050347,10997.598500402126,110.83043791115755,681.5977540455339,0.26355430330588153,9.830838526269753,5.009787781284626,0,yes
210.6748236487079,244.91617270844318,374.24925603831724,204.64411680891448,1,50.980861526602716,660.2780211962487,17929.289383254018,990.8121937772819,335.7292842649525,653.3599410850643,939.8493863874196,13792.471126041159,179.48737861064492,620.4986422616978,0.25066503931445266,9.233643778574125,6.172153951073668,0,yes
242.27821647460715,107.91046531794626,101.27117432762873,261.3015922893472,1,74.08027225729663,689.0458824058101,18561.9882562889,947.0558488514239,147.07067864168388,764.9810563954685,867.7241458569691,12881.898264298994,447.42166903189496,645.9249982847447,0.15949413105678323,9.550255966420947,5.878974604184307,0,yes
213.80729316280193,192.06701526442416,338.04134270120625,289.2959847465774,0,95.88754510508595,714.5318643196981,18321.149162158265,957.0740926300977,799.2626277463496,177.57052068238238,821.623000957223,10990.121875043602,552.6717886073016,721.7738215961783,0.24125579886958826,9.43682096250587,5.164811429030893,0,yes
222.10491836702326,313.13372322367235,391.156290718418,262.34804033812384,1,30.695086156341425,970.8362386767046,17838.870998846745,930.5037096862683,550.1926761630423,383.91650653159195,874.6639649087119,12438.333719114951,276.6089934687693,747.102097423177,0.29176764525374876,9.24969482880894,5.652362619334984,0,yes
284.2651177342572,169.8851624684583,192.84150453856432,291.8944083820402,4,26.562950411578868,845.7244797411711,15308.776672585203,962.0755176011842,316.65764477057127,640.9371310045403,756.618579930827,12271.261866493322,451.706009565073,663.1714607806734,0.22005640001751742,7.960524658612123,5.600499799896753,0,yes
256.381846136548,394.7038397970177,210.67913543749484,241.91249140433067,1,27.13741676211013,618.2576737790486,15115.329458360466,951.5743213320508,550.6386248416458,384.3053143561415,805.652480197582,11769.808818235579,280.59740528154373,672.2609964724915,0.2880978772190614,7.812078268428786,5.349169145423003,0,yes
295.60309401075807,220.13178970020334,132.0890307130418,260.19880783360105,1,80.63069566829037,698.5315788664526,17931.417820485025,998.819121192053,135.96828755622536,828.5024924648956,749.3138482619889,13514.476330080714,134.4326149153254,711.6639632853305,0.21789853959064315,9.24420752547132,5.975289374070968,0,yes
229.50783108122926,384.1021395829643,110.99985633977074,291.3373815377557,4,59.40263466136326,891.0103434808884,17718.200232770276,979.8606821972454,357.93547350107036,627.4916284419255,891.953461822489,11112.691093909509,147.85615168930607,709.3824414272851,0.2864648123509568,9.177920266697567,5.079595890951878,0,yes
236.38241741751983,365.73878583224064,217.40484315300768,225.3306195896151,4,96.67794572059228,666.8670512192963,19241.559910657223,919.5997556105567,860.3933173915597,88.70322110015559,741.5042273801604,13992.98521082644,592.7162973117469,680.382474152571,0.292754669456675,9.881414625692534,6.3406398339208225,0,yes
280.10843998317785,121.12715836789636,346.770649089735,227.24359269843373,0,82.22759909357059,900.4031782887723,16306.539427574826,960.8169620831948,622.4882359102114,292.76267756191714,738.5143289926533,10173.505810289844,115.47379067361928,760.0749328224985,0.20887964144915297,8.471591434933554,4.626661028831152,0,yes
292.0888001524297,258.75786389326754,100.82887564670197,236.82689432547082,1,35.81589002324317,606.3311013564007,17726.421853732358,911.8666653676586,562.6583881966251,378.6280379926435,980.159688789346,13195.191958943069,116.02556401683337,642.0518003680592,0.21634357904504456,9.109588732460432,5.920204265450926,0,yes
259.5769468297685,291.68525944732374,264.3134073412782,244.98368446700727,0,31.813139706714413,907.6749901495629,18968.20391639714,953.1333809843131,344.0745927208972,579.49864010787,870.9312635370834,12107.438762382235,643.4731749284387,756.7367035568152,0.25522331438668605,9.803018095239059,5.665094656810455,0,yes
253.900635093927,383.0269304896833,195.62177825685694,295.4883322925526,1,92.06297659648847,688.8027354748546,19723.7539797059,967.1995706778031,519.7727748255613,436.255560653845,992.1340783425892,10045.269675878595,207.0734553177153,617.885393135401,0.29897893095893435,10.133860195545669,4.700312611366043,0,yes
260.6286615001703,233.7919048034704,336.9141662532204,224.0029170050776,1,46.058255543750974,901.0638350029182,19839.66083622286,926.2642832688562,66.0414968195884,887.9027331383668,848.3998845611702,14255.202435375737,355.1706071106107,695.87695242572,0.24831338449630178,10.233555098700684,6.395974747245414,0,yes
248.56582056357016,123.3464597004315,258.34719002332025,206.1157799072401,1,80.26147341438492,903.9408983488029,16123.912913788348,947.4648706450823,894.1888825196675,31.516112992355602,827.7435910924285,10472.564315371212,572.7374522246273,792.5417776107619,0.18761861868015128,8.379243826126864,4.970644161103201,0,yes
226.26073722257723,249.06719986894765,199.4829065742013,246.61768468257978,0,23.463181525304016,828.9628859407674,18351.155223050904,977.0767261758316,240.01463338186505,757.7826142725096,851.4515254572405,13582.256886429375,557.327425003526,693.2589150941576,0.22027626853835092,9.480020222824942,6.2145978306756975,0,yes
241.89595236599465,320.6580246397681,389.7113710825324,281.9333050007677,0,63.808489719122754,876.4490896660539,17410.565305672466,983.1511880004781,800.4755544463698,132.1709566029457,844.1937281314724,13574.301247028852,194.61124147564436,605.8241551719362,0.301067823896782,9.021260841240101,6.04297830128771,0,yes
254.88786845037788,230.17159354482854,296.72025903331837,264.878363452887,4,60.48375766006582,701.645359807759,17757.12917960584,918.9110239213364,466.36776324552073,523.1451843320233,732.238848027385,11816.564625444586,152.75947605865028,751.7481378628589,0.2600886800315645,9.146736350799317,5.305401514400345,0,yes
237.64341740181104,208.21870406882545,292.06331801350063,260.9808300829103,0,38.93635462279711,791.8016784194535,17017.0545088004,943.3828640457297,22.0208367110209,937.153840968358,985.5195673068952,12666.064310881513,343.4508121330937,701.7076825664279,0.2287082022155918,8.800015535736684,5.811969043038045,0,yes
226.51393582787364,380.964761385946,285.2781759149858,266.5232134969643,0,97.76699243269812,841.8740162762153,19470.073642317322,914.5073538133879,593.3392453888036,370.29067208486003,791.1654683856146,13714.518773112906,847.3341376667213,640.4608089207904,0.3035485358147455,10.033778484758733,6.3477274425358665,0,yes
222.95936322406516,351.7556151797926,303.5061498264075,227.75970405211453,0,64.19940084724294,601.2269260475429,19022.44904501316,992.3552935294183,381.519274772667,536.6932982246884,831.4586510946604,10770.425227146336,638.449868642025,669.552604009081,0.2830878566817577,9.767570950570457,5.100231977091062,0,yes
239.08940975586387,359.3938349429136,352.3776597470553,264.2907260818465,1,72.35669947735256,915.1991953772348,15840.256186823222,989.3584011455116,746.1813889126247,222.79585495213007,807.6441752263183,13193.452245614933,736.8628494136932,714.12489814389,0.31028688046138886,8.24576052443429,6.112131181649167,0,yes
283.1619754402718,345.34918603626625,336.93068356937044,296.6986747680244,0,67.89417212031148,648.2818845013416,17551.46495549623,987.9336231797438,51.04900267294463,872.1651935519553,896.9660837083393,10146.081591665576,299.1082515125443,713.2075797666151,0.3090760175329302,9.041710822211135,4.747398156222276,0,yes
200.2086389902534,290.18909428615154,279.858412487734,235.909457353493,0,33.18619175516669,732.6146652756524,17798.166311667577,958.4339531860018,589.1592168762996,399.9936280710158,803.8695190168391,14288.559818757309,448.14823844508743,758.8679335863735,0.2485918517744067,9.179506786261994,6.441904473781958,0,yes
203.38875998274696,360.1429495694526,368.68078392651887,206.54739820720496,0,36.357088950466114,868.4972033972028,17654.452050801992,921.401548988147,356.2133348237256,581.9945588353457,791.3627116610421,13472.949257033297,792.7190303154982,708.3921355518742,0.28926520692689234,9.132908937080499,6.234766748834402,0,yes
241.55235917494167,130.52255747155013,373.14516413965674,208.0547842859266,4,87.3838254043112,934.6418032771556,17063.28074571229,923.5216532159836,69.27099518845473,851.6920812792541,981.3782812136707,14230.500334095901,555.9215525209279,652.5816583046022,0.22584551356754926,8.852640973209192,6.509367384166545,0,yes
245.7580813420368,244.32884517342248,125.36276574663319,253.63094580914938,4,35.020572554224074,603.3223293583936,18090.013792243022,967.309736657543,530.7241607985853,378.15328025425697,836.8479692151916,13660.600964787804,656.3268655987714,726.4663487298039,0.22487565461123551,9.29834280995555,6.271840988752751,0,yes
291.7674224270812,171.61794535434228,121.342857331092,227.75127856211537,4,22.10550138677349,727.6316909113452,15097.408163835362,989.3333453081887,552.3561521318927,406.44905007710497,982.3818973961518,14559.200810038168,119.69866857821492,651.0670131732992,0.1940115141579487,7.8322975844511316,6.471756731412154,0,yes
266.15687425183836,149.46454871362,231.7841468111006,264.6536928673692,0,56.71317928212977,910.9047124544747,17634.10506936999,914.9119136747923,489.74722914919806,446.10116523656126,990.088453630138,13923.477825284852,167.2739816616435,747.6900838946078,0.19972535513637582,9.131461813653408,6.2491727218963,0,yes
247.45231379455325,357.59389603857323,108.28842048321975,279.3733674459463,0,58.11091267335062,699.15524606979,16735.631656333222,972.8336242552969,124.79668248282894,796.9072004245146,771.6029757896977,13815.57083729862,674.5157731579134,645.4887480497387,0.2590317282803707,8.642851719451619,6.306095069713134,0,yes
242.2597477740414,158.67150125673862,385.48554353296123,208.16503633848794,1,67.8804557093865,710.8880228494851,17937.17875542555,933.0047121777992,13.462396841308223,918.6781758430541,832.0311808949907,11041.838981162675,852.7976910489406,743.1795608773243,0.225232294036558,9.240725255301713,5.306396216680302,0,yes
257.93368731761893,234.57223626940066,349.4390540892441,231.77591273248237,0,97.5939512382119,668.8563683170834,17985.460877604084,981.4561821223704,475.2707873586122,476.64056033015675,896.0771162285774,12723.79144544847,640.7236819514969,620.4177570009964,0.25482378321697424,9.262310630890198,5.906522446079517,0,yes
249.29002806164038,315.72808178402767,353.4009481688254,244.4582573036779,4,49.75219762566704,613.4657729761,19481.854562292585,970.4573156313708,728.816942697116,246.8812962157158,847.8762583193139,12662.46706492333,547.2457452193984,712.3260200037266,0.29950654251451114,9.99690174529816,5.840673876941375,0,yes
230.6373905673813,151.61295080149728,333.9916970629488,263.3317969540548,4,57.56304369738915,823.390512232752,18850.950242570405,952.6346231056813,856.3832559026464,59.319092805548735,766.696688643066,13517.460112433433,175.94852007791707,786.7338459418067,0.23237782897640272,9.725296415571425,6.00332318525385,0,yes
276.9521552430985,270.97445635751023,397.95758427982645,267.2043555989915,1,33.30227015974632,953.2066689222034,15483.235168796054,969.7032801612936,159.15452050248595,768.2833647813463,827.0393431722864,11955.518951263348,664.4426805422161,710.234068346482,0.2844981327630954,8.0732180187928,5.58952146225411,0,yes
245.84306885918437,109.33776005108099,186.48131255802144,268.2475935098262,4,65.00778386482222,833.2212581491697,15189.892998480655,907.2495127408864,792.2918126515083,162.7657940104085,766.893279802425,11579.11445020681,356.952878976855,760.8067227432755,0.18980626572940082,7.890753429103954,5.3024053271315745,0,yes
299.34047808121863,102.49332991545214,137.14261419154985,276.53272302571844,1,31.467270601086106,876.5333700231029,17246.23583866385,913.1223301326371,249.0441068923321,736.3915301009564,971.1171038770008,10335.435247683701,593.9911596597399,712.1942716200781,0.16941433765799568,8.929485187613066,4.979185761387912,0,yes
250.37359532949478,323.2706305525983,302.327205795276,256.6686786586513,1,82.18444719404363,856.0455281600591,15988.88768260505,985.7985805276411,201.51811096039424,750.4602715637818,879.7479411410445,10112.030340483794,721.5029940395851,764.1671724931326,0.2869652481415554,8.306182558185078,4.906557212391447,0,yes
215.5301339012043,128.73154221757292,258.1155380787578,234.79434913992043,1,67.04696635534309,659.5208117429855,15934.545978082218,933.6607757260062,931.0585309147051,30.89916383628895,959.8852913489923,11402.304009451955,750.3262230291797,638.3492712694261,0.18962699392582066,8.228225884596503,5.451019355875702,0,yes
219.4240466851779,271.3111351593949,220.77399538587883,284.7180532013701,1,84.63703833231725,745.8800147481703,18190.992462368842,935.2353720748395,233.78366111178372,719.4502038688811,711.1645275522545,10067.008308478602,331.56073207158045,719.1934301198146,0.25187857283139237,9.37566436951809,4.659340943168554,0,yes
239.05122599531154,377.08820781080266,340.50117140863415,283.12605545411833,4,46.74565937912378,740.4854174654305,15144.518401145968,968.8274896719433,706.9725536214544,221.90479777135704,958.2030408932674,12652.061127116043,793.294370765025,752.4333903553014,0.3275320500020546,7.855856294803697,5.977934772739071,0,yes
228.46601232570399,375.7784029076964,288.0135321653398,261.42870943314836,1,48.38086545858822,762.5258032668506,19786.697805147087,944.0145264800307,790.3537659368136,191.99421878754686,704.5021229667014,11335.970386069122,698.4776428135312,682.4844130882899,0.29903928491064924,10.178411851885867,5.310202284756462,0,yes
254.2773685297804,116.42729048456171,209.25559305768303,275.11740581156647,0,22.28268308130137,825.2347025777367,16305.5904560062,961.1959130652306,870.6834698239945,104.93346445841189,877.260273975035,13965.41625140677,189.2977110743078,646.7472014319425,0.17826726580267843,8.45420912133611,6.221788188059422,0,yes
277.5586376118789,234.30990377864495,188.99571631756183,237.76586160660923,1,77.73730630967799,781.1243772963486,18098.389495730135,943.8109143289169,607.0573770705357,314.3512932362529,758.9431284753655,14994.819497959823,559.3783114616805,783.8328073965874,0.22781469452874836,9.338363318496326,6.744930026899703,0,yes
240.00966533186707,212.1428890422502,315.05885166742814,218.38730790077642,4,78.04785280161622,731.0627272076647,17812.94170674975,923.6231405531181,931.211582547228,68.75559129102874,879.9260838661107,13964.82735341483,112.76927076835443,795.7504389118243,0.24757392794917976,9.181771370134651,6.215105920088078,0,yes
229.4480830049391,353.9039414322607,207.03444203532445,281.80118058643296,0,44.13003152459633,971.3276490971019,16943.881830082493,913.0027572453697,78.48023275920131,879.4902412284561,733.2555200099359,11531.101395090765,101.81673230174005,730.72925924782,0.2737579394335987,8.799918890554707,5.164096746818917,0,yes
224.0004548761296,339.3908473722478,161.8019162185857,234.6890396004087,0,43.000883039030896,888.127091525396,16651.071586710845,931.9674986635011,642.1160559559274,258.6581923377221,849.5966696610976,14719.468055234927,139.66919899936147,663.2618585019369,0.24865379472350005,8.637106589728187,6.484385361338997,0,yes
203.05445891345957,217.56424075899744,334.0105978542423,224.1632800044705,1,33.19196926108218,861.7151378918049,19057.154540499043,972.8640938097699,275.53375486675486,625.8055893647162,843.2418927346146,11653.817241467383,186.5235656336557,741.2739731444943,0.23238289315962807,9.839804743216623,5.284698874192106,0,yes
226.5541265907194,139.46930335932834,172.09273911617908,293.6423400858382,0,38.34614497550633,930.2984001327557,19014.556311912937,980.9088333951038,834.6596508633719,118.27869949325725,948.5447165685182,10067.748954567023,879.3721878509476,612.9777232470872,0.18227149113708507,9.835183975680831,4.959722296133832,0,yes
221.11648752496333,251.87630028450693,153.94869346959493,214.44973198416116,4,31.081793802584805,776.1368128593947,15003.813297041292,922.3436157523606,123.70371716485806,799.9501144563659,702.4620698099519,10485.20294061895,308.8953411126672,602.1069178798415,0.22216728075848508,7.787022105910179,4.794643748616895,0,yes
237.87171669223721,387.7636327177846,153.68395513457378,226.6600044846712,4,56.31563890800862,748.9686756765025,16848.870821358687,979.2828888227227,663.6641290462742,292.2025959067098,854.9291396904943,14362.017907320569,677.6732406709111,690.237179009305,0.2841994252593238,8.711355160476975,6.569834991582761,0,yes
260.32361597665005,376.2370697308596,259.2468246100656,240.25741855124846,4,50.154563092815835,830.168805490173,18343.87996268814,969.889699037632,120.98628608225872,856.7452368001556,715.9775474079,12448.234156584733,720.0063505629647,707.4505986123012,0.30548516630605727,9.475659939858609,5.770962457883153,0,yes
267.36244581778817,104.8207282818322,228.38981282617513,211.32920178738067,0,77.4737741373733,861.0916411818413,15469.142503808282,928.7617930548719,729.1921041068974,209.40780510452112,714.1472119410788,11871.237378848346,896.4903436262093,686.6372106173908,0.17328664951847175,8.03959043855214,5.601888717995805,0,yes
277.9993493530576,206.17595451998227,187.3328001408543,281.3449172988405,4,34.24939828458122,745.2962580809781,18645.497108582153,988.6459944433452,349.95300114978903,563.7497946191427,873.4454707034569,11161.577533509455,822.067688927995,665.939580723221,0.231533519924879,9.610151779467607,5.345843789015566,0,yes
265.9636212998353,159.53570650185046,235.42458633549782,246.30183832067524,4,46.55849619830525,725.2729729449993,18149.360909754414,997.2968682427207,913.4804283232052,72.3827342340578,856.8274712367381,12587.967005547012,397.2512699232152,685.6905066897041,0.2155106678536913,9.35885817006232,5.752349405417547,0,yes
243.64193626278944,269.81313360487763,374.11802444046464,291.3296172005057,0,31.702313913232246,854.5281935317741,19603.285845253275,956.938515620838,249.1299550872626,690.8351824932236,872.4422825928774,13143.502197088306,771.7381520922759,601.6512531271112,0.2756756250892968,10.109053191906506,6.1132692452754185,0,yes
247.31233897444864,325.99398492957414,223.982683937584,216.77553625357464,4,98.13532128566027,826.6127443449002,15917.604234623994,917.4646572447074,702.0887639842616,227.0550088905461,931.7378630167483,12556.901814224057,620.2301390982966,773.8943027172135,0.27802606668967184,8.25452163132841,5.862953817942246,0,yes
205.82343990722057,357.71679515302884,291.6522399743144,261.4434573854083,0,86.62265671753096,798.3674178513684,18683.11360369032,901.5839438204019,474.24190672942154,475.81825221443455,975.6170708293586,10837.386942821997,892.7723038847649,661.6895949787231,0.29049451347060967,9.628789907029155,5.289744016807684,0,yes
268.6412415894006,192.27242251658186,261.49807561823275,269.8610929432223,0,44.26810055301709,849.3366855221767,18912.18848419588,994.8355666648099,508.1547068434585,421.12800910601356,940.3390913798778,10520.610440357761,295.0042271788376,600.6485508484024,0.222582888557529,9.767575050546455,4.898981971331626,0,yes
293.5971422809175,204.9188053825418,149.26909444140148,285.00352056167605,0,73.66406372082356,966.1635959098272,19932.355383611735,913.8630378087851,82.19060101833988,855.5261508013915,897.4495141095572,10541.914518013371,312.88196483794206,651.1437625546123,0.21508008661981004,10.293084927095691,4.905252739478934,0,yes
296.34890990610427,195.37774548062902,121.86341914641682,280.5974577717027,0,32.46024457826738,922.1447071910072,15079.500916086345,903.7799828285199,692.125893526705,256.65228128634544,898.8217424737304,11988.977647108644,757.7190746347592,618.1209437379991,0.2000707628604332,7.8552007664158925,5.659762084126528,0,yes
231.5194873461208,278.82963897168946,301.79968473642657,254.24078247463615,0,82.55796984459981,880.0592583365838,16383.362740755209,936.2774543126332,51.06131389446454,926.3106872661198,701.8080816040322,14302.223626879886,809.5398887508129,743.832672068436,0.2622618260133412,8.50201614668158,6.547472197444834,0,yes
223.1046033490565,131.15998562076487,305.3758197499343,220.1236426546432,0,97.8186284652246,992.9737284669056,16989.324779596853,959.7807378694653,772.5784681186277,175.5128771676417,962.3911665544291,10425.69846988678,892.6087378460263,620.7538143101806,0.19794216147372373,8.834052498836199,5.114083307670916,0,yes
213.5330344033946,207.48189496396225,327.96318350420756,260.35865792997686,4,24.78587646440478,835.0862391802773,15874.557453220646,982.9912649123448,348.31526776398033,582.2487192840845,815.3473747788413,11798.57403733207,104.04768209092711,693.1313797137683,0.2466455510356117,8.24391398767695,5.296079895405805,0,yes
218.70538094818252,178.31743156179493,185.02105604928323,224.77839285737008,4,55.9184283082644,991.8438338861088,16821.998556150178,919.7481893226845,906.6704111905455,89.86581100948104,801.274935485453,10081.92294268418,335.5280608309883,688.8031552003511,0.20384116091608917,8.744632141897515,4.704911609456062,0,yes
211.38161579679024,117.63461801278946,302.48394140369567,210.71033207946311,1,58.71405518303568,775.775407472519,18783.106040642186,985.1404233687684,452.9910043455446,546.1229248298146,835.5312223988119,12456.571446454207,267.68633506622956,677.2011359249756,0.18767387804118654,9.685232856580178,5.64016760289841,0,yes
265.3574323926423,219.90448668569286,333.88221016702687,255.4090745663952,4,63.032117588165086,943.2049745706427,19870.933123258015,923.0641629916582,45.240153818468386,925.5590608805123,829.5578748378931,14789.13349568419,734.8133102588854,748.5552802018941,0.2631651974421867,10.258363583401188,6.763164329645609,0,yes
224.75007062980535,273.94666939022676,233.4514286284314,289.8826716114318,1,30.262505032598064,607.3546698240266,19307.46277581704,900.9949600896949,949.241014938047,35.862920040328845,849.9127674883588,11985.589619998887,263.2898666550583,708.4244867589302,0.25033845557274004,9.898848312768427,5.457941191717596,0,yes
218.8903338783881,328.575910300769,154.21155911345176,276.2328426168123,0,59.76155644735158,754.3198770286609,17335.17795874396,969.1195323968038,291.57542403949964,692.661879819881,886.6886333494061,10301.727018493571,817.2624906180787,667.934586812982,0.25257999628640504,8.954289689602264,5.015241887211089,0,yes
263.15499363313484,266.3695450788766,219.4508441773038,227.83824080947946,0,80.45623865705875,609.8274132049406,15615.786432877434,944.4788372268191,974.8359895830686,18.657987841673048,888.0310635162086,11601.245948200536,661.6047073008241,755.6728757390979,0.23926279574154619,8.059498094075334,5.486203070842822,0,yes
210.10999648927046,121.99700178760543,222.6857294624836,214.84265238445624,4,20.988820913094166,950.1969752704636,17776.623494427095,921.6814646702738,639.4217013133135,336.95103204076474,943.5807823294988,13907.472937997347,834.6763966052412,666.8030979633324,0.18138366288497978,9.212621543389488,6.486025761860846,0,yes
290.54799702579805,208.31601120507673,272.70105143117416,213.11858137146282,4,96.26907005314587,842.6990488930616,17057.420990221388,958.4713005559745,541.4126761424127,441.8953004888141,918.8490092998132,10099.119889135107,722.538936736738,771.8728028232915,0.24520462716114755,8.833669649565046,4.922799301877077,0,yes
223.4626253920515,341.3220402390692,199.59955464390544,294.6942740317945,0,77.04870077930438,788.383803947118,15648.607223134011,984.4700301955172,887.4799325586328,28.38464445931527,830.916122988702,14996.448033840283,107.21859622214511,744.6537536751058,0.2731990634338546,8.120697350486907,6.5875301074332375,0,yes
269.10352301657997,202.1135682516736,343.41328128943155,291.94320062357025,1,94.63025140635095,710.7037610398357,18903.81930099926,973.3160696468085,798.3218750192588,198.86260072406822,944.006208842709,11465.879879639871,647.456410538014,778.409670698396,0.2577091583866286,9.729553538604318,5.452329376091745,0,yes
216.84563386205429,368.64498889230754,341.5822036755872,230.50877711625702,4,98.21524933649519,612.9922349428745,16867.687419118778,985.8938231366146,145.75847926927784,838.6023025832351,874.3201719105901,10696.663922487936,292.27459297678695,688.0161486560704,0.31751406075111194,8.691850404159643,4.960932773968052,0,yes
265.1792039018072,282.3828806980781,262.16643786359026,211.00184213406794,1,61.05349669593888,881.518397882166,15393.435259904412,941.1402277576299,461.1743737136271,514.5667985508223,977.096556457537,10811.837275827129,547.8300586914763,754.6693038532305,0.2526606656508753,8.008050113919872,5.15796371137725,0,yes
222.24385994299502,155.1040260113593,386.74052150991395,252.50021972373025,0,60.0829977949477,972.9498173759382,16418.115913879843,983.204161524987,273.90640529024114,633.4608757411936,733.361389781121,12995.119761531203,711.1049276973315,605.7720670509159,0.22541436480039792,8.547063096604486,5.9701058702650665,0,yes
237.76329803856459,280.4518586103162,360.1611018922364,293.6393923363563,4,44.686957077042166,841.8255423795372,17743.35043013916,989.4297009045308,714.8061508577514,220.902600222091,726.2747267485832,12616.716565707315,206.24838143477788,765.2077417514596,0.2944906491407077,9.180716600690738,5.638843827523271,0,yes
288.3796815307064,192.64826079035794,280.96614415000056,280.2776416753878,1,86.99546659887532,908.9853382901689,15171.012843062337,926.9572946591048,381.12044700070754,586.7478135599556,919.820525430833,12413.469847681268,501.2343332952914,629.806230389033,0.24058129076909637,7.901126774583244,5.739521131076777,0,yes
236.0977359698792,279.139119140045,122.3135414965417,272.37508720657496,0,22.24714416928144,646.2653962784694,15658.311694608308,958.214266896996,782.2890858234631,203.84374884679403,851.0259155000907,11934.71109679316,668.1138378884309,788.6728371031709,0.2231125221511861,8.090587253248977,5.610771031781554,0,yes
291.01437975601027,392.9856951921214,112.63364094062601,239.57904451656586,1,26.103382483985918,884.231370414798,15513.11493759474,977.8822643966482,190.65925942892122,757.8079326870594,845.955913787727,12417.916578585915,240.45662070380826,798.088192323944,0.27158931383829654,8.073567752866749,5.627023397019317,0,yes
247.32193319623482,191.232643067337,148.2823854377642,215.62069652982547,0,75.16163227494391,933.5390377967827,16701.890682623234,942.4728281314564,653.7203573103253,248.27956758451398,859.3603213434651,11747.251680848307,333.6593409155067,630.0453121076779,0.18986260346850234,8.674292290356385,5.372816113825516,0,yes
235.76637471074739,212.21841882036063,258.98957763716163,274.2328657289994,0,31.010749377207993,975.5830611361569,17740.74955331606,926.2087655915791,359.64901550422337,576.5993904027576,806.1778743097344,11151.831438940519,470.7586410102066,638.4978184976823,0.22511048015049806,9.201138964178343,5.174003866403203,0,yes
208.59650593344452,361.8774175148994,357.0392362711591,282.16326337393247,0,31.489549115233846,809.7619429480721,18187.421315260144,946.3522693043967,158.99268161831293,795.3951721857932,962.6954949898109,12722.560695124077,863.6183096469617,750.2608561843558,0.30279928809788464,9.38961708321573,6.039275877329917,0,yes
288.2637398391469,336.4510006704221,121.8624826686356,242.76419462846005,1,98.1162004858338,738.9756146157272,18101.734820197387,976.997070236665,712.6839263419791,190.6831892360848,801.6620129754161,14179.172511348661,524.2523208375922,658.7588070595156,0.26016293143236147,9.335259414798855,6.402689003069348,0,yes
210.56488241813045,381.5041583051985,231.14756257015924,229.97159152434682,1,28.339196159104798,609.7327534061516,15833.956960086973,991.9897298303817,887.1510667042495,60.569912062058165,716.0397762051998,14400.711578779283,271.18766926298713,678.2322355263997,0.278885824185568,8.17512170344165,6.3644610930733805,0,yes
296.2666034818336,290.2635925201065,211.07962161997244,217.29074086624544,1,70.46049801618038,709.6216082671251,17716.92055701191,995.1701335056863,518.0867739030107,462.5080938174016,802.1863584235384,13940.459109882642,888.1889562881199,670.7980914098134,0.2519731234654774,9.13889239403459,6.465176383475929,0,yes
224.8106639583582,139.50374342938653,235.3657779586045,231.3407508066968,0,57.32250414138116,884.1967764471233,16742.571531844358,948.4326791327723,756.9015900270974,205.49758826556752,778.1453853005681,14882.480110290122,517.9756871898385,727.0245089557709,0.18464454735651878,8.684226794486916,6.6891873243927975,0,yes
226.60959106759316,302.37095151299184,331.0566936669925,212.2970050281023,1,37.97483561694431,943.2232003719957,15889.242470525302,985.1025418490111,817.8552628048222,164.65174655904718,700.7343299232538,13970.078717258804,485.6672032217249,646.1059465969042,0.2669162127878284,8.276063334368333,6.272459797942579,0,yes
277.6026844921954,309.84387403573675,225.47837631911565,278.42735742878335,0,78.17489912249705,615.6483678371372,19172.216889417574,983.4664736081423,831.8461788110378,70.55091050057035,766.441956057945,10109.64306668159,869.3755421448246,749.3011937638473,0.2695177137273778,9.844356496367745,4.910660325154639,0,yes
237.09609699940603,112.17380917348473,222.96890822456533,239.90608759693524,1,54.1884959242842,606.7522357369164,18714.406644853123,978.3201734349564,78.77760714685539,842.2857689784954,977.6077088166858,13100.01286931421,487.8496783573107,666.6682381248729,0.17810430604750938,9.612805528926085,6.03029756311923,0,yes
268.53239868909105,304.03239556538085,171.6575522164852,240.69548442675654,0,28.971005291393812,680.8145703515772,19685.021348135215,904.3301834671431,419.59124187899914,501.78651943068274,934.353126839943,12072.961963544272,546.2925008879798,738.4649321682964,0.2415493281210023,10.104116055152724,5.635072417655097,0,yes
244.69531579323638,319.8648279156227,118.9322744722885,252.95348742617819,0,91.34982469538032,696.3809588899563,19176.27745719561,955.3260977587959,407.2132175429107,495.7935755187991,951.3119355453762,14370.1271951211,682.9585702468419,712.0773186850084,0.24461562842969717,9.860149831235132,6.60938513631107,0,yes
224.38943069549262,245.73811524579634,259.96254980794356,234.25625632357898,0,24.774913958208195,899.2439463024848,17753.347826902685,999.3286389141768,228.01943687751194,693.4598932322276,883.2030093537228,11004.479037510055,507.3927020404386,755.0065564294504,0.2284967866735215,9.200061395912503,5.173870594909473,0,yes
251.41367670940843,108.0555837404741,120.5319660265728,234.32254187528233,0,84.42451703634647,837.4110228074162,17415.726582832613,948.669259778912,108.6431852317079,887.7019215901145,813.5172832928143,11628.819916368706,185.8042943470022,774.8409941755551,0.15646415834225688,9.010284785993102,5.280056192010502,0,yes
273.77833528092765,395.78075734299057,379.13299698368917,202.91287041501664,0,69.09003172091154,808.054300891328,16647.387158276004,972.339638201233,551.2410064956877,358.22309929104983,943.5192051950609,10027.33711769487,229.67323948391672,668.4235081897197,0.3178940386764696,8.622799491344667,4.682966761968599,0,yes
202.56595650535394,186.50393968403165,135.81313139562502,221.90185393765887,0,92.73070001966404,883.9276997138845,18124.108472040443,906.9931373877613,884.4831636822652,49.010968537244366,773.0391132186156,14903.506520127507,185.9529228691983,784.4729332902396,0.1832903613670668,9.369258134546415,6.566413902194057,0,yes
297.2324654666763,388.46853370803916,120.88839753889775,286.2594364275178,4,85.53662714882934,991.7198638287498,17601.753140438206,929.9763944900316,680.0132610747823,220.16142803916432,980.4482907126871,13678.791162790467,456.94756872661236,781.1412274939191,0.3010286928832359,9.135881013190867,6.262889614745968,0,yes
270.770442799424,190.74407464088097,313.627561286635,294.8560573568293,1,90.95959562542417,835.4579569560045,18616.83412794103,901.1550852314957,758.7535150635924,158.66020908313988,992.6650487592522,14397.894021644559,205.09562834480715,607.019178470425,0.24753611279647875,9.60389503586565,6.434068020273096,0,yes
273.68396385065205,376.1757465876112,132.3136894631802,219.68809917862077,1,56.4061269893357,995.488743411282,19057.22994539079,924.2756260435482,931.0414352333264,16.42707784780123,778.6960402208432,14283.435799920824,381.59193874055825,652.0224688004879,0.26643674328653977,9.863710202985713,6.383298544405128,0,yes
243.5263131602492,316.9996340769683,335.2884955256921,255.2250015612169,1,67.49957853695264,656.6534704611203,18641.70104260284,980.9129123074191,433.6113567575058,525.415885637758,968.0252389396711,11544.102479802637,537.6319597421666,749.0206315068916,0.28804833819198117,9.587685671078653,5.440104134399337,0,yes
292.64806716245084,204.2593199823628,311.8610913905484,247.2851459836536,4,48.869992191474694,806.4984562142558,16275.361103749021,933.4238133326483,416.7429448221296,511.04536594208247,939.4786152168878,13896.332552044823,581.824132476369,681.238948984432,0.252553850263482,8.431082506423342,6.373999757556085,0,yes
229.65620355073187,304.7544762598619,176.59720230834435,294.09558721084977,1,38.878419719489294,949.0037259730798,16622.050101968853,907.2525852904914,370.5300287895334,569.250196850715,894.344747705898,11231.131877883203,899.2936887556288,630.1449018923053,0.25383582706774577,8.633089824427838,5.411797047904248,0,yes
235.3515576940632,141.00017020684297,261.689488829158,209.34558980738086,4,42.264108802268964,978.2916741517884,15390.228254983032,923.9271175572865,640.097115998007,330.4882306088008,836.7224163560431,10023.59641166619,541.7004278690334,761.7339270779906,0.2015476214836489,8.026190217944775,4.7842935192733105,0,yes
292.56748970979595,306.93194236655074,366.6823259131195,278.92262542318,0,85.89061043506166,675.0923232515577,18958.079860319183,940.8275571039252,551.1806427858005,445.5923426108975,743.7032937691831,11486.386724387618,305.7947992523342,732.373110064346,0.29955871613151863,9.74438519045337,5.2375654812474,0,yes
217.0204715518491,377.521798792801,171.62912237144528,291.8593701310668,0,52.93347657315596,907.352212656738,16280.047389718415,917.793385514834,665.2103877805479,313.3798494585993,931.0077166518656,13277.09074437496,273.69202454968274,639.5173056012238,0.2776727797826014,8.45401863097292,6.00117920899102,0,yes
296.8000984291291,138.812708709718,318.9599662143785,293.23537888406827,4,57.50580476907526,860.9058116809927,16631.878358571008,960.8539382712379,505.4971737501448,477.3906330411515,941.1648842537959,14874.725020611995,760.1021015535343,764.6622368469996,0.2385967976627876,8.625326579620461,6.855973784459703,0,yes
228.17610542066015,196.72297719268863,376.9561904338361,237.48047743896234,1,41.56217038942394,682.5931583008199,16601.377694965577,904.0049238223924,501.1320510653486,422.3216824461075,947.0181313732362,14285.506594385408,431.75169143692045,658.9923220216317,0.23952234713995746,8.56263999981219,6.46913945616356,0,yes
241.17105407845077,169.584869176451,310.85553623358237,265.8667146315405,0,71.76753798058722,615.3421685164227,19550.18898350126,954.5687374320653,654.0641860162561,289.7209812051249,726.5085983663108,14621.589911721629,775.2006658564947,706.7177697333808,0.2225630745118526,10.029286042326165,6.661818728967153,0,yes
241.0123882440755,394.9606546041357,183.5257553846712,260.35586848154514,1,48.55482546294021,612.0622287034319,15840.086449888464,962.4979676431625,929.323252435205,48.08946181729948,946.1748626048735,13845.297229562571,705.2347884651759,710.2946234623831,0.2872071592456859,8.174614174542622,6.41628961442678,0,yes
245.83008346342467,336.2647005700521,144.80103345340632,292.4951270232885,1,70.40341203746219,900.9904188913263,19763.41733046252,995.9048882551089,424.0465496857075,543.6255932877318,807.3283826058565,12515.904044623316,267.88152024827747,745.7631746713494,0.26576719290350614,10.205017378610018,5.657405335719838,0,yes
260.53409951100633,312.27753930248525,274.6112098264605,273.10130771642696,1,75.42169986289045,963.2416769903481,17715.57742636272,972.1934516302944,847.3594253816199,75.7712439314214,717.0831305292843,12610.235382861927,502.24275174038,776.350040616735,0.28074605150580006,9.192037413236346,5.7507346544108096,0,yes
281.5703859404995,313.57582555658666,179.76105306641358,261.26575747446446,0,23.304576726189488,631.5383207744534,15932.842808177504,964.8709990380531,395.3926494527293,555.5651597064295,904.4502179180272,12644.516875241801,899.7975043274254,768.6960575074372,0.25204004101152455,8.225558431330452,6.001213544441893,0,yes
287.0073718101227,179.6429406505028,247.54077029654727,264.27496283060225,1,31.97660476960521,713.3513488086272,15154.26577728758,983.2856713648944,600.7077808447581,365.03097451000826,829.251596723674,10330.261540997719,643.4094537234688,785.0334580555116,0.21840322456717695,7.856739015378174,4.947093602876628,0,yes
237.33518530130502,226.32701009820664,253.9187047053502,203.40474769440752,1,41.34087982492987,932.0419101591892,19943.351072087156,946.7724885894781,417.1582096317375,574.7173488422736,745.5325830851167,10838.382992531582,151.77263681756585,729.9067019866352,0.22107064509849234,10.295271215654497,4.9164803402534005,0,yes
210.9881426115574,221.25044229471106,162.10839730020695,265.23255629037453,1,45.687810199663055,915.1366628327567,16273.317928312052,913.8548099980679,785.6002550767145,128.5910379947029,764.0850995365423,13088.599326702451,215.52699165440777,603.2286268893656,0.21026251136707866,8.451887263790764,5.822156332412239,0,yes
299.64667647261217,284.9290363142005,365.8766739764376,251.85763468723954,1,66.35907665123963,743.9722140294832,15666.082184673116,964.035817333614,762.7050800179685,164.08610064044592,882.6383240349122,10223.783051597256,380.5883727817297,600.888596480963,0.2876249483005583,8.116748407384579,4.791094339167134,0,yes
237.8350805013831,209.85202374571793,244.48151142761398,263.93636102727794,4,27.571182482025087,896.5457133057394,16854.854877636604,913.5170368218944,568.8842589706996,398.7474530906468,901.8194345302079,11848.706223804595,422.56567122324185,659.6881234767814,0.23503214785532583,8.73838273010276,5.47882860672862,0,yes
295.7682476873804,139.60293777643764,272.37958769468594,288.94473734986826,1,78.70002114439652,931.9972276995742,18382.297823589673,990.1805576002383,131.59076739509905,791.787956828222,810.8727275538594,13835.90620414351,442.3255133419813,632.8112098917524,0.21927246230684316,9.520727164089786,6.235631090688472,0,yes
287.60384185917826,191.0441707000187,169.22654298653214,280.1485944416338,4,77.22348199388097,776.3578903747132,15456.924195630001,953.0325128730436,145.39449051991215,853.5323604542293,979.1034491561579,11319.704137206236,542.6353176161012,622.3770311603471,0.22823882547920185,8.017838267605809,5.345618312984213,0,yes
264.504809208798,206.1249354562933,168.92532374860042,270.0657034067216,0,23.253649610822606,934.1223125735796,16966.67513833232,902.1702858290121,376.15971931163483,526.1016421630596,927.3907112628142,12365.205267152587,427.4856983981239,779.2231426348094,0.2064857427759219,8.801302969505459,5.704475777674109,0,yes
269.45840164200854,222.62462405065224,390.6951388638796,222.93751417745014,4,95.78355671995426,633.2579754765778,16065.963653106859,936.4614751297048,735.8901753250428,244.8843902195024,917.1699131824121,11393.718996014062,602.758949439394,740.0422411701577,0.27375878933292896,8.288585155317815,5.3874702640289005,0,yes
279.89804348394864,376.28299452041904,126.03379565319145,295.76385665681687,1,85.98356430320108,897.1888640209093,19689.80635798108,919.2788810644142,202.02767793662645,766.8383230045589,840.9328148207771,12280.098682445832,210.27683087902886,622.2975619475886,0.2849443314014282,10.156792003574518,5.537391288945658,0,yes
238.57305573488173,102.11712950849984,350.9470667854646,272.7519647144536,1,53.63029000995658,987.5231813918107,18011.238554356332,946.0547192973866,516.7546333013536,458.0563945370677,807.6768267334938,14188.142525054598,194.85890656736478,680.6883943615322,0.20636291511226076,9.341860626937242,6.289614564184443,0,yes
250.53257543199652,299.87917465849637,345.5353225424698,255.31203016992032,1,71.7650124855032,890.3973962150072,15463.443433271614,918.3527260366343,94.33718909741772,899.1237872225239,779.5683892721199,14333.025836794743,370.7201988794051,678.691772037539,0.28468894972155356,8.041943173465652,6.408989077731496,0,yes
212.59136790346417,251.08421063296268,311.6301827339038,272.7409202112693,0,79.66042296196815,843.3987859055279,17899.08052449323,982.8996802011948,623.9603744250268,333.74177027904375,841.488436860431,12192.892274162237,622.4446387422305,743.6137573196492,0.254075230851531,9.258030680873835,5.682029618483862,0,yes
240.11374481920717,198.5915396133688,272.95568494298493,243.65930923644794,1,42.502335306155665,780.6958475456007,15716.680370351221,902.9294656761092,892.8740647216273,97.7751036102112,991.9392385623739,12771.301219721125,693.9756942432842,643.0422702899598,0.2223318787952827,8.141818203005853,5.993481057874662,0,yes
299.1401171723243,219.0989360818453,131.87471352976584,272.82282832181073,1,74.12284540725364,833.0589017191572,18153.909302538203,944.3794004978689,755.6441161849095,206.06741806689638,971.121453320907,13138.736221561145,465.4309648362662,795.8049497029419,0.2195974319079783,9.377809179146416,6.056925173679658,0,yes
213.26971643794005,139.03500373593113,188.70578179723768,227.24339374706224,1,45.5528885726278,825.780588030719,19938.139569864845,935.9636506831382,919.0730546338649,58.8260733237654,841.2120608085336,10266.480251264653,248.22011317913518,618.1455332427751,0.17536901025315604,10.267136114824728,4.747939119022053,0,yes
295.4707790947777,350.94738951347443,203.82886199719752,214.19287340533782,1,58.00870080184894,666.1675673479668,18874.388607758287,953.5207178897548,351.63102746736627,555.1455474044469,897.440344814552,11223.668865391583,492.2525947278809,757.7288417959747,0.27251066321690937,9.702329959805896,5.2595388040998285,0,yes
280.02250117852606,108.12637891103816,158.2334796187089,249.95571524129116,4,48.59730976760066,990.4882071616573,19395.55163225845,927.4918307706429,152.96058901906508,775.4008116425836,793.8756081474144,13511.215619271517,588.9404892039163,799.064801682081,0.18227550549699456,10.032155199897048,6.180275669346263,0,yes
230.5455358900182,172.74522479656605,371.10916865491635,237.75154073743107,0,43.79658520092391,671.6618860685294,18070.101710628976,991.1849511643409,819.1210727348714,123.36021365239355,985.3582787007792,13242.94509224651,642.6096049910687,797.0399475589621,0.22539619256115304,9.306593357580615,6.17269390267437,0,yes
213.89846791436085,237.8051229146853,333.90861707390525,207.09239795234464,4,75.41843726133644,880.1980521577666,18887.009916221356,908.844038216452,568.2385077097326,403.52399397141903,790.6314948732669,12910.382486368902,498.978061042523,605.7075265124439,0.25572119244270614,9.750117118183272,5.883100486572772,0,yes
232.9507743394351,396.5820898465468,279.06776011563204,205.785521361445,0,61.529949487397346,656.9721058665524,18183.569851233224,968.3003452845612,573.8519206021158,349.8380831059113,951.6154679021522,13417.458629566972,557.9598572008888,773.2103387826724,0.29266236814968966,9.356946400695819,6.189381404869624,0,yes
212.45505662843902,127.08891890174732,174.75199328444768,211.96799587429174,1,60.97217099105919,641.6019786103309,16668.157711522836,939.0337151023168,622.7862212161559,285.86089722549957,942.7515289197122,14280.09077862886,500.02303396456034,633.807070365027,0.16658009728544038,8.591854745206668,6.487252261250009,0,yes
227.06007875816235,201.62699338509174,396.6317586268106,214.4642829722231,1,38.606495197554665,792.6942978374768,17525.78487304664,913.468839872901,97.03013660552702,832.4052554254929,763.4345137695344,13517.75422244267,306.704916374739,666.4129097446479,0.2403033847008745,9.05048174596863,6.040379595070152,0,yes
255.6727836967039,362.7093548181297,276.1713890351813,228.58591218386388,4,23.6826473264483,929.228488176853,17957.674506459087,981.5799457380032,65.37111284745978,932.0776031131919,930.0882733909707,11156.244269466602,257.0199833777347,660.5180581259,0.2972093688958813,9.306591615395826,5.1511699196418395,0,yes
264.9558700709037,269.3920492573915,155.4245531903369,226.22724120035758,0,94.24551823433082,990.8746314591214,16187.344232149453,936.3222558638083,565.2555620326762,390.287243841179,904.8364364587026,11873.64314488455,392.40038638968804,700.1525319973605,0.22930632889690464,8.429351295755005,5.481601634008634,0,yes
259.3352184236321,118.69571358614019,325.298087550193,280.0239663547904,0,34.50893749014031,661.6487684246587,19047.30503090616,927.2015393688732,113.01740765675103,836.5521584416005,902.8449594602475,13749.74767477854,658.6856535092439,735.5137701200696,0.20554070998643437,9.784185654153205,6.341616451145268,0,yes
225.32662016343986,277.6459251277947,316.1775495792304,225.34880817623085,4,33.81967375397458,683.7270231443475,16671.716961075123,930.074123992633,712.3211963961888,262.7776545139154,879.4730875992191,13523.16680866415,274.4953018274468,655.1016847066901,0.2679764764052328,8.601622057380157,6.080875963891732,0,yes
206.1366156084259,303.982196425927,130.2646448413281,209.28026729647013,4,85.3487324729619,942.428588098237,16801.618425288627,952.8988438251855,953.0683870478923,19.45016544067255,805.0506598363362,10116.672177884262,810.6721994764254,747.296463617531,0.2421698340945165,8.727623028225533,4.914790730276152,0,yes
267.25297151315795,277.04204632679443,370.3580812637234,243.0496339611919,1,24.766365528091818,893.949354646129,15657.325739922342,955.8289155993069,154.9897366788439,752.5154771362058,948.0925479603238,10319.757332077888,795.4014444131236,787.6637258073492,0.2742737940400052,8.144832318793707,5.043586474403603,0,yes
256.36065343775056,243.10208065985157,351.4918175587228,266.62007494852236,4,47.065858265983735,748.8124889771847,16328.093631007905,992.10396341068,786.3877704885775,134.8793424286015,957.5587779558066,11902.971612186817,448.11725082000623,696.5233613208363,0.27506317645306466,8.452708058555759,5.531525546923758,0,yes
265.46486121142823,114.27767618467585,211.36390464786967,221.5522710234972,4,94.01010889125688,736.6767571936169,19161.70248642174,955.9826988690587,25.469814719752783,952.937227815706,846.2534770962827,12352.32424546278,783.7632789777065,707.2878793208532,0.19354825542447304,9.861834954012494,5.810283580599502,0,yes
234.89594208813907,339.03775756771313,124.43337595924969,270.32871024865125,0,56.82808310044568,932.3344287345133,15052.928914744383,998.3337531632844,437.5081344622161,494.317630457548,787.3723185877489,10845.74983438547,501.41007560846526,705.0615849352372,0.2512810997307351,7.857251157606884,5.064451994337258,0,yes
259.36886962872603,110.0162108500706,275.4875244702655,201.5566196360411,0,23.765467453444423,609.3358708634657,15191.116483011201,906.0639140876578,482.15536813649624,466.50939786291076,903.7360040982028,14659.069520220935,510.62532994559365,671.3596264989623,0.17506740519241606,7.841796836059396,6.637883960150268,0,yes
202.5807568605011,332.49696659155376,351.8761684229586,278.98627942874504,1,22.42040186220941,896.445912033948,18932.444259254276,999.8887050443878,290.3104926387872,649.6614654428014,984.0538740101285,14305.305657872035,471.9234080369879,718.4206667815877,0.29148022833723874,9.789052183295919,6.518035384211857,0,yes
295.9894847096153,176.7507314490226,287.5728823853701,234.08864321671365,0,53.85677418597737,966.5405205481864,17401.042165237264,994.7322955537388,690.5068707395083,261.32852254165914,724.2002011715783,10667.07594929037,403.4327412540446,719.7890905060525,0.21910379869122582,9.03864916469144,4.933217420265039,0,yes
274.36497919185933,221.97891159615284,290.01581889286956,230.6095167120466,0,56.83077908946824,992.3794859443333,19431.718353367185,944.3588049605994,699.3354688108511,293.3311313439949,737.2656376354579,12822.955921199826,680.9248345688155,615.7921817154049,0.2346223152127826,10.052989645837577,5.9037711293911626,0,yes
231.78909882065912,183.7424078633161,389.687235815643,230.1631113643241,4,39.10447499555369,879.9709418245793,18929.63369346122,943.5860328007584,524.2070621991245,437.20272500785995,733.6487341836673,11271.115081458282,476.1571700602889,695.3624169284549,0.24756036311433502,9.776135038784984,5.205794593878559,0,yes
231.82095998318064,314.962317885298,233.0935898806744,244.78848838744054,1,47.27244589526811,995.0250621900911,17352.901448614713,964.1601630965048,705.718375552505,226.83056633583033,910.2836065289422,11317.034850113923,443.7596790738591,712.2490752259224,0.26068530547821034,9.016919066164958,5.280118992499415,0,yes
247.7540404891048,210.79381596078835,156.4943185197998,221.41432637410148,0,65.03062737977488,867.2503907611381,15094.872371656362,933.6308175875067,62.70770557225624,921.5854291130892,756.439025586402,11103.084745058986,831.1238389947576,628.7772609589817,0.19926909685464547,7.854512567639988,5.284106745981977,0,yes
244.35293161909715,364.3981318712773,100.13530894441334,221.20609158243485,4,87.03415003584932,821.8877139091601,15502.820309292165,963.4332553837752,576.1314318356419,402.0954198343928,936.4957133141996,13184.740158738647,391.17376487288,603.1669702642555,0.267734047785967,8.052382455030012,6.008630057294847,0,yes
217.72039314886777,128.9201220756093,307.0213541801641,263.0990034449666,0,24.59988232662632,916.0485597288309,16849.326528250203,962.1810505049897,937.6330247107588,19.907466340331894,727.7416913677625,12382.161292957126,491.72306300518255,735.7926272938203,0.19608579215563277,8.746731758438909,5.658889748753268,0,yes
262.9685593433918,278.9478058480544,144.0932764665123,221.77208015094746,1,61.1313021870082,637.2294260630259,16361.732677294072,908.0945255841913,538.8950197450675,364.0661664621124,715.528176874705,14047.462366438536,380.4025041781176,681.0657967760501,0.22955611339411208,8.433453905148351,6.2608872503237745,0,yes
231.0688481722632,359.95194714030293,294.3597349445623,260.4969574155306,4,37.91658496298326,913.3344729923825,16449.079783451838,948.8722837336354,810.7813923381605,131.3355514392291,778.9834388348766,14647.03278018122,486.91696512057894,747.7676524357639,0.30480516184492024,8.544157621925248,6.58288065622069,0,yes
234.63450705345684,184.13572424222065,309.5913746417439,241.84156121583698,4,80.70614022003045,966.2096508490492,17335.19338708615,922.0278110007831,357.4905913496956,640.6451972934209,875.3527654587239,12360.086548499094,812.1065425635483,685.9821858860173,0.239623444222919,8.99563082822727,5.836290131097569,0,yes
292.8737462471005,210.5889513822409,325.0876225676192,259.5560434222259,0,48.75600609615873,685.0854980932146,15469.71723324116,992.661431736947,483.42714951571855,447.4557106698879,877.9272505105446,10046.001337298301,693.2333157381304,776.2391099526415,0.244199462190222,8.009549011069561,4.8668218057545065,0,yes
255.39974514742988,188.0344376149984,157.43684890046922,253.07765941651087,1,44.451107987698336,634.7883573957652,15169.216214445805,977.9459408353799,326.49404530653914,598.6824666858479,716.3934810294811,13748.013389541284,468.3651859129512,676.870714170149,0.19906646027867633,7.846259578407256,6.179122109072849,0,yes
251.9445114020642,277.8641652031199,322.3992079762377,211.73201832559897,1,51.93657598071419,614.1363730855281,15160.322170393458,978.6752689140942,503.39747233818423,414.1671092948088,816.4253384780652,13442.35918422331,682.4538512911494,636.7044369130775,0.2602255958113763,7.837417245551339,6.176198584315357,0,yes
296.8904038499619,262.4512227619435,262.95035648891746,235.21150444508615,0,81.83875009072602,681.3101301163181,18525.745298366466,935.7193010983126,475.5680352155278,487.4776984835384,871.8849033523127,14766.14659996336,114.02749759144832,762.8984406578702,0.25231620226492835,9.528880022541845,6.523423944953532,0,yes
259.4703138335301,120.03333585887395,257.8934825204549,237.35035599631786,4,58.81476590816717,653.318857906301,18835.70606069033,900.1294839388866,214.50679771843258,755.3935295474425,782.5140973057311,13219.510314597605,155.6740891855008,785.8082125845427,0.20313223744488879,9.67286651475292,5.889681949684275,0,yes
244.9586278038842,376.4309888150993,120.86837784908883,295.2525168056562,1,43.93121527241553,603.6146834446971,17664.916307800817,969.6892464866078,570.050201039826,341.1772064130721,918.3113228824425,11102.832381946486,661.8773679749884,724.843476760976,0.2741608044732803,9.086186055394139,5.283645007505836,0,yes
268.9985845293802,152.9075861266545,194.4529942046017,234.74111050667787,0,42.67662508454764,853.5238802537376,17740.878797863676,973.457732432059,823.7984889620199,102.46973096772638,912.3485380997411,12040.577337788103,289.55214619260937,703.0314298828807,0.18624914005307583,9.17990250633563,5.506600870903334,0,yes
266.2788594050985,294.5920353270213,327.7212970369808,210.49054982209637,1,79.15467505174905,771.1541544007233,19849.640527552237,945.9022544172306,436.3158878924242,546.8780748246522,924.6900318252581,12350.68379145952,802.2791643024739,630.7357762252054,0.27296796617467195,10.212058826122307,5.839012695190418,0,yes
270.03837993274266,210.81493605947688,192.87364727737037,278.9467625036019,4,93.59953758794694,930.5036101975543,16024.34073966997,979.1253370008654,349.3426684108011,551.9070053761252,721.6221304628984,10936.527276424133,809.2094194319347,655.6561497906584,0.24047117865793904,8.339876276563194,5.186902132846896,0,yes
206.68259436193767,300.2571045757643,342.50542200331375,221.04809919005007,1,98.13563762963132,635.0153669629898,18645.459477237986,951.748111610985,130.4538849537397,773.2871871700792,853.2244727545276,13909.220882732649,441.6739675035059,725.3993584783619,0.2751586057801239,9.58081653757372,6.2911363482162095,0,yes
261.48924865888193,157.08415967305467,294.1568950539772,203.0137343736485,1,63.86136418040473,641.9076323750121,15619.306650204862,926.5048148256533,460.0777912297823,537.8957486454947,953.3349743208792,10538.072235702486,702.5363495841159,604.5816280527492,0.20722774847657296,8.065778141724255,5.084164764220544,0,yes
248.84678096013022,366.3097214868015,387.7716871062502,283.99576100089104,4,56.12462172308951,984.4079139568589,18718.956029870562,917.7791084610549,946.2080471635136,50.89797497817676,821.3399868799811,10758.680921146672,867.3852997710273,774.3092464563165,0.335265808650722,9.691123969846451,5.2077967814775485,0,yes
247.95383187856254,225.7898467708066,287.13704988119656,201.5152049725382,0,48.142846912535326,729.2261355000852,15565.459573407063,983.0242529130938,7.467759105128731,932.1975409382845,939.3220216929471,14081.607699562452,356.5220611750154,642.8330910676118,0.22531863365508042,8.065801272794113,6.354513795136378,0,yes
201.18727889957088,102.35944461966615,244.7714009386049,258.1700936806649,1,22.29462241599359,979.6918783829537,16526.837626954617,970.4961733122288,744.584689166389,169.68093356355132,872.6505522484294,10065.213378734485,307.6488211940306,678.4833154992793,0.1736494063190347,8.601220341864169,4.702938244636691,0,yes
209.47538734199665,306.11169032586287,112.42327698640324,230.84349838902006,0,20.43710626882758,982.0609894942324,18517.15851179981,976.8178564924186,795.3828742989681,192.69942891555388,985.1323717094598,11026.448134043025,871.7113855563182,770.5973903620577,0.220027788804805,9.59780086730008,5.380404241263846,0,yes
244.08821036619187,363.9590813020097,176.20955559904542,231.2497617293313,0,24.10391123347038,756.6994035667311,18857.559622918117,943.768724603305,204.3864852676705,762.2430939616512,728.0699236932902,10838.253165928336,274.50096029359725,775.0721129906508,0.26083783294645174,9.712516490666271,4.961047040911006,0,yes
227.10274300516167,172.68656356611882,343.1124166718919,289.25631503627733,4,90.51131603503866,900.842091577221,15996.916044215724,959.145184419128,829.8311336284611,115.50247851857921,777.6534111588549,10093.691016681465,410.9314230084113,743.1949773776985,0.25151252023520937,8.316649028423903,4.730452336794467,0,yes
265.5915230550146,247.32085143605437,158.259725407103,292.3322229802928,0,58.20345524506636,669.5541589479443,17459.292473233483,959.6016195963322,744.583177834327,250.01749125338984,916.4018036491995,13496.915150078674,818.6827856658995,708.6668909832509,0.22981449050857378,8.99636087812618,6.312572878251347,0,yes
254.96823832716746,310.1258605639964,141.4252698077944,257.24086369958405,4,99.99972653638525,918.8951584334961,15936.542736708063,900.7996588157121,557.7919798942861,433.7941574038755,703.3693557547172,11207.662086833554,650.6644394773963,756.382938942402,0.2644629976607112,8.282574544194553,5.250358539221736,0,yes
234.84728344822804,185.8508895445053,286.1691283478744,239.17375148560365,0,84.16724243312959,685.2754482752906,19084.346303066606,940.6011714760591,591.8470144141392,341.24371730600126,935.1677076967223,13520.918922015571,126.03588987068903,725.3273556208146,0.21955361017786235,9.809720505479628,6.046341233156155,0,yes
242.0263057469482,296.0838746151171,188.96349168852146,263.89031373218035,4,48.58502140105963,964.0741159999434,18622.286680315672,907.635278068985,702.6325689579093,212.15936388255068,757.9558213552076,14265.944848440216,321.9083153637757,777.0236501058341,0.2615828279618144,9.636719787096691,6.356183329324052,0,yes
293.00100817291525,220.98973748600667,194.94870810805736,212.7301537736931,0,56.50817899241375,777.1533821703456,16706.54097540809,932.6671017155888,137.98438922917364,845.8542737407287,867.9631561801809,13515.99159002785,464.20114367885435,665.7233523008731,0.21395737787326471,8.6400260337463,6.151887348934966,0,yes
233.2299979767032,349.88527843935617,211.04875945068534,264.84030082308743,0,85.708147966581,650.5845382496691,18667.64490609668,936.0963100066823,261.52584131582614,679.8850335003247,990.2478269922993,14471.495868236485,136.66154655191312,623.8117884678175,0.27526603892556945,9.593156238073215,6.440647384433916,0,yes
252.51779791352095,305.0459283025532,374.21929107064665,201.95443124100032,1,60.10944447286857,844.2303908991388,15461.808677342857,974.8653504362504,544.3997967122458,393.69625236677973,936.9671004081112,14081.345432421556,340.1255230998811,693.3334662568876,0.28060664752998515,8.038470299648734,6.353327099736919,0,yes
266.1669631583472,108.21112431442242,106.24678976678878,216.36552077537246,4,70.10100142222498,624.2992230888516,18513.410244709205,981.4878940435308,355.06169963526287,584.6928025318402,876.9961837751193,10865.436812269727,707.0573171085987,657.6286198299338,0.16614318984006526,9.516561603015198,5.185280513519577,0,yes
277.88624623429257,227.4848260029468,201.61771009745127,290.3792770413294,1,95.38223870784199,962.2818545702278,17692.969724541283,935.5511174953502,769.4644278534707,133.24671942041005,880.7636307267248,11163.00787043155,363.40747413366597,749.1617406744006,0.2403922025571904,9.175468707428788,5.175371974027596,0,yes
224.72319118863186,392.1835319270867,336.5364909270042,262.28784800975734,1,89.07223578882481,800.8154764553519,17597.13751637525,952.2564674826589,435.102622327713,525.4921299981269,899.9400606949423,14859.54514729135,542.0955660778245,783.7044498882987,0.3201209102840336,9.093288257532906,6.745669892370543,0,yes
220.46409452225262,280.8653156159013,303.6500378943812,207.4152746563399,1,57.981594580713505,977.9504951524814,16561.734757210517,949.4611283928119,858.5216684533399,120.79759912348118,915.5879218926596,14433.14150205508,509.31304445654666,700.8196460996718,0.2535948969634128,8.615368263200969,6.559836441655997,0,yes
271.1327072341612,326.21598258694155,345.0965098856627,213.95329193491597,1,89.3625805825137,832.3048000027453,15941.30565690442,956.2950320713682,358.38872821465696,574.999431299957,760.8265263528423,12106.66960045995,207.8187599828035,647.5161222704844,0.2916831196224749,8.272977282534276,5.433411143370299,0,yes
277.6115097249337,339.521398626658,165.58629017800993,267.0492317801209,4,99.85639806931667,831.6667126973927,18777.648916516697,994.1799970883181,96.21072147795095,878.4687866561305,813.1888542616186,12054.201803721135,494.9930115750261,626.6130594009813,0.28586251863210366,9.696242970813925,5.551188247165423,0,yes
247.2057324857619,251.97895637851946,211.79009758596254,242.63730351021414,1,75.09530506765856,679.4080056124114,15093.659808133856,931.3123918452682,283.0458487443205,625.3518246989543,770.1758217945209,10603.88420767913,849.9583327570375,610.5884114165938,0.23624296237062437,7.811815838438562,5.084647282492249,0,yes
268.3422376602622,329.3717932303563,181.98566477693532,278.4534182014208,1,80.4147082563129,915.0876242062255,15361.470807932594,911.1135091144554,78.3968655668995,834.0142119066064,753.7793956670746,13478.178592858476,557.1842368933605,726.7863908169131,0.2717448855327971,7.99557811815302,6.1265124202326975,0,yes
213.3059113447769,167.50811700045608,186.52101075763426,231.96357771693127,0,23.855151258041083,657.6547933807882,18244.12982014732,943.096469391365,400.04938979199034,556.4590464242565,962.957932162032,12528.221816906207,510.08337582054645,752.7518113221813,0.18054295423618788,9.38390481993639,5.82085447620724,0,yes
275.65392639257254,332.00905631078416,209.04311154460174,201.38260004459966,4,77.25192694814348,832.6795509143005,19039.15508952405,990.6027807697188,600.8657132801,307.27140420103296,755.8960841334326,11251.891288868066,426.2640052743398,635.4663647065876,0.2753249818865895,9.826727155581645,5.171874097250755,0,yes
242.2574873142961,169.49078598788287,258.1425938035196,292.2927205867327,4,69.2624854494479,655.6220722233679,15332.019909484616,925.7483141993451,311.21106555230784,674.1335019704845,792.0213207816373,10408.926480817245,372.8664503330282,783.1893984701483,0.2330904207261703,7.92502623637587,4.8579143485911915,0,yes
201.9777743491589,388.5859263257442,388.7471435738261,246.25705033811263,4,72.41546740656644,935.9377410008931,18341.804020968022,965.1279194337088,497.6540564832496,443.8734801188129,897.1509883931077,10729.753995781946,235.77634890097139,787.6529213410689,0.3329521704970969,9.497915957915007,4.968014422330722,0,yes
243.2405550624699,350.1887921805097,209.20973983803168,213.97286011278328,4,35.386280200975236,846.6180016882718,16790.04298419477,968.009297412554,402.1266050993397,582.4019777959436,787.753550433359,13692.278958507468,866.6887420660478,743.8211530724511,0.2757851372799415,8.702177455708506,6.361720976478551,0,yes
219.23088455145202,376.8440189835683,116.79706356003493,295.08278220827174,0,78.08536538468428,733.0719309875597,17316.75798276892,977.7250530782519,210.9841951741403,767.7350840790106,957.3971553307193,10383.226348198681,302.3236192638076,690.2396525708198,0.27052105079446853,8.941566669654296,4.8723202213878345,0,yes
212.84030090874862,374.1421817027383,137.92838025541812,295.6840333228871,4,46.87158692918412,648.7204666684852,17757.77728620548,946.8583721176866,141.40565077914727,811.8654492189419,765.6703466269878,14149.103030831044,359.41210655310397,717.2905101436829,0.28505607208108785,9.13929326478708,6.324875106122217,0,yes
298.1091544890245,336.3011179166689,174.43820579931867,203.4775830314887,0,45.54523830032277,843.8297770849637,15120.008690052431,993.0628612411745,794.6335724233392,109.23408084795688,814.777228577869,11882.077337732511,793.3451462039679,798.4170749690896,0.2533987910704524,7.870000217829624,5.615308402613807,0,yes
299.2381552093831,260.65523235485585,110.68548504112842,228.84933662555432,1,26.443422522917057,760.1340628664854,16908.100404847108,939.2094428945119,490.56728946798546,507.10362082320637,764.5515849268962,11422.508702191453,813.8347959689518,724.4546166740554,0.21720665516141405,8.737922534770922,5.422645214915774,0,yes
279.08662666016625,208.60540747704601,228.96108950591946,286.2191798133707,0,77.26761868362613,892.6085832301071,16844.933030917302,904.3156967822717,161.51121967272425,751.9685436673152,721.4911210690278,10250.845887790889,460.3746321074187,695.8084702356487,0.23135106488310403,8.731272572536277,4.779992281539458,0,yes
269.6119534828441,367.37415450544484,216.9294613546778,224.32547253636267,1,57.51640780310563,650.2151810852785,15162.744144166774,990.6601787869591,170.5433123029189,817.5735390344956,762.533212615498,10809.999651546634,433.61427038717386,724.2338580223818,0.28039085327981195,7.848150628362235,5.023391373146847,0,yes
252.4619961386591,275.4450479670899,247.42427890355754,228.40796305116933,1,87.19953470801966,955.0780663839582,16590.572471149266,923.5892955651673,831.6815476861316,123.80531348597083,998.6310596741246,11119.196985549404,746.2817686745979,672.287370253655,0.2520970278549828,8.620976721021151,5.355216282595024,0,yes
214.85924244756072,327.52659065144354,386.75165196192233,256.8136444590727,0,79.3897750340042,862.767741755626,18040.006157782555,963.1242464415833,911.2561909342951,52.04038988503282,840.3399703828997,12651.494755357387,107.33040961198527,726.8805034640809,0.2967432679136502,9.330123511466278,5.657517584500486,0,yes
247.0266693469421,215.16999525199134,293.1389042862048,207.19672263252397,1,80.97693303329385,916.8621970712653,17149.755528946735,994.4953081584429,745.3541030122834,196.505266542708,769.4134658158907,11172.347648515202,481.9046125547669,739.6618240713435,0.23141793695934912,8.901601511897429,5.186061993827337,0,yes
222.3046027619487,180.243826215826,129.56374821811772,205.22292695678732,1,40.39640532177476,724.7533420108981,19507.692458109646,915.4260770238004,785.0681254308794,193.64985143199556,748.4756366423363,14875.064662973782,887.4304092034804,705.1207943444992,0.1761126277380121,10.026632672545142,6.821492294482495,0,yes
254.8804963913246,356.22169101556227,395.86077359531254,286.07249064155786,1,66.84218385955701,739.4566983479026,16156.498269448708,918.6782969461622,823.6156761851678,106.04955580559988,912.1921376533527,11963.752691907139,384.3122273944143,645.4448779482653,0.32337405837645145,8.354728447862769,5.5066063850951394,0,yes
272.0092925522091,143.53550187998505,338.2482041745237,215.58397604099432,0,59.988608010166146,638.4101534591223,15539.170874268102,965.2591386489555,694.089164859677,297.07262204459835,796.6121815877451,12270.992642526362,588.9680953014695,732.3451888866466,0.20998506287841587,8.030274073034521,5.68505841110969,0,yes
226.51416930930716,385.63348930628774,100.74258124096036,241.3322877734849,1,64.37077209155792,628.7267525045705,15964.238181192926,957.5448770447358,667.5852302350381,304.877734861837,717.8667288630695,13855.799859591929,609.1615806407608,672.2559383904825,0.2632712976286071,8.239633613167035,6.285041045474648,0,yes
282.45231949818435,357.5026374157039,146.96182702279344,204.99883586295084,0,34.217778151754594,709.9557405450132,19845.23011029427,992.952014544623,677.1409472309401,301.8765329097711,730.5541313776765,11554.251856787088,452.48084002053395,653.8654772868592,0.25328074440556386,10.202812957607541,5.3053164163162405,0,yes
248.8243992080848,276.6191605031418,164.22173331269633,241.59055971994002,0,21.56268829602963,608.5266981152131,16296.11270486539,954.8213242061689,272.21870329402014,671.9293631451949,935.3213646825637,13045.202599595219,627.2709870610793,741.514031045377,0.2258518532370451,8.400801167644781,6.060273909422587,0,yes
227.93019911675816,145.0941729706867,121.70202262725581,221.87847201281832,1,77.71898404578069,985.7246758893755,15586.5784361784,981.9510992265742,905.6564614774746,2.8142282484434418,744.2829754494676,12477.442726424204,218.27815832090164,604.7104759583041,0.16921377373155272,8.134066598640729,5.570285218052059,0,yes
259.76727483289164,394.01255572090815,325.84144501267025,251.57461019174903,4,92.86995000059876,939.2638048936019,18734.716743849793,998.855019611201,115.56753002242239,812.4914890602757,752.97944439192,14469.199845826204,658.6664060033472,661.9261717926236,0.3334779072752417,9.699801789998897,6.556782752346499,0,yes
216.74031017280697,279.68259863393075,312.20530084702733,233.57210953198302,4,45.358175339370234,833.3807677078,15087.727599827369,949.9098532817403,856.4437753118989,115.17226293644853,788.2349589889741,13688.414094735184,400.85360207604566,684.5906629584516,0.2700073453907027,7.845550910492116,6.164416465123749,0,yes
290.719934839638,191.47704393534565,386.44415758311413,289.56645636091685,4,64.3752782302926,929.4827319523434,17026.78583061469,930.9649989434116,546.2025247136675,374.8988925181179,923.323507231695,14770.201461377306,102.57051663169338,777.4907740175704,0.27251854513589563,8.834234239149179,6.5372229216919004,0,yes
207.2743080871558,260.68733664952356,331.5973490023475,226.60459085256585,0,84.075558691644,660.5248370237821,15517.311774013502,904.7941661556697,407.3712874846093,526.7613447116963,998.6901358415103,11285.936197354085,783.7759376268151,604.3228601204327,0.2525667618647674,8.01588068427416,5.425104856918102,0,yes
299.0219453003931,101.49822913598504,233.62603271002416,263.01270209023227,0,57.92247826087937,610.1746875706756,16124.270149232287,928.8048746997773,50.66707544936369,926.9974002899478,892.4643667960078,12234.687284452442,245.66049450488424,608.0007352451133,0.1848937272676799,8.311664875488606,5.553343233033739,0,yes
241.8468510511834,118.03397754783828,317.635355947323,203.2165323102806,0,30.904287952509925,836.5277261458928,15157.629783340844,982.306023103577,94.53715207626097,820.6885551587012,832.6545690409264,14348.53329333193,881.567871938754,626.8015021603371,0.185717625343608,7.885679000438835,6.623191067754149,0,yes
265.25511644931066,323.1161518754327,222.94318395823996,229.98245192719347,1,87.33962646558292,793.8056025552294,15866.722793651796,979.7277945806577,613.8959086540915,289.01369249115555,705.888669395567,11730.439096489794,444.48510182491015,675.7999899829034,0.26822007798441233,8.230307346138725,5.3551554298284305,0,yes
263.1988385388436,330.7092944928694,375.6121386247592,213.84188096720226,0,25.725180997432595,923.7244142610052,16207.978370738232,900.6279892610243,610.7005887778231,306.3769362205045,929.244683516376,13679.193613667836,212.8166186228208,675.8874822324747,0.2865574391482775,8.419370101551502,6.133277974044729,0,yes
216.12178593429624,363.23657683845096,203.26217797790463,249.55769163253905,0,44.432480914770224,716.1484164849891,16170.818545658094,930.2266094037774,831.4619149088729,109.61910321076357,842.3522972845316,13713.100144633612,812.4766266877086,714.0554022002627,0.26864299268314784,8.358323347089785,6.360268822535301,0,yes
235.68077084144653,174.66051541873247,394.99753311501354,228.1846263674409,4,45.572941701030715,679.055780037174,17328.82728274117,902.5209847307299,121.12184975705189,851.1612227712075,880.1081161116891,10544.001926043893,524.8640634421979,646.2059946113343,0.24589865259799648,8.92538663490934,4.988056489312907,0,yes
266.4570266590836,102.18072231510752,314.65399476317225,246.79351081724013,1,41.820691630638265,615.9266641178589,18036.109182449316,987.9877947610044,143.4233537851054,852.8657064710379,775.8949205421809,12199.47077529819,697.396223009712,668.2174231421006,0.1959798442652972,9.276989501313265,5.683783602804175,0,yes
200.50792473034028,277.2114459503599,346.5702025788247,276.3807629195395,1,44.01345592935235,914.982538667865,17636.375566374365,984.47899092959,526.6931255046899,462.5998450122262,826.7241139652689,13124.700798936483,835.3914773956208,611.415528801655,0.2702359658831319,9.14309476764005,6.121000345414351,0,yes
251.11170336292025,354.9008836733277,165.40257123250643,279.5899885753561,4,98.31635685588626,907.9642645850893,19752.987358461593,900.2058223848236,235.55290955191117,710.1112751834704,826.8384679238243,13218.597930023674,152.1399766867761,787.128994478688,0.2909388462247926,10.188227184020677,5.902470724337453,0,yes
223.5930327781483,197.33109753225926,182.25442096988752,291.6004476324081,1,50.1026423451578,609.1792576294714,15684.070861658909,900.5582003818148,461.12628534625543,469.4874057056563,843.1863631438459,14378.288249220366,183.4716304696455,764.5369171847661,0.21214384992139865,8.087489271879667,6.380338491348378,0,yes
235.2073127041819,159.72972586826722,192.74585311629096,288.1479532380645,1,20.588295900533467,859.1268054873419,18005.756873381924,916.634605040499,786.9300765083747,194.7033780695832,812.320240229491,13258.545350118546,316.79174346653537,664.2122813104505,0.19626882450458819,9.305795004146292,5.967184203078345,0,yes
220.17661805317718,290.63534636180043,237.02268332906834,203.92299112895,4,20.190319813993185,627.2906106775038,16494.6273353102,931.8497781558426,306.8071564867301,593.9994353333846,815.6275576667999,10684.097859881556,881.9531495780266,750.818853199291,0.25069291907516,8.500984435957774,5.165132433697527,0,yes
294.8163088279377,276.6575525243364,176.1876474034621,286.6916056408307,1,37.93196031743853,677.0335703316755,16518.247804330185,943.2919252259271,314.4630732633709,629.8123017416435,925.6109306447466,14685.646932133935,381.94590355557904,683.3907685105204,0.24915977857508098,8.525233116012627,6.606772212557578,0,yes
238.85267757923782,361.208456403156,150.04635077218765,276.1057206800888,1,92.79475945410968,634.2359381039855,15408.227614374127,922.5929443771175,837.0447480892324,151.49044986405306,847.7306900803652,11293.883229363064,122.34752393773513,674.764017775809,0.2754496096501322,7.958030032234717,5.120048219953781,0,yes
273.92547891872954,215.3041572996463,391.28879110538884,208.88278782060564,1,70.89788270583286,713.5068556792837,16605.80629313784,914.6642251443762,543.3458939677921,368.419182184468,729.3551735507475,14348.032899876185,147.03636218327682,669.5108201359346,0.25357446026431885,8.573105586420086,6.292981730347571,0,yes
288.8622469980627,160.56323194712604,383.93737195392526,282.26488358269853,4,43.10975640657969,837.1904771365507,18271.168673318785,971.6936221143937,338.27749890771327,654.3901759430737,969.8178227410781,11437.098949180136,109.73135280764339,747.8289260949327,0.25528288295168666,9.441129741658939,5.231352206351994,0,yes
200.87333860254722,108.30486695578301,371.0062660531221,269.92467513528436,4,61.32150487566328,983.7993067027567,16140.083696643327,924.3990551968767,330.922815372195,637.8875099331171,960.878197196814,11533.017189014598,578.0798934468187,636.3078203930585,0.2204910262025171,8.402452958817369,5.435481614401045,0,yes
245.69452872583145,132.82096672891868,292.2684010178683,286.5933340497019,4,85.84469482571888,722.7908148843402,17141.090357755038,922.1154569311661,567.8150014714167,374.8711424004175,754.5746329219662,11448.05057572175,288.13685254906306,711.9910911355346,0.22662725999226735,8.843813314834778,5.209349597466258,0,yes
233.98564139598025,288.43897486697927,272.301078404853,264.63386101811096,1,63.37935406247113,628.3643354558067,16811.519757251644,949.5608957931364,172.4663809229055,764.6867736443785,918.7720410950204,12030.012243479821,332.9338093613893,650.706860395053,0.2641846936257135,8.662096450540291,5.5169069741465915,0,yes
258.98677224274115,247.32010149486877,385.5248588251874,287.7962084447355,0,44.47929757961994,622.1329157091484,19077.182458861334,987.2876700128536,859.7500254988937,83.21707958502168,829.007642253626,10967.384076494347,809.2713607331119,627.5609679598946,0.27179929556295146,9.798779375722955,5.244254086976869,0,yes
267.75427971130597,320.12880480309735,252.84344509962546,292.3094013559745,1,30.60749674901168,926.5579066323238,17263.90304195394,994.4303096589349,398.7396768603148,544.0515354283127,821.9440271856383,12234.285357638033,742.1000503157596,714.598594383644,0.2786550408775217,8.960877170950491,5.732735669248235,0,yes
256.48265161329255,334.8472168465662,315.3958674532756,299.8368823330169,4,74.56812919035018,901.6294499768751,19002.609822529506,907.2327220581953,166.18887819690593,819.5462205185174,975.960423158893,13578.589721505892,255.89252625353504,782.7579651176985,0.3146581537955338,9.812556615805567,6.152562181282753,0,yes
225.15441743992218,283.56839981544096,173.24613139023364,216.3736421386328,1,53.63114359848807,851.3302498712957,16699.931986082607,938.6508154241742,415.5151830603634,488.7223257953314,717.9934372551405,13379.162321534344,570.2165442848501,648.5768655322022,0.23043246169259624,8.65414146110832,6.0663868640085505,0,yes
240.1818381301796,348.6928054673783,200.17645450474774,266.28001275902716,1,60.36592988720517,727.8580893507674,19436.65992961821,986.4514280358361,836.8560982132092,120.76632241854213,996.9746156935739,10738.538904828813,455.68119998234397,681.8870052414002,0.2745946831145976,10.0015740478093,5.087606978840813,0,yes
203.91272085100982,149.83786208496332,217.13772646534434,252.53115368862473,4,21.790149561192955,917.5976700174097,18838.577523673477,999.03725865362,241.36839161791994,732.1628331319707,738.3847355016364,10890.417052460403,182.70224085507715,667.8279490053836,0.19826673314434873,9.74681067882785,4.936077158309244,0,yes
272.3588305065366,185.62090234835347,289.5830561248805,218.54565310935604,4,21.357796639895355,888.3184732945488,18259.3010072377,976.5379153090021,940.0654852698772,10.909117501262472,770.9344839765387,12094.858139930388,206.9039910531191,694.6008041643852,0.22886743259283007,9.44740082156191,5.44096726947936,0,yes
292.91019291755595,389.9259606596815,316.60154915726855,215.8402285511392,0,32.71618084084022,608.8350619270975,18056.27711771456,945.527319923309,664.2157232102547,236.50877919669733,778.1165008972629,13984.188244382764,129.34412148208114,726.7056656418669,0.3034825489577671,9.279671879973092,6.165909929814486,0,yes
218.05441705647084,219.45026864686247,258.528575319496,229.3502389256278,4,70.07434147205907,709.7948220385671,17402.75188319524,992.3258397600903,828.5126559187015,151.93600803733966,890.9039741754831,12633.988543653919,633.6161645444867,694.7979005783641,0.23760756442664713,8.981451543392852,5.8793849189230025,0,yes
210.02818430812863,344.30260779738836,274.1897474364617,263.7656941275557,4,94.23827587383602,719.4805849450343,16720.592825516913,965.0551348737852,202.4094217437647,770.1660300461764,792.5851145471345,14902.879025278067,718.0090453076497,696.1603623587228,0.2995892124283663,8.638733885475622,6.780461710771942,0,yes
247.85019615773666,193.7824402163493,182.21717166855956,262.0887071685538,0,34.270476207827365,887.6577719162497,15972.572834897022,986.6443281969886,673.6122092948525,313.2410821450127,937.5353584218775,14497.966308651154,701.4178770591524,616.5975778244227,0.20188974481719535,8.305285878911649,6.661379520281266,0,yes
242.5880235115685,231.7855994418589,373.1804421523457,272.47957004592956,4,68.16863582866324,934.6180947498128,18470.136191587677,934.725543192487,525.3189173162,464.9407790556536,866.0210700280893,14806.18604277035,395.7221275064759,651.013059919053,0.2769575426518841,9.557598315869992,6.638756481487389,0,yes
216.9013810954614,357.61251080554865,237.67019944983295,259.80255239747584,1,79.6460189839965,809.5299520792623,18920.49471053007,931.0456472022258,592.7096060026521,384.92789706199096,704.5481535997719,10582.345546148517,515.2070245440813,628.091329194712,0.2838491544549915,9.754000938366204,4.927677226134373,0,yes
259.9179436435936,252.00952927832,315.7432113299458,257.01693335060185,0,37.58417176691899,982.7712826800093,16945.42949565694,970.407096622587,266.43987547655627,651.301255655012,923.6281648430518,11348.736176663044,216.1020459770448,751.4745319831537,0.25281406608732054,8.811214312483656,5.2102463365489875,0,yes
297.0801970089818,168.2080809589713,176.5123428653681,241.33042008418317,1,31.986152508462567,986.6091332496845,18370.74020522042,922.9851769853467,553.8463863442945,366.68517341613745,993.4971412617117,14656.356931559632,242.981330726853,676.1284127133496,0.1963123913826283,9.518236366900062,6.562414172353454,0,yes
297.290484249698,346.0272859184044,298.6988818248514,228.22212561019344,1,55.264804006401334,714.9754109504244,19240.166208829283,967.4433522650997,793.1643834124478,122.08170239269361,954.2915531416797,12166.670886738166,612.3000352768947,603.0962664990301,0.2922082236394808,9.897856999239746,5.688303637753434,0,yes
263.24230344601415,148.47792359091977,148.1630058494793,217.68055632167642,1,88.08840288383139,788.8726124148079,18057.072914589276,933.6309545226715,693.1382242429828,279.3676713074411,723.1028118568886,12786.948985280844,641.0702520941675,609.2903123214847,0.18078784867685316,9.318033361403907,5.864122224096689,0,yes
210.67690915502084,294.4806944411331,211.18133317569777,288.7494090923741,4,73.69103677367772,778.2722141093063,16418.658704163317,996.4084131242855,596.637474654239,314.5942524901145,821.9469235352941,11250.217388848425,783.0130578082708,712.0065135331643,0.26955353678701527,8.505127097448746,5.350809925813413,0,yes
287.31995256343293,150.1500673969898,370.40850637730296,231.0897713779622,0,23.60415598476152,652.7041776903236,18400.38919934437,996.7589490760879,506.5413380838744,487.185207003546,821.579303167714,13871.669046872088,570.1976727182945,692.9347561043437,0.21952999193094105,9.468363130996199,6.322954119611003,0,yes
208.94317967077853,356.9682707934706,287.8939269867909,281.73180361674906,4,37.970054664702,917.2068117402687,18659.49539173607,991.0278686918905,293.77221252460566,652.4580279903626,755.4584629289201,14455.80715618363,838.2645958706074,739.2022236048275,0.3037784894235522,9.656068933357192,6.636947355551965,0,yes
297.85238009747843,101.77317744071931,309.47632208993093,238.36002517270543,0,96.3824598248143,624.2903154300775,19211.03378392066,920.4804047382432,451.37570583314687,483.1585497955614,849.6652775435098,11889.88455225999,842.187872074157,639.1340086218488,0.19993088085717603,9.856977508986164,5.635039886265334,0,yes
244.9562655057731,276.4383581166681,282.70650804038394,238.05943174068082,4,91.6724931356895,713.2025469452842,15237.763203515507,934.2188534506854,171.04747762974637,825.4872793023475,780.7131121476403,14885.71819969649,668.9782560209893,764.2695083863725,0.2730946439965736,7.891693811859495,6.761580520922967,0,yes
269.5931838186371,110.45543216225103,218.61598761018416,205.82767557730958,1,27.70032565973289,998.3958439617531,18267.016280154567,992.621828732951,182.52363764191801,720.3232062430507,896.9261061426992,10529.472538272286,292.8823801560251,642.9643063857491,0.1705112363025165,9.478693484315249,4.88622558386278,0,yes
212.52707110779818,163.25405127355992,383.022952043784,234.65182385488976,4,37.959141356360895,705.294205964327,18894.131323988127,903.7186025341189,762.8225903917214,137.7245377581013,960.8408363548552,13168.728571134587,293.01027656765484,662.3595590258194,0.2363535839436944,9.713965618843044,5.96977426361203,0,yes
296.63257237668074,322.44334973738,327.52697654741644,232.29346081277694,4,56.99068104727075,621.3595521209515,19224.587781289825,998.4035818655091,212.9426019305626,783.104367756137,938.6042339170328,13851.95746683527,879.7986290813154,674.0857878656095,0.30148808329174775,9.873855818171895,6.483560581601504,0,yes
223.24303095781977,278.99730707832487,220.6617228734766,297.4087404881905,4,32.13593610493896,976.6807753099333,17932.289850383382,994.2250327497632,310.56053299859724,598.2901352576021,831.9709414985175,11385.420413883694,476.4327608228448,676.1587568011992,0.26335110707594794,9.306537233024335,5.281217573868325,0,yes
270.9537569796154,293.93171444806774,119.72635771504595,213.04208395192632,0,22.815116510539486,941.3478807463531,17126.648224642286,993.0334718140355,772.5512683683031,155.73087975030512,734.2948363223612,11157.473286247474,187.23690029441383,753.3841287317717,0.22112498591411925,8.895436316712319,5.048158241414254,0,yes
265.07671088388065,135.26373517880907,340.4101779139893,283.6007245003568,1,23.323027627866423,993.2005589612096,19177.783863907272,986.7527441945474,616.9159464455342,340.71117286258095,910.2622128566414,13854.557773295983,555.3952737667926,763.5954759832803,0.21922632339054454,9.932061644541205,6.350032409215987,0,yes
220.33452093809964,270.0562407162221,156.6489403595773,276.22091862613877,1,59.84808977689322,626.717979066896,16798.519532998154,973.1638063130633,396.98151096991603,574.9316480790302,975.0508771155694,14659.150193146837,182.59843974254056,748.6135640743106,0.23385044635926217,8.658491714219888,6.548643878100979,0,yes
297.392798610063,121.18423524706871,335.3624156163576,267.4132517402393,4,83.97313345092235,653.786909304308,19053.810930239495,915.7161779515232,627.2146932407119,290.69010125961734,779.8728601655839,12323.417179271864,207.83351040543695,606.651818726547,0.2330642512600223,9.784148329139116,5.520274814296525,0,yes
265.97151144605414,271.03921191346376,274.0767941061697,273.5344948745515,1,90.05058442548292,887.6390541496498,15506.482172499647,988.4444112951753,149.81065282101292,771.2638238650937,866.2047089575344,12111.352222280688,550.7586593855181,607.1906250070522,0.26675802092394074,8.072485761412478,5.607655352620174,0,yes
267.08451564738425,243.2663980548298,191.42670114588935,210.15447137562893,4,39.8740001274394,688.293516838104,15775.923171290031,966.2489272176291,633.4443327599487,326.46148704620794,970.27038680382,13243.395747709023,240.4481289870417,647.4016766277292,0.23227558823013608,8.159701795689756,5.988561253920244,0,yes
286.51815954747303,363.16690531319125,186.49536947213795,231.135423266658,4,68.69333522802232,857.6351015351772,17989.1857067385,923.2747723727689,494.74165727240296,486.8728800488727,959.3640905461434,12140.373546263925,509.11921496504,626.7331681247447,0.28952901005553794,9.29808133067258,5.650752461572578,0,yes
271.26394548003,186.96860546529737,133.5905107049382,292.2398240751686,0,35.949431987177874,698.0704274100322,17414.339600103653,953.3126852191168,869.5908927237227,64.48302897505516,955.1838054182956,12608.920995953808,880.4046828407214,767.993083747945,0.19864203426067792,8.979275088536866,5.997098649418127,0,yes
250.16438928624083,321.8062821263988,397.26124704598544,212.31594491534784,0,87.33426811187306,922.1748967489718,19831.076668434427,950.2887322967819,43.47689257108275,904.374891354652,753.2903392538964,13679.34810326748,807.3350934158927,659.5737845333273,0.2931169222747422,10.237365292688517,6.302841518037566,0,yes
259.8985204367505,133.13806812094666,309.9433036546061,264.0308620164943,4,55.65744288234531,680.1872638801626,16620.38133989395,926.2740601724317,77.82313890794865,886.8755028024023,777.5344501766153,14988.25374999758,574.5304975770418,760.1064938062048,0.22377747629009037,8.57465723254475,6.758584089751077,0,yes
271.1040681790648,173.50364335131377,104.98253101929294,279.9319308897153,1,31.953605682949515,726.8669889571163,18357.03075471726,976.6653047301403,203.7565085950949,752.6505345226623,864.153978482966,12559.21487583562,121.6151133778748,678.1424682044467,0.18855044999676246,9.460186125009432,5.62846256775828,0,yes
213.26348046515773,200.11358135373644,110.26576414451876,221.4050779545376,4,75.00512603132184,955.0967024088791,19370.07462288151,911.0675327828691,858.835498075714,64.55000270158052,724.5246867985599,13754.124816660707,860.4265659461113,612.8089436785415,0.19864641879359912,10.009020263366944,6.333008361363329,0,yes
277.16804164075165,343.9447372095219,260.2626406720184,260.5461403258802,4,55.90878509000855,793.7142699196057,15557.445111197922,966.7331414173705,705.5167793041805,252.50819609063672,895.0953429023858,10140.989892561614,310.08284374854077,616.3378387114105,0.299684337315088,8.073852479687003,4.741062017480604,0,yes
249.74771647583063,361.07805319038596,237.877328902594,262.07852020170805,1,34.531728646961994,742.0864772574923,18025.667956453934,957.84512583794,674.2901853766848,279.5241634841087,819.912126774128,14853.32665903796,495.07736067933587,639.1386005635601,0.2842107300189449,9.295270632368185,6.672321008828412,0,yes
250.89459347284503,200.1069809264278,371.47706328109024,274.41784150177455,0,20.664910659674007,673.1031413011625,17602.243017374825,968.1785923994017,169.23349612273105,760.1504900100418,764.661779520453,13360.837817264852,380.2533388602607,707.2369992091394,0.24341243854937641,9.069796534150692,6.012892915549236,0,yes
298.98006545692715,372.39884929051374,108.57347454057025,226.0849144290787,4,20.65033633939229,931.6136764178013,15739.041907016108,952.7866294271525,779.9496328738796,205.14354261988387,898.2816674522658,14446.124889116494,377.2634778577583,687.5431782449094,0.27216807408992416,8.193846047646966,6.504336451529955,0,yes
242.16604569296044,158.57869758206587,191.94349510828567,233.80161626301972,0,40.75651665767907,655.7509656072662,15115.150409331634,900.4363524637673,47.499797647684474,854.0537665350124,867.9924534147895,12734.599686321224,240.04156560503907,625.471401910718,0.18419272736229478,7.813162047896999,5.733102490473396,0,yes
288.4247267373069,261.81138699177427,124.89299103791666,251.40581455719268,0,92.93545058202798,806.6738687287134,16298.975918983295,901.1001027590422,354.1759991574772,610.4991505191483,726.2254046124489,13464.905658955471,583.9394735568944,717.7382544002173,0.22801028968644022,8.438510258615525,6.126859795192461,0,yes
253.26654562151762,366.617691910525,210.7937718466047,287.5429731050863,4,63.56430153917603,968.5640936897341,17411.91026528943,925.1813052308283,714.4137075190395,270.7054828429525,919.7217117216735,10023.154529511761,442.2259419488259,770.7810209038281,0.30219695839786614,9.034962494610102,4.780742291236817,0,yes
259.3485850700629,262.6467126851951,362.0468029993112,282.52297122732745,4,40.98043403679041,754.1051293229805,18548.859210735274,998.5380198397975,255.5877343028469,712.3334210899749,914.521273288869,10878.361783251199,618.435713932407,665.2817051129464,0.2877856914709691,9.565156520789458,5.174893795648973,0,yes
279.7779182529937,202.09038712212515,180.87153342600254,294.7655318898369,0,27.531857054733013,871.7682785343467,17769.266982896253,976.3584858041179,915.883258808637,81.99784009935206,878.4155904631109,12125.635326902295,877.0835775759166,722.2216240784071,0.21467215768088338,9.198613659959378,5.774474557636162,0,yes
273.0965692440982,232.91617409297004,339.66670155545904,280.98006851518494,4,58.12231414065658,974.7971602319416,15202.789890645097,958.2178286737081,268.9845905098454,661.8926226718831,994.1579543375424,12127.568251315424,126.11821057822183,748.4742045898333,0.2750032814480485,7.936374583420236,5.515396924037199,0,yes
273.48973684026646,130.4130490460572,182.36006320751903,265.47237963145346,4,21.822313434450056,755.0354693763792,19179.287799115602,965.0596353861816,618.8671083906274,380.7745438818589,957.598588573483,12585.401211841483,214.918864366956,611.3755200313364,0.19492657737492144,9.875942901496831,5.7108721670830285,0,yes
276.99941076063044,267.91609922685416,222.0612289344773,230.51227261654907,1,61.70916634110624,833.8514989145403,18158.813765566316,964.7885149425791,11.61346101918596,928.5720704784534,780.2799359587684,14899.217209023835,381.29341616912706,605.3829059547276,0.24433362053040428,9.383249254327676,6.623028879078696,0,yes
299.9819990271898,218.0807957871164,164.26127933878644,230.35792985135245,0,60.73506301122953,691.9900393758329,19827.491547185502,944.7452776752287,375.7595670894189,544.7685571200791,757.5795355968405,10743.873066744583,753.6172976008158,737.910036102185,0.2115981297942075,10.183336604426758,5.115467492354391,0,yes
207.51929002159352,305.8780337170092,326.160319308711,230.51366119030064,4,21.404924261925107,777.3499633107543,18450.037468242717,984.2726577245552,713.808479794563,265.5158723046485,919.9412039540474,13899.819626915589,741.5284519524877,799.6842676026772,0.2784905239336924,9.518928591960533,6.454277378952577,0,yes
263.2537905036358,371.472060209197,327.60471727569325,292.1221383493999,0,73.63637690774614,884.3372885043179,16705.936437684955,958.6521210023319,159.43855249907116,814.1284355651361,791.4472658744048,12633.558135323281,423.7342157932299,794.7381000267369,0.31494634465126925,8.66734778985224,5.76779919693024,0,yes
202.43365401566052,355.250061884002,140.40102287993756,285.70125542890696,0,78.51852288540485,987.6141351309782,19428.32240626314,943.2728229515182,664.281809461042,309.6442220866559,825.6491526472503,12932.625201007952,233.29244139105168,747.4345956045667,0.2626623249901946,10.050041284717246,5.818672275527878,0,yes
261.2890648695577,302.53170138111886,184.18105810985833,264.49484225070444,1,93.17466410299537,968.9537630933928,15756.375788988878,960.4670952030432,567.5044181025004,409.3287085463129,830.3062779127071,10912.458257617329,122.33521030468691,605.3476276714933,0.2593683793901058,8.212132084604145,4.949797492491185,0,yes
227.04186565381508,171.86530426149258,102.4723570740544,249.79328129901725,0,66.3269396015704,611.4965115407015,15555.111384021255,995.3685014808324,679.8414959118937,270.42798127820186,724.4414889519051,13536.873757719492,549.5182788796917,738.8002232228755,0.17611475039245045,8.036551060913435,6.141970776077187,0,yes
254.9066394015542,313.4846494790503,115.66662023561811,208.8134798889119,0,75.94389011790383,829.6072941156797,19358.906223509948,975.2418899390109,713.5233492057597,194.9988368488173,787.6019096787087,12362.71173323959,188.65813030602467,712.5284886788269,0.23193624580380892,9.983786586785873,5.5440267768936335,0,yes
261.67235015297905,281.3165388601527,269.450997331076,255.8111155634067,4,42.94817668638106,874.4989456214741,19497.971400812094,995.2202713099571,308.38121183137144,691.0755046361228,793.4176089741653,12039.995969213078,112.71054320416978,761.9484666979885,0.2719333841366778,10.066196015682086,5.405963027283693,0,yes
217.37089479529018,298.92230220544263,188.59457038998008,263.45611196040915,1,89.47208971228741,679.6886624516305,15654.582051731193,931.000102130183,838.6388404462249,118.74268418122438,796.5630608068055,14944.257752455009,407.4301121927247,717.9753106074456,0.25258358659394076,8.092295700395379,6.675157865106606,0,yes
288.65949186370403,156.17435500286086,146.84175210391487,204.0879246824943,4,26.753913315017908,831.8344146070356,16565.627318844672,991.1865628817395,779.7234874751729,215.38235862630825,762.9192527867572,12396.50849248063,879.1285828819077,742.0870455211954,0.18839153869317785,8.589854546451981,5.839691246284563,0,yes
231.24558974837697,286.3467275069472,346.5837113083651,290.15512432707396,0,85.88044068140883,913.9583532445299,18608.409294020683,922.6405662314771,603.5874916616997,300.42747326119536,732.4633525887936,12351.238545853474,622.4148398454198,670.2489343135318,0.28179154006266005,9.620365891802404,5.6846979968554,0,yes
263.4446842168406,279.32656252826104,139.12515683986277,281.4257657472925,4,39.957742301461245,633.0569355058223,19223.97227702799,993.5268076758477,126.22497890720358,830.5732292604499,800.8052292149541,13911.207573873278,462.5466278963777,739.7473826961959,0.25004354301170056,9.87541862500938,6.288485506890781,0,yes
299.2443745737639,230.10587569329627,230.0832490053295,232.13439556195192,4,79.0788828002145,771.7069453406568,15619.129791888483,952.55498537186,472.20861431359054,481.1812944598501,833.7667814158016,14530.726656888424,794.8786236603478,729.2616444762091,0.2481406010645521,8.097841302653313,6.680550853859848,0,yes
273.96681185084003,224.82306210233025,297.853252417995,209.93596212994194,0,48.69966987703789,650.3382515429969,17247.299978957246,972.796481260611,258.4936287001999,709.8947725350561,969.5844898109265,14190.159637787834,817.7704593409728,616.2341774250359,0.23212027628232987,8.887982759764467,6.595016325751578,0,yes
255.18405099262856,267.52425187526364,289.8200597787046,230.07169674081567,4,52.835050252988644,784.8947434989321,19646.06211750502,955.288610213874,534.5189731638385,436.1238374584884,878.2924118554436,14691.372796924868,633.5747676540917,756.0339416416639,0.26576435953783023,10.114617772586257,6.704031155412197,0,yes
245.91528235023966,347.6890686041059,189.5074220656366,282.79902099019375,0,96.61590388618245,866.9781235976823,18396.58256787062,982.781611230761,141.8051840252592,799.9143101980764,757.8356063070032,10861.05130832439,660.5660407800965,649.3097365161408,0.27664601296318786,9.512078175301868,5.116444678936934,0,yes
235.33966968251403,357.2427598225471,178.47160760603003,213.98505763822422,4,27.337820255393854,988.6490769634586,18424.394360065366,935.9764537072263,46.205497209327405,916.0358608838442,861.0069800190345,10255.856894862705,470.93331919468955,759.5063705389496,0.27045155216496636,9.547314660005794,4.857156704955155,0,yes
261.3847452469818,173.6462694499215,107.58826108262184,201.3569357211617,4,25.140748408702393,680.6676736245375,15732.709225405817,977.9942930472027,489.8973552437531,420.3596087248479,937.7535142419559,10030.348817008111,869.6452211298513,731.3313604125055,0.18332749730816375,8.138044145068072,4.94626257633989,0,yes
258.34005304524993,199.78317947715908,229.116300949527,273.9626899221611,0,72.73712645227579,642.2553510690193,17295.22234201098,914.8202211432789,699.4681213355086,265.9941922242705,778.5754831422192,12288.3476859885,687.1897055790531,632.3057015129538,0.2222065142771661,8.90221350178118,5.707351134846566,0,yes
225.4684247115005,366.95384926659733,175.90407523478314,239.6017094954952,0,84.28462331382833,973.8955839968678,19000.394565125804,930.6405964248213,384.4573518423223,552.5944261714764,914.5100624065348,14565.265049251197,656.7706348915974,762.7366702039081,0.26885736948423716,9.83117983861847,6.673621395493983,0,yes
234.9716829723556,356.9623983990082,208.36919460570357,289.4009243301673,0,67.99540903586252,926.9060758352163,19972.723940480642,930.0379644710647,134.19189136262275,807.5986303189568,757.385287942965,10240.69632427664,324.65588625920185,719.9357514094065,0.2804660011705025,10.306487975337095,4.74306737587708,0,yes
240.78717432913797,376.40410597717954,268.0971147788847,239.53680179076787,0,99.00665969572447,847.0766898374516,15700.01603959755,961.165257995505,100.34863349036596,811.2042002757613,880.1136384352392,11695.944904339722,848.933510201998,741.0717406317394,0.29485003932837034,8.156323059823121,5.5826292162266675,0,yes
223.8966622134955,193.3547087352588,184.37841628139876,228.36459031170048,1,98.25789184870467,708.1961784134955,19719.693626202792,930.0204819313456,35.060212097279866,938.4424957364238,873.5059735036525,11667.400590545622,683.6648291974515,701.311193185693,0.2044240367982418,10.130980891909823,5.505708613570708,0,yes
210.02332646751054,144.87856216818744,189.640478376929,213.88690516792255,0,91.19201284276245,654.8760949334564,15433.940825602069,966.9419929044819,607.2603895447594,339.41597203497895,986.7653272237895,10617.522900452055,887.2176527738102,639.2344546392824,0.1765502397659037,7.981486224658157,5.200627520852994,0,yes
209.4774266801801,198.0540205201657,227.34998410359208,270.0868998471919,1,96.07282615164858,717.9110618365801,18056.42029078001,938.1447814495318,467.1035607320541,457.92030117065895,763.987268141404,11176.265020261162,146.19134235141695,636.5911125665697,0.22114729688461968,9.302598676480299,5.035286349627669,0,yes
224.88945398243544,328.62863033707026,117.43638943113629,275.42178393623317,4,29.15766460406367,753.4370294447043,17020.35656916718,939.5599043259061,809.225142511371,170.48990151475994,742.0402693969418,12262.858829021254,384.14604072626094,627.9088103187038,0.2579948072321618,8.792613732523607,5.562718533645304,0,yes
251.76091584850784,166.09004598998808,133.6605693965451,222.4094031166879,4,59.98247883562839,700.5554383034362,15845.180346843905,935.1858106353025,696.2614399337359,254.16206760921057,928.8123449892562,13898.420491854744,531.0574931027928,703.8397602031885,0.1928918720960213,8.19275115026251,6.356347815725655,0,yes
261.01188334203965,386.29366537453205,150.2531023946271,224.04397083635087,1,37.50605759977289,604.9162499208253,15386.723212231887,942.1994023972265,495.9885608177455,503.8639187658271,966.9874831390574,12755.038517671674,547.175399836065,601.623950798785,0.27096368184956776,7.943586363835199,5.914143543217605,0,yes
251.69791262652663,116.07439167472077,373.4410567529301,225.9965078383351,4,28.006931755602107,695.8916248245758,15517.189922515281,994.7144289310239,107.2371915454573,814.2209956041286,780.9806349856292,13538.981679714501,402.1391975040343,616.9473727869663,0.21753219459061268,8.035943376023205,6.086494760189767,0,yes
221.19159258982174,240.96537771027624,100.46302538428947,264.81983320436467,1,90.35149116133124,965.772218681413,16604.568264186935,988.40152464083,627.6097878461791,349.65669024291094,896.6770507533644,14652.971774325253,421.0056157309596,710.2804222527733,0.2126402579729768,8.639357485650786,6.605846538021346,0,yes
272.09228284672145,317.9005054378365,200.43497448087453,230.38576240053717,4,77.10266461031877,644.0248248742665,17038.88212039545,991.491986618359,215.7128005982321,739.7775547307525,728.2077145122145,11227.938316732281,126.86182628277045,765.2209613596514,0.27329089962444103,8.784983368003246,5.055071660155824,0,yes
228.0518961273968,388.9836155106482,377.2547593473404,218.28892804033418,0,27.125454404946563,637.827700880658,18997.30444300745,960.0944569273643,288.6204430682218,657.4013502240015,871.9566640229577,14881.6574306772,347.6225445660956,657.0417068729613,0.3068179317792795,9.758501639067683,6.646762982851421,0,yes
236.58559862006504,355.3351850574743,253.2866491573001,287.6174846322469,0,30.711379897933007,615.8050353086442,18976.45211089458,984.6576539290251,609.8621222949644,293.2275905525537,954.7468450627251,12933.585052040198,347.4437209214967,670.5194856315351,0.28395941685476844,9.746673136616552,5.89647093450736,0,yes
237.58610459351036,149.78777048340666,365.4421768276947,283.87417888597605,0,77.81544843539254,850.6923933233311,16134.263894216985,924.449960697649,784.7387554943202,140.64354503507366,717.7956447464694,10055.240188299917,484.38887406791326,652.9390359511001,0.22947042330278217,8.36921725357767,4.705868849513205,0,yes
298.4270272292355,380.7295102873709,106.18154107435927,228.63889935061707,1,42.856263193064386,931.8232074187788,18787.131689730595,937.2818047433485,867.5462735620289,86.28480390279628,788.0585519325565,14499.547169386866,557.8109023128345,748.8884679878065,0.26625340443802425,9.715808049253527,6.557633689615534,0,yes
274.2028557392022,148.3437880986811,248.46237090760076,276.2478935587189,1,39.034423452653115,932.2169152552731,16375.728998207278,975.9438578853386,265.1521555310942,649.4458066508819,770.7100480404176,13842.440828488783,780.5646416177357,662.9881805072216,0.2077278575059503,8.515521796742508,6.360228495146467,0,yes
293.6708425846125,349.90263511210645,306.6458383974498,230.44643893515976,4,99.53758598949558,763.9970672284607,15407.08216036047,929.8943763502973,713.6651511807029,272.951979375581,811.7842133940215,13190.554361822242,101.83121954917968,791.2628666049764,0.3129006801636523,7.986993118413997,5.8713120792617115,0,yes
269.9967619935099,287.70303046181954,177.96284293359375,201.1804047590578,1,49.377754583256575,933.7971108809837,17143.05726006381,937.7794066598121,460.24193704307334,495.18349099823945,844.1018950650855,11930.250659916263,172.9911822621549,795.5961139466401,0.235125749692969,8.89429017239625,5.40485312148694,0,yes
262.9121163438326,321.812389564555,145.69835623419476,203.32443198866207,4,64.94660556533178,907.1369196471394,16706.567780959136,919.6590810074756,676.860789608113,306.10178855112747,895.3576388052896,10093.696559755275,400.99402187093204,604.3633316635915,0.25580592505754907,8.667484984157756,4.7604967331833965,0,yes
296.3746909738002,237.33539437170984,350.73274330384106,207.89544575996584,4,57.314422683047574,744.5741686312756,18741.504109291232,966.239420359487,882.0211420435345,34.60093411621904,941.5295966322108,14939.652040945144,351.10884469139023,665.637189280347,0.2672144580273852,9.654896611104368,6.6962829169852185,0,yes
236.24872491300005,248.89540633985473,145.24186589411897,211.81242051617355,0,40.483084181902946,603.3236398051556,19646.914339401414,902.4900614950551,58.658970173436956,895.5075294936336,827.2182531083246,11778.810405922277,722.2640508812012,739.098134385812,0.20579907183149798,10.06790235580085,5.549530271067612,0,yes
255.57364142363227,104.33640108869832,386.90116077414564,227.72659323972607,1,34.28181828643615,670.8159579536233,18608.552275665676,947.5949665388205,286.2358428173313,695.3007307533371,764.008599668003,11926.61828621656,562.8177574540014,658.0607023801097,0.205153781445426,9.569614368793063,5.512678354929293,0,yes
228.40342788108714,111.09407449521316,321.6360096310664,230.69466706791877,4,85.15135898307801,962.4052542502291,19730.663743799207,909.1316969329489,146.80969029899686,813.0224385598125,745.7396662936143,10737.30006564233,512.474493347599,737.6498188759978,0.21035813681774584,10.190728957123953,5.017007126481447,0,yes
211.78498187428576,318.8629217689105,212.0105932440028,249.90863127171679,1,53.57278083788594,966.3720038380819,19805.475372990408,932.2569327211361,158.40832964172668,745.1307833729269,794.0237295729607,11690.991859522137,788.3083620288282,768.1936007861968,0.25731483008594347,10.232210123769834,5.524475659619304,0,yes
283.1909542625557,224.05981133020174,295.20873038024484,221.77352514070742,0,47.45053631725579,830.6809312095569,16422.785070154405,921.0770833612384,509.53622330600325,419.81783754551356,881.3042665176094,10360.84037582204,457.1623900831232,768.4232816282013,0.23466464223694147,8.508518565254695,4.8984280223217125,0,yes
265.8350175862025,189.14413777455977,220.20738110608195,214.52757243184396,1,26.63659939512735,756.6549025047826,16395.82114847125,901.5580619144304,881.0627660697504,107.66473968320497,790.25002343615,12728.828383737578,875.3816736095197,685.2999832523584,0.2034356734948479,8.475861048519706,5.973660636685191,0,yes
294.9225209790346,356.1794700702725,362.9645491797472,262.3200740718367,4,36.74363226996263,857.7624477928432,16267.774913283127,970.5660405420324,462.30751385858935,477.1475879114221,816.4154857048276,12310.25536787187,486.8014793718893,678.8650125902616,0.32531373158530896,8.443906165185394,5.653622034143087,0,yes
261.21020609242123,219.5677871342627,172.50171140531447,260.78974629461345,0,97.28502986893417,617.6595835491463,18022.112119193233,998.321263229321,927.3723818517201,69.18708782350654,955.708579156075,11006.082941316856,347.14346361535513,606.1893999082382,0.2196129348760237,9.271801524214336,5.130174512620771,0,yes
274.43412402470966,391.66236318173054,121.09217773314089,248.93712714966296,1,96.03025389454899,712.5876464218034,18317.812529288003,980.4894435302963,914.4243764438047,15.629467396270343,743.6706015483309,10834.694887729738,473.4002040201353,787.4683295889395,0.2813140983977386,9.437957080055668,5.04204949759508,0,yes
208.23576860174376,385.86780315017234,292.641818418927,240.85307566912905,0,60.843926904081,721.8145546142352,15918.77105524044,989.0624600936405,231.81806962934922,702.2029845258754,801.8901218819558,13037.685895119444,506.66951847682355,731.4780975066404,0.29489797689395086,8.241657735765704,5.952932865086688,0,yes
241.06968870593957,343.684206223812,101.32070171945506,297.3987781230645,1,55.38154656616083,627.9881304854297,16601.5564906308,942.9593508290795,385.78643038211135,594.9393412003584,740.1896035456957,12437.637953482134,609.7883149358549,670.9107461115356,0.2585294932340158,8.55612544177151,5.727921882532848,0,yes
245.43483344494,356.8812831284836,299.4678851604026,240.5766771490713,4,56.524758596521856,912.4501130718934,17976.01961253477,992.0782051781397,168.7900942897201,821.7671759293872,809.829335228514,11713.197424153046,435.983623103375,648.3227673903186,0.30476880149812396,9.313393433920828,5.394877644364607,0,yes
230.62756789664277,390.9763697616512,376.2618710284866,223.65132903043198,0,91.32691318401348,763.3218958277837,16316.843939161845,965.6059969721018,314.3605192090271,593.3636122355897,723.8422268070957,11729.082729892416,658.5337213955099,792.4499038070111,0.31688515137507123,8.44663444866779,5.463539367472684,0,yes
278.2033947208227,365.9419948550034,360.69226511026494,202.76576364361614,0,71.21757622532553,630.1539741024956,17944.717617218557,945.3800821557686,206.86262181285977,772.0567746326354,862.7012212174263,12529.501866993212,120.1670320197203,639.9300349063735,0.3030687219017192,9.228510421139523,5.613510615095263,0,yes
270.2191712858165,193.97133265667048,315.58218645422716,253.80229335707176,4,69.1258822866412,631.6930772367679,16687.79583940887,936.2278508480509,192.42244283177803,728.8737123599471,799.9645301002652,13769.688409018605,173.12064433412235,684.8372389389932,0.25019195895962854,8.59912815609685,6.103640003386633,0,yes
298.23686521776125,160.73712527262103,327.02643340667146,288.51894331176516,0,94.81592628094734,715.2892638481557,19434.297240944445,994.3013197471118,312.1212818221375,635.7045750043558,843.0723093220312,14375.187554620059,429.05145306925164,726.44482075783,0.23690997370350703,9.998708703210994,6.474587947097066,0,yes
209.26054182824168,244.55014752947085,148.88300050577243,233.21719855294305,4,75.12323998378281,609.0736040411331,16480.696896949907,969.5486712056319,517.528920584028,396.1562537171984,867.4817310997521,10699.539323644103,447.42079286261173,708.9656418489196,0.2260165210506705,8.495242763374145,5.014449000165341,0,yes
261.19166658265493,105.70802852249456,227.8994488695925,216.02152291126941,4,34.01823605992633,929.4513338985159,15000.739321537161,997.7523197354733,789.0993452460376,180.39291070187812,754.8982764890031,14654.866969089766,190.13067317536292,728.2381491629077,0.1842386037904764,7.830417042881823,6.4588447254274834,0,yes
295.3843374255501,245.49175858944454,320.781781032853,262.7638694368807,1,90.6357881508973,794.986441279197,19123.20451239998,949.7433811196341,130.04566659023027,857.4207199545956,941.0150506630853,11985.851589961285,647.5712146348328,685.343548892046,0.2675245499235408,9.854675123937678,5.6454826976965,0,yes
234.68534570473258,335.09535514873085,343.76135586562634,211.61078363497285,0,94.12554980091133,760.9721144904147,17503.046906135412,913.4702422402299,556.0644173587348,423.48712832806245,845.5210390623464,14094.722540059704,764.3969663337919,726.3251637523515,0.28648916843412076,9.03205703670775,6.501879574104359,0,yes
262.16416240018077,255.362192011793,307.3050293554763,201.4508382770114,4,41.371528647529345,694.511824158048,19220.472353656998,916.1356078048282,26.336422988969193,932.0005224066505,992.2073324591165,10605.273251864413,146.58755846140483,677.4533089535798,0.2581144574368656,9.876460235487448,4.908271438322526,0,yes
221.98352723925512,346.4324534493539,127.93146757768353,261.86750192368567,1,31.26616002095983,849.5210910494498,19347.300768082438,958.7456173606897,607.2242536467833,329.94354397506936,902.808071183626,10037.802550501918,638.083704320196,751.3323883184999,0.25240250616013005,9.980182049444942,4.848979422849329,0,yes
263.40307183781573,250.03563820365738,338.442331057241,245.12659496674053,0,52.74731702782389,867.6430191728002,18225.055860158864,918.0430058395095,725.1724960828302,190.8534126179585,937.4496356581037,14354.775685140572,108.40231947035184,721.9166826973268,0.25653303720870974,9.41755860800806,6.370955709916906,0,yes
242.61671785413895,260.46634027252765,232.1399451055356,227.67036568730774,0,25.243606260386855,955.9108160869348,19553.53560979958,912.9836997855962,642.0218724070687,339.2601408098328,755.777041817167,13362.046999610204,364.4699680921634,643.7762832940587,0.22986816391978712,10.101199295788271,6.002310625084193,0,yes
235.91853844766007,338.76751917310366,288.9214494768795,264.088473339663,1,32.017932541014325,904.7736863944466,19036.670823418674,970.250338934256,164.8924502860584,809.4044786015095,702.0239117052188,12069.692565476402,380.9467950828575,684.8009313822134,0.28383342177312737,9.838951784171066,5.474878832134053,0,yes
230.7137159003927,316.59871517459,285.86649369835027,281.9648011775411,4,76.47203493021152,935.9347087736624,18644.764433665452,949.3846888489466,488.848235467545,427.4024641602531,994.2924848290496,13405.835581908912,762.1788323011879,761.3661268090077,0.29486057130572696,9.64722682441084,6.280894741822401,0,yes
296.3903120098099,300.3642886791223,174.97030238818868,254.08147539151975,4,24.58286004644335,762.7021916354261,15005.317016625713,907.6802144599855,816.0260966967531,169.07979356591636,780.8497088217845,11757.767668500113,478.31307414413715,631.3483334546414,0.2623988270972807,7.782785469766397,5.415068537299086,0,yes
292.1935747026298,366.20609332994485,295.409245821381,229.24780116384812,4,51.781415400158046,705.9722230835695,16937.86856611238,970.7911168162423,177.98187969885063,799.4110100293176,911.695590270599,11310.259550806495,206.0644976777282,645.1166078243463,0.31074307530990786,8.745187633672614,5.180238335868531,0,yes
261.03874034945534,397.1588997087596,275.8430430575545,258.964641700827,1,46.098217914867455,846.1138090695621,16057.26690255097,921.408897899577,939.6751736194419,36.9449450142489,735.5732245604796,12701.887839169773,729.3751369451272,658.8806360520825,0.30849520523607127,8.329272168161985,5.877462385553929,0,yes
267.6154145857427,105.10260704216279,235.79552931653956,248.8878551335659,1,72.0737037229174,648.5010737490861,17739.45138934376,973.2376353554281,323.2579637613911,590.489252018568,834.0427262505781,14441.818629240748,191.53578588197286,770.1738128289282,0.18574532190517934,9.133718173774346,6.403762163979169,0,yes
248.22321246013934,147.0312151085942,399.7731318033535,252.46519991241829,4,86.02941017388281,986.1062093662756,15125.42224748137,924.8414207285581,421.4812212656468,512.7894485308266,864.8399094680217,11285.016253728261,393.45422320617007,621.1343894487441,0.24732959183361913,7.895715330583588,5.217279894103895,0,yes
267.23012642581426,253.71731493766973,327.60873038271393,246.31460675785172,4,46.88909613910738,971.0098631138164,16417.852025834596,914.3646359583057,346.5653523810264,558.5675232049296,927.4963214817922,10816.505093358533,758.1027785395424,793.0983171085251,0.2718245224808312,8.537016881819502,5.219530798674872,0,yes
285.2441735340342,334.3796037535702,254.5986749951302,298.31763511034865,1,82.59429845430815,610.868132120621,19590.691327341,924.6774001139923,439.20483884203685,467.7124455814041,983.4749628008519,13985.652995324035,861.2018787076659,782.9744019036152,0.29465763699033437,10.044460927320634,6.549711002255222,0,yes
264.10210663751764,215.63391348699002,217.432616444897,260.8595234165542,0,92.64897115239505,630.1478148941718,18981.810305586125,984.2552849208347,546.7080011207245,362.33286661813077,795.5290084768249,11094.755015296783,106.35059377998317,683.1661623814333,0.22682231118325966,9.752418525062913,5.003289712112255,0,yes
227.4646455120341,280.4236487681967,215.3945686309599,256.0963531398386,1,63.80013914209785,726.4091532358827,16465.524052426008,905.3711424356602,764.7744441387885,167.26802289896648,778.1585036440798,14230.97965698141,301.33915803351084,683.6692863871183,0.24711888484968875,8.504541113285958,6.332039396890411,0,yes
253.59218734792,142.31622571009717,295.49869582662427,253.44481711219726,1,23.881457895639606,882.3940493229338,18461.821345347664,974.3539708019096,670.5980448905818,290.1919564201985,715.551273882313,13946.358982770913,499.1685129471763,644.6123659958353,0.2056512085306024,9.547017092472286,6.271103568342468,0,yes
296.88516269841574,160.00858136347213,264.56527311644146,277.2267534021893,4,98.51190718841508,789.1069840829645,18232.483991731657,970.6574393604574,523.9815914868227,430.60871786104246,881.4716918428866,13642.78134731956,403.222751911323,701.54950812109,0.23816141238042046,9.410886564129424,6.184293154599611,0,yes
213.81646746160766,157.73039175776398,278.5732433329913,214.4707463529653,1,68.41877041103501,920.7301636431228,17308.187302693143,976.5680465974922,675.9775948714683,265.59749611838254,897.3299259958866,11061.495557830194,524.7423013052917,720.3437294313237,0.20120949016758097,8.97921557370129,5.207423888294448,0,yes
247.25574695997088,350.95838038135616,374.08583758546496,284.2306093906001,1,64.39701552963541,978.5253243582547,17132.446918931277,935.5911771381114,882.1402837100311,115.95109053727617,730.7604371712082,12435.9056979596,410.1112250213684,738.1485005763998,0.3152738305795978,8.898951695347689,5.654871467644888,0,yes
200.44884877995506,323.0109604692749,200.0188682732801,229.75895256729325,4,20.665005591669416,648.3485691867023,19547.57793000143,916.8942829298643,87.24593435784332,823.4544424762872,864.0699214640016,10157.149525013998,674.3915483213062,617.1214227159311,0.25897932069677687,10.030004836641554,4.874450944460526,0,yes
216.32848373807045,216.19039168373922,148.6166479993251,291.78178552272243,1,79.78771576511369,926.5694743291605,15717.601661260609,902.1872737033242,767.50439779999,216.42993416926538,834.468816850328,13265.002317036447,348.41532014548886,660.4767655780485,0.215810933620855,8.175043465636104,5.991104056576389,0,yes
210.98211682709422,260.735255175574,176.4186324221312,217.83795700139618,4,82.0603475658257,971.4345884078039,19152.780819982767,927.4464462242561,440.458777699977,499.8903094742075,931.3355766349267,14559.791336993976,665.254788380797,625.3016176243897,0.23601140176877533,9.906368624258274,6.663886782470989,0,yes
266.5715007095312,231.9994739674853,242.8452438702969,298.48986002431843,0,31.442126186320827,777.1524824545638,17073.210556573948,970.8549072858744,487.4839942349554,480.0850067686208,994.1219524147803,14500.18380423029,161.16975130454776,747.998774043544,0.23859496824739276,8.82861548883686,6.483432709801313,0,yes
243.206830067986,343.46587086489217,365.98028678860203,228.8124638394596,0,43.93431338798197,920.9376932665646,19326.291520808714,960.7677995657416,586.964969400295,381.55852392497934,972.9685209988515,12594.159498175892,113.14914916200829,669.8295764790762,0.2924880809926506,9.986133621366095,5.683157699936172,0,yes
260.92092771385416,332.7253113762488,331.4018548074147,211.14642616832896,4,28.757853278650522,843.2956624794274,18918.007697138844,964.9845290035156,750.0329520991547,157.12748250584582,991.8315660107367,13677.531882921827,389.2448243572995,739.7626644745988,0.2940756232253147,9.764995134389219,6.235302385838917,0,yes
293.8303478653734,255.7850451735845,251.65418383943322,249.51191302781896,1,61.13467346294907,934.2401993059655,19816.585649771994,968.77714055992,585.792415674898,342.0511425567987,817.7835105076135,13258.978343675233,574.8654522763698,659.3101327735576,0.25125963754935404,10.235422340948594,6.064722565173986,0,yes
288.7791288549115,382.98085387091044,100.68358695645286,251.95950861657664,0,52.094097341268046,924.083592995478,17960.469743993315,944.0172079295156,752.3103197813799,232.9798433730051,945.7516976482545,10445.63695918841,548.7191093696317,672.7794015822308,0.26665682718495426,9.30163497027208,4.989796198909418,0,yes
278.9895707100997,167.37333956769243,210.56754320295622,240.96994160500526,1,95.0184698811143,719.8503564891539,18649.819415858794,976.7294672579637,630.6943783169464,364.9285931307686,888.572241152835,12208.308379986018,583.2165124597202,665.6152470679369,0.2083496682315294,9.605041183995812,5.686283440513957,0,yes
285.94480392341205,114.40098517299243,161.43610584110974,248.98614987910253,1,35.21844632698788,693.9455608598641,15541.632638979803,932.934715549315,907.6224768270082,54.178292402766374,966.6413432498684,13759.21383306823,899.4692606039428,641.988218289502,0.1723005605153595,8.039215608137358,6.4565975748723226,0,yes
206.01050462425468,131.7102193888917,263.34571213065703,294.7785195408022,4,42.14567036060756,969.0615245801619,16075.728400454134,956.4955808076447,135.17654189330446,835.4442123281401,851.9633838131476,12277.455779764461,729.3312000107828,754.153176659385,0.21152967460154543,8.371285978155116,5.765982104938389,0,yes
279.61984338963475,270.5053455803393,179.222515684997,237.606820945826,0,52.727083087342024,979.8132096132414,18554.67683244717,925.0842978552374,645.6904598871957,279.19916483939005,865.6581097610108,11191.52302468054,788.1642972480032,621.4649169155075,0.23342322217731076,9.608923739169343,5.3368516685528915,0,yes
259.65924565280767,386.7750319712401,376.81013054877326,295.96040704728443,0,69.27313681697063,785.9243968457232,15671.469627451967,971.2790620928475,738.9195436654849,247.9677826933114,933.8536023223365,12986.274111231685,774.3534796274847,639.202193978514,0.3306729271520254,8.129756157976379,6.087362953295581,0,yes
264.55665058405265,287.6525369629939,316.0350307754578,250.5943693055329,4,51.71381354803685,969.0699517376479,19448.391902826475,960.7674493447565,554.0142396505344,356.72700417568274,951.2263552158608,14298.807897627223,758.6594551915508,755.1010284012384,0.2842079472498628,10.058208279355252,6.617863108021504,0,yes
203.58399395593807,211.1497986880036,185.75716545818244,240.66423038490765,0,64.88275169235278,765.7483939226255,19542.575682588606,947.5925958761494,561.4732240166503,349.14117486739985,836.2738285729102,11099.710984504929,677.3743378087775,645.1639267226749,0.20351679488714508,10.05755795907158,5.24520467500521,0,yes
264.4002915018489,139.60753015877603,320.8384838909594,229.26591157263513,0,37.40363016448158,884.8208630042443,18183.324130174384,938.2977124414087,527.7003356950888,447.7467777199995,891.1672511483347,10191.117474188073,105.12185027064085,746.6119560773457,0.20386653252412024,9.403352082752422,4.697109152327152,0,yes
261.5249088594968,259.64527478930665,183.8920061496898,243.5403328882088,4,26.456020395527293,964.4755618955805,18531.40248073998,996.6564320973096,719.9380393069371,221.81783371232996,846.8690533231745,11548.449202088334,719.6621977694197,769.0551256613795,0.24160755355190525,9.603621560225417,5.466482846090109,0,yes
234.56025732802223,182.89204920823784,156.1337423427763,225.1544875674095,4,21.544965855048,752.1523593540916,15494.487429166744,908.8626566941522,165.944992872789,813.9064553081103,756.3705635396145,10725.418932980621,100.37639538188117,691.8072126020085,0.19765110677296302,8.025192511542121,4.84837093397371,0,yes
254.65089672594553,138.29229622362374,205.7515349355827,260.2004480889022,4,22.214371296474653,932.3154425546061,15088.258495661457,981.1535792804682,268.6564052329325,717.3307489056465,921.040797456364,11934.720416882928,625.6295031885413,787.3940379791568,0.19936772039388279,7.872529719547555,5.62159583163715,0,yes
217.83868470352226,201.61297879784934,139.96590803513982,205.88225883595638,0,69.44104386801092,975.956749374617,16356.660966845204,983.121009084512,62.3327500829701,901.3197431909994,963.2681358054117,14215.149082679123,360.6267611604459,622.035459682725,0.18595966103549813,8.517016794439366,6.419731889902916,0,yes
242.06586456071557,322.2796831511407,114.93902509044457,219.74552896053132,4,48.678032813577666,700.8263084769293,18894.35823741726,909.9557627955047,322.7209902492761,606.7691631214391,989.1663730181517,12749.369000061448,612.8912100271494,729.3544433362631,0.24844399195218406,9.713947150423914,5.954102772889758,0,yes
235.72897928251675,257.62583342112873,182.56182031395923,266.6680567159042,1,37.393702507615394,690.0704623034824,16865.876964251755,919.2562398709034,60.660578583030194,870.9601541247374,821.3357844476341,14567.926480930153,576.5985362214972,720.9095001504191,0.2312724060331725,8.69861355858222,6.599050188666288,0,yes
206.3771428940375,289.8826948635958,186.89252547849048,203.5417424129585,1,34.318466403334895,816.810395948638,16645.9295760055,913.1905546168231,173.44005155297555,742.4624140590963,950.5677071917606,11194.260137340307,765.5160665238036,747.4903564768058,0.22832320116702606,8.615904091287707,5.37821652966578,0,yes
296.6151214369969,291.3135227819485,377.46151944691115,232.13476339720603,0,38.54440818773615,703.8627732672838,15624.370823575387,967.8927775855067,114.73086841061992,812.8334854550526,986.8163689934269,14310.60106948404,102.56866296421619,751.566995053179,0.2806705539028055,8.087574368405033,6.3762107510396655,0,yes
266.0405195166559,209.6807157642146,244.50975745168367,282.2522044178699,4,22.00465785903966,659.7315850448575,19188.708301690775,928.3023083694151,758.3702506909309,227.33136046180584,906.2308148960552,14494.707262797481,676.130061914136,637.5071007209518,0.24149961056359773,9.85461872403676,6.640011643196102,0,yes
209.3700171341059,136.49040290788633,227.75592972847494,289.2246672982619,0,33.19356906202894,724.8587657397011,17613.184474382397,986.0444865590144,688.1235112981129,307.67981695957155,879.18399349839,11275.173226880273,619.5811019461368,755.3507099849743,0.1885118797830852,9.089117883885354,5.335703348108853,0,yes
206.29451681467017,390.61876453706395,192.53553432265292,231.5194159050267,0,79.08916104139927,709.3172112034578,19057.51331656186,907.5252104455467,507.00811598958086,397.00103122939,701.950769870612,14286.718185296068,639.4792001931496,647.8447990424953,0.2769592686830551,9.797061465813556,6.450570145312503,0,yes
286.96317716708717,254.8273409495093,296.10732533070643,227.98625931728415,1,41.87582163338327,662.1378423309962,17844.542497734354,999.8440842492253,357.7137398530293,599.1611474319994,980.158190935904,11013.947240309906,711.2932885270759,768.6051026810607,0.25217109664535414,9.192930770843804,5.30466962290996,0,yes
222.9542201462731,165.9312781709287,219.43969387123815,209.23911998201788,4,85.26932252300121,711.2859846258579,15309.497565096919,903.8036737084049,791.9784899018473,174.76682750742316,807.3217827180098,11162.066951456341,578.6293008503374,706.8411581414666,0.2068892585956608,7.922979500800549,5.234884136967322,0,yes
270.387689349814,317.3037616814172,166.63645043576625,272.74550330030297,0,95.13998366887664,934.0874954416184,16242.000180364717,937.73207003108,783.6339053700558,209.74555684410905,746.3919311218141,10341.89881887477,276.20060312510645,639.501391629776,0.2608169794771028,8.44382150585322,4.756306324041229,0,yes
274.6329440296814,154.51453064457968,308.5081882059471,212.53599171407737,1,59.93517694379925,618.6673741747713,15574.763932934931,931.18021757332,872.7848086693177,62.36706940053614,757.2230391416784,10438.405977231781,289.11548157731266,721.9262923805163,0.21214449825459702,8.039083924661535,4.807222426045422,0,yes
239.14623805030814,180.17912959997676,248.07112606063208,225.0096982063245,0,61.425857106059084,810.4140649809611,17381.862371847492,911.5155030367093,462.2785475979814,518.5838260333859,895.1701405550452,12644.630728446555,309.4792516164189,770.5116313297989,0.20451644942308878,8.982210583475183,5.7657881794737476,0,yes
202.76904012124334,122.93861094867428,201.1178078906479,232.27051900579406,0,48.346868779153525,842.0475341867582,16322.444068073128,993.2836958250914,555.4154442089977,442.87303215201564,707.4808356762529,12560.1592154667,575.0538555672068,776.7233943388337,0.1674442550031877,8.47084782167232,5.766398178440125,0,yes
235.5348799074048,326.9531634793409,271.7499421806082,257.66834074117514,4,70.1874872294964,732.347451374483,15356.257083547483,982.4670712894173,440.75252654011297,518.7381664649774,894.9604743165744,13327.364158929815,373.8141936208862,618.6907834778898,0.29113869591152614,7.961812320007133,6.041559372297701,0,yes
237.19429366899755,218.09578603596597,113.06325403462155,241.28394083292034,4,39.295255970320525,972.8900079265102,19477.05562428591,995.4790626647642,269.85538196937677,637.5910823845572,775.3463867843514,11376.519016352298,271.94959507197433,663.8810543463011,0.20890799833754037,10.07822085189778,5.171408993948688,0,yes
230.09280054057308,111.6780305567421,163.15427226178485,227.43232175432152,0,54.09225426662816,922.5028551385606,16150.385889670135,930.5088959083977,782.8279999587386,121.34443115331669,892.9805125305282,11405.982001538872,749.2182259526343,605.3391893160372,0.15855139948684596,8.394378851803475,5.413051496389317,0,yes
234.97944657400558,382.73702702887306,120.5408167289853,231.72415328084688,1,92.8815852665862,652.3829127556972,18048.884924852136,939.993548756718,15.99028934307529,892.869749321801,802.5428212908513,12285.102227998648,386.9043004964193,763.6162195197463,0.2688051068147446,9.28470398995818,5.605081886144891,0,yes
206.68197876120558,128.89266714673528,324.9481227065005,213.76627580025928,4,23.013317864238935,627.287495083793,18890.53501183476,913.8575539263643,557.0858057452202,371.848079174233,848.086443744671,13509.72682157502,751.4269023956126,738.5106061154534,0.2042009211458445,9.696475391116135,6.258365994549748,0,yes
282.4708643672729,221.09954608907287,315.6075892881828,258.60716371612324,1,33.79091792580593,699.374935240234,15062.802653028144,973.1110646099477,244.0412081525578,730.4089875450198,731.1602191807167,13241.405901708216,348.2054644689716,728.9376293623684,0.24711902780291642,7.806523859181704,5.947972599308138,0,yes
257.32740076405673,220.3215058825369,210.0297008576904,225.68153070049917,1,80.2760999616913,624.459404456002,19165.81227209632,984.8875212751549,264.1544009497481,709.7188032163401,985.3905689623725,13443.944705630738,262.09102710434803,626.5925819917725,0.2217681240417126,9.843268197412403,6.0826911829949655,0,yes
252.97507159442043,293.9157900614125,291.7980329215212,272.5033503507676,1,63.42183911242437,977.32425097835,18957.773131503847,987.868377960239,192.49939025710106,726.9012191379431,924.7097994152145,10161.70052855904,348.81414397859027,672.5808629348089,0.27425435554029876,9.818545653641081,4.778748694157432,0,yes
236.8672016207918,333.8743924516534,342.9934035781001,218.50497731728572,4,20.70118586492077,732.6883211917298,18455.847767426145,950.5450342787492,83.33989156982413,856.2985787251228,748.1928125858967,12813.204616857118,878.6509916739299,768.2561164980232,0.2942715317936942,9.507277667732781,5.996112793808798,0,yes
286.4446235470629,370.4998349044865,187.80806114994783,256.561695896315,4,38.88169338023923,673.5461019793875,19077.54251979936,998.4395232473075,553.3290399867253,426.35201009016305,860.2986274565806,14208.708136782234,171.6659563767468,721.2830362061283,0.2940533199787011,9.811733366672746,6.315642824807694,0,yes
297.4830395517007,197.74084618564143,105.08477660024495,255.88756453533128,4,98.23321684029054,683.1895876527788,17125.867313476956,963.3690443109547,507.13529764671046,397.0289151853491,752.441336011348,13676.86364189503,108.64459111111398,661.3246698275211,0.21713111664283977,8.833156421388054,6.016279495348945,0,yes
247.4709823927305,104.55841585197467,335.2525444743428,209.60448359399405,4,81.77314452286026,608.1216591132597,18267.146452203193,967.5227444289018,218.49078033208602,722.4065795696694,923.342027196624,12859.277947303877,261.6537878234718,783.7675034004694,0.20823387799382745,9.387981005631236,5.840045598765044,0,yes
220.49503126510734,206.57775675098074,249.2164033658334,233.89732432638178,4,29.536573527462295,684.631887975223,17148.990635426893,928.0110280335628,149.08632447937373,811.5069090928819,780.9112930993895,12985.45974270378,715.4972095877549,787.4600820815806,0.2267182565836022,8.840174782399497,6.018286573058539,0,yes
257.93568444232375,177.47637746722722,225.48735473638953,270.3621374627352,0,26.807971094579976,945.2616507764292,19889.753667166668,932.6869056288787,557.0218410630272,426.38867149862256,725.349837723644,13914.82535888262,166.6875443787289,673.0791047778079,0.20601360410859101,10.269562944360208,6.136277270773116,0,yes
233.43224968717237,381.635418937712,357.60681956890005,227.47429174366545,1,62.32126983033752,872.7747806805369,17984.266514895953,923.1491245735771,848.2946327002212,140.5135080994345,752.7702089113617,11869.130481776276,218.12455164116588,735.8223852350397,0.31088957350840735,9.299021703079584,5.3585740582901416,0,yes
266.1636460763524,107.16043947128614,199.24700179972808,282.4815587492234,1,58.14533813047048,714.21924698421,18416.14254994769,911.844901579894,160.31727253353412,836.152128635273,907.7115497078751,13779.51119168193,581.2862947194124,635.1400029225786,0.1840427415505711,9.478045552455505,6.317771600066086,0,yes
227.7723866004402,300.8093448321223,325.993820637853,262.17591517485243,1,27.733145062758986,887.6258626374774,17028.76969817843,921.9466169030454,314.36386966892,647.5546134948099,946.163576003717,14220.012787889398,140.35898808101905,764.38201507725,0.2741144986339169,8.82446966280442,6.345256634104315,0,yes
251.5987379494633,277.2252240601909,187.72102233361954,279.80001414741446,4,71.67079823129532,980.6633377811042,19397.822569614837,930.0961449270889,589.722129110376,339.5387364396528,702.8872093217175,13521.552983517533,194.93332542326522,701.1985837194309,0.26108507581911605,10.031379142520914,5.977527082553298,0,yes
284.5954955332168,235.4035753335946,351.7477064740316,265.856615899503,4,36.63985713530087,612.6953363777158,19531.539719103363,914.1805324696493,155.16436952625676,746.151850974651,904.5795164627316,14233.182404469271,371.0566158842589,738.4575795086412,0.27414572413837474,10.0138467490947,6.414416307342266,0,yes
205.64366281068123,391.228603284109,255.62733345311466,259.5317938539318,0,47.45880329953912,831.843707374015,16683.08232351348,910.0296126919286,143.573717622721,817.234190024839,837.3396904461738,10632.218911685053,375.8790131869167,757.7113136559711,0.29136551571511676,8.637418351887781,4.9597763630308425,0,yes
244.00234285061376,166.5110095405272,246.4914978099732,250.75154781052697,0,82.16040970052025,827.7797249521927,16342.628791218802,953.1098966349875,883.9663528420548,97.5598434376692,829.2927930776569,12536.068147571204,797.0179102054658,669.1342095623805,0.207102326122175,8.472185100898896,5.877704416661911,0,yes
212.87851087344498,162.85256239424353,393.3269227676829,257.8410525372718,1,35.65025297912784,912.4062137299511,18330.631179405973,953.9995385917262,389.6603791709515,584.2060711230141,742.0273682833063,12284.990970193703,277.7153026642626,677.8725666688465,0.23064580700854218,9.485427481464177,5.534735699180538,0,yes
271.78428678587386,341.58384577881316,312.45235715718104,261.75514985555765,1,49.83538629313432,836.6988599279072,16654.267235487867,913.3195345855346,118.04021954147557,852.8509387566564,723.1689592301742,11478.98092761554,340.9403558760461,602.2294720534456,0.29597471109028367,8.624550130654104,5.219766220395874,0,yes
285.13366765548153,256.60989710946166,273.0356290607043,293.99823727684964,0,68.73100566453391,731.8310746712913,16657.91036000593,900.8009324846706,279.3964802238844,648.0101443644841,964.8420900690846,11681.583969493699,222.61415898618225,768.7509654106168,0.2606161667224161,8.60130842473162,5.36609819251848,0,yes
261.0683845849821,282.45812091989177,111.76122270810833,290.03054858312305,0,34.46741232173912,738.5246715146554,18816.632813996166,988.0255669104621,317.6559756564468,642.2428370542368,786.0868337603364,10111.676817521475,386.0306438907195,650.9226011554583,0.2305536555346231,9.694135476168935,4.720893678208954,0,yes
277.2535054346374,369.7879508959873,166.10901666908183,295.9254013052053,1,58.96178182404499,678.1077038469945,17543.772827012446,930.6314703359742,872.2882877428424,55.0451060742065,835.8356944703692,14037.880121584392,542.2073176977902,796.5698991819689,0.2866613475995202,9.036493919662886,6.388557354017098,0,yes
237.0038259029699,193.33369801914444,152.8304821405752,216.80020990680134,1,45.75380433451439,641.7341203741255,16202.585997742666,985.9289034039165,362.13410472771994,566.6000294782962,954.3044610394106,11448.781406259486,465.3356020616188,634.7022402322943,0.1908475446621996,8.365564315139045,5.3483385262129115,0,yes
283.7409321432795,231.74404753929525,242.3139237788128,260.9577237220651,4,84.84085784424704,909.5099538813704,17148.21034599515,968.3655134627187,748.345802975761,164.70726076313838,761.3352478380277,11923.640876550702,376.4881974762455,754.6859911656641,0.2557665684171857,8.895538393212373,5.439231873936823,0,yes
218.4142822899674,115.77391480335828,332.495241581706,235.82212211037972,0,97.47843895320844,675.1556234758409,15000.580159746958,937.6104084466582,940.686924621982,48.837216496513065,860.2143463257079,14358.370464314157,504.53706432429647,648.9999395117286,0.1997162763364775,7.765207587379739,6.500467728296471,0,yes
263.4653432868798,382.86398085229274,397.2024817152535,240.56413285166943,1,42.892117700311736,834.7589550455579,16001.826629423973,963.3358747176006,862.2601232727513,68.1814579693239,973.9395725540701,12998.41454216861,357.84429155582933,625.7555884354827,0.32327306967164576,8.304759053512417,5.932113737029222,0,yes
249.42119345563833,194.4408693705297,188.23786509983512,220.20060125906807,1,71.25363371051218,962.9942270014303,16155.680511578521,921.2249170460963,695.6280787586827,280.8141354000845,991.2077401076874,12988.35180746979,849.7283455767988,716.4571695950015,0.20382703087068393,8.405025268206652,6.150002458637752,0,yes
237.07093835483965,296.78703545450753,218.2823917998292,255.45573012002637,0,59.71251292066888,681.5096215160635,17923.276838966947,924.3894328680699,3.2101638541822606,945.5195078118013,843.439328884718,13910.865901815436,514.801608954463,721.563452289155,0.2508134335256889,9.226136976575525,6.322784167603554,0,yes
215.04839010578326,103.79304117888478,330.1183720226129,202.45583442419354,4,41.468522502187206,737.1577593372529,19248.077236336987,903.0932275919332,188.67935497444225,796.914402664722,890.3504910127785,14310.152462643922,889.4616252127325,601.5299110098845,0.1963084084040656,9.897881539497805,6.640458520138754,0,yes
215.69215337505193,154.8180925784275,384.10596286179714,251.43258341020044,0,69.80427423657827,677.4003464936113,15600.806493090742,916.263382163058,883.3861843822707,68.20849835637773,794.2148433800763,14780.15352142127,653.92189935685,710.346362229517,0.22495445326393365,8.062889214931202,6.705368281032639,0,yes
278.73613337734633,347.5073166625774,326.1137241404856,227.3153525502915,4,35.79730751890442,975.1942211131673,15734.510276941106,951.3573689531456,381.1485249237337,604.3668835797909,822.6388377226295,13439.134141529836,183.65005076234783,706.3834106581376,0.3053041749240305,8.201381674732625,5.996380912229156,0,yes
252.91774760020175,151.44053110416553,283.56779490352505,291.4222708306871,1,89.4385834703973,804.7871475791052,16464.124674980514,944.7651259937696,559.7937546070679,402.1173179184967,971.7133337887656,10622.99504131855,575.2743614930475,726.08504863129,0.22266600362765399,8.526638710975721,5.085548217737322,0,yes
225.95159328730236,133.56141921231801,395.78764706376097,215.46316055803314,0,48.47919146530063,653.9647456590731,19660.499281709246,915.5434454429267,725.9921354596248,233.08357151808048,988.939703230257,12952.950163659729,418.2245659711119,670.1511460261228,0.2102089768970986,10.087507761618756,5.953831753063003,0,yes
270.5438705784747,362.84071287044543,372.2323433831516,245.71500270950816,0,58.069200291667755,807.8561512690485,16916.716299113374,905.4772532655344,246.52523028411696,728.14750145176,800.3596693626044,10879.846948678065,147.48531740086054,625.0962439042491,0.31010340321574925,8.748241535498265,4.937112445371349,0,yes
271.6653332775011,157.21615021368862,347.1353949092146,240.4744699218773,1,70.0785409380538,811.2146475122148,15817.046869822623,914.3121826406027,87.32123953303515,845.217437272602,717.670773883192,14545.852643181237,190.19188465568666,698.8081487696074,0.22743778800561282,8.200363885170907,6.391397637559289,0,yes
243.7756149179014,127.92209925021182,323.24812271987787,280.2847917639045,4,72.87828114482694,754.8366186604347,16225.799646370335,916.0735648455424,248.2002537172871,709.9289359836034,910.2272642050111,11036.566392345992,555.4880910042377,637.9102571566057,0.22772895681462701,8.392428417490594,5.206340732991844,0,yes
258.5927438068391,151.64398787295224,338.36897460203755,259.89439689848297,0,93.6816527603232,985.8357622476385,16477.561730667087,993.9086297288951,268.72498954201916,719.6886487264571,740.4112274064892,10760.714414349639,487.2903756947955,670.9777756600166,0.2246534538096398,8.581241098518356,5.009315496737016,0,yes
257.9226838194689,142.722146301951,327.5178130551699,289.06436457294933,0,85.52061031839891,707.392003983886,15704.965538924453,947.776134281626,100.35178433831716,838.1412675244203,728.9032154209638,12907.086977074534,163.22198905821833,632.8729136528399,0.22363735902025306,8.125877028496177,5.721753771811079,0,yes
272.8936548615684,197.55425542426804,346.8626952177717,200.06260517572105,0,82.7057385875414,794.2251887614832,19389.2538670854,974.3218659938108,335.95724425995076,609.6316368354392,942.0639277103969,14256.332604673957,181.70093358615594,600.3792052872914,0.23317930441255427,9.990918887579824,6.350842001300098,0,yes
237.4162698730109,333.8342529268719,386.9889281083565,225.15190997627698,4,94.60497788670315,721.7953007819749,17518.712863308523,971.7973755332058,181.26060871075637,727.4887300532131,936.4125090423148,11036.212688698295,758.3185819416829,698.3827507055237,0.31374383922027677,9.039235204732844,5.298978720505358,0,yes
204.5875453794334,275.9301014934634,355.952718974738,265.50065084735405,4,27.61473733655505,605.0292757761481,19300.094793342425,945.1649520829146,257.6142611717772,659.8290443742922,776.5531807740142,13130.848850895738,653.6298130298986,718.5852684651612,0.2798776614881346,9.90070413811579,6.0348703122953165,0,yes
213.52749299892878,322.0310593339004,344.84084762658034,277.69664721139384,4,96.99925388087087,927.5560690715479,18549.32167000365,941.4829782870792,3.9695320057797465,925.5565295387751,970.0222692186685,13168.686774320557,895.3208989095576,690.7428387742735,0.3083859601153337,9.596505261351641,6.222047209261949,0,yes
275.52067390505107,302.57888241914674,111.43090092013746,241.3647640161804,4,61.77576060740898,772.8832344297402,18250.057072210322,973.0275812629902,118.76575912313591,863.2330131713788,865.1609166662821,11499.152258416923,763.08159334228,751.912251836297,0.2500643077945567,9.416389574778758,5.474715120349302,0,yes
283.6045648983985,295.26652899557655,166.68188556950793,286.7004396026419,1,97.34267309449123,824.4474588393055,15726.160726450731,906.5577843436191,491.95955097850805,446.6310034617879,810.9893160975289,14884.101121353266,793.571566865911,765.6574896001875,0.2607527370567124,8.156824884531012,6.815068110380243,0,yes
252.15431981191506,273.43620808093334,173.33809816460445,226.68192444768175,0,52.61074493638163,894.6097732534766,16907.992662597368,947.5748791979058,644.9641967872999,267.7552543122372,816.7139154319525,13631.124113447317,510.61042060098754,699.4661332988981,0.22774344495400056,8.769179842858797,6.190665587877994,0,yes
296.9492480235739,195.96874739990787,347.14512897412874,231.90175284630794,4,94.7720131189165,998.7802270479774,17796.695216708667,933.688788042965,602.8005257314645,299.566359198408,760.4693784946741,10804.61435864838,610.3437238362773,617.1000767655224,0.25953417105252496,9.235494196339609,5.0652377751262465,0,yes
236.63959311768667,209.67317167784884,339.0783121022045,217.63548730860646,1,76.13810232063864,987.9600857129421,16841.25348323583,905.6857126534775,685.190361017419,305.69929786216096,990.2396236350465,11775.10329084782,471.2923906752871,694.0610913955579,0.2385735630766329,8.751441371981423,5.5119847951155325,0,yes
280.1299774120224,164.71701375854624,260.7018237343219,222.27746102589526,4,49.49404075643539,712.4375346417676,15944.547951128816,911.0976861261324,44.92320353697588,923.8824706781467,789.9937888870168,13177.181690326046,718.4778706541346,653.9992399169237,0.21999610167958744,8.241753667807519,6.083269263854176,0,yes
233.9113922835821,144.0973920934895,398.0853674867818,268.37921086461597,1,66.04057666637667,945.0462610439827,19316.28388277185,951.3539454176589,64.78104346515488,835.7504751377211,965.8844872486654,13841.058794688472,534.4642423674036,611.7286376649632,0.23267916466089855,9.98534256603039,6.330678845622501,0,yes
263.1740377036257,117.93669831021768,188.15911038146427,288.89178660361665,1,94.33058072227739,871.3319365130571,15338.523071169675,927.7762013446026,567.3048112296995,363.41486240344966,831.523554847231,12624.670002214853,468.60777607360325,635.2371985849753,0.19158924794267684,7.976457442023906,5.771232512629943,0,yes
272.1321662881568,160.40647319359368,326.1480020609563,241.79012363115402,0,83.67437184446516,612.2716514078763,17193.1256778751,997.6284239371346,462.41647557559025,449.63355289685995,948.8622263724218,11980.659206994958,668.8802852115824,634.6682649003025,0.22254816551595508,8.85604045061645,5.638044044117256,0,yes
226.30898940502257,361.06504138869593,206.42134967712582,255.73376545263127,4,91.94769296810483,633.1016080719934,16492.666515508765,915.0294555907905,858.9974329696174,118.83196979385684,974.0676097789819,12561.120377211058,550.3337323496306,756.4342703151556,0.2929015831490601,8.498967974567329,5.85799037975634,0,yes
263.5318920549784,390.6256643429726,133.80142358167484,285.0843748431532,1,34.42884548656459,746.3687230432924,15868.79420899077,979.6364501244201,396.2944540661729,568.6137859764535,763.7076542292006,10623.4241831704,550.5225838530755,660.8676174832975,0.28154631649379847,8.220790055044924,4.984432805117206,0,yes
234.43449666963167,278.7457622926437,377.85717344497095,248.79210070712782,4,79.53825216461777,852.8508386924956,16261.384320877096,983.0887632826497,350.33379347448727,587.8480052814142,868.7453997682113,14636.16366238713,231.41201865310893,741.1274240708299,0.2923386019417306,8.441335864316946,6.510813737683262,0,yes
254.0837741932761,373.98484212128864,105.30418641743223,256.68203398155936,1,78.28198974465512,952.9749867759251,16200.58683612424,931.0166477189539,737.7807178518427,179.57014501621939,841.9561286907035,10447.46261385352,128.960063333483,712.346164774542,0.26782746558301457,8.426518639869261,4.776971446113609,0,yes
270.88895339860164,357.075580738707,252.43165339905198,225.62655104233073,1,86.9729554790081,983.5987226368054,17292.599268893733,962.6358665228038,180.8978456856218,808.9984970485618,838.9078509858937,12309.693764353551,427.9884278337282,617.3646407054819,0.2874972656114687,8.983917705215402,5.637769602339898,0,yes
288.7965090626888,104.98681224092564,392.77550734418276,255.38263466352657,1,84.6611054823977,945.3926808648293,19744.63473064456,920.1984049836848,189.86587837560072,762.670909761949,857.1325031277156,10763.891140724794,797.4923743320728,782.8938658859383,0.2226588377376857,10.195323310112874,5.191225861339097,0,yes
278.3088202057528,146.16194996996097,105.74703732277129,220.83242888282646,1,59.90300362374913,927.8437152267259,19419.02703565388,994.9720256685663,184.102963188651,752.0249095241206,847.9370743941679,10111.368505143448,140.84072742572113,667.9404627913457,0.17037190539889235,10.038807853927397,4.646398868532687,0,yes
213.06367532381836,229.04530790673675,354.36081715535425,278.58707494789564,1,66.36705482349792,708.8643082409478,18285.82923745651,940.9119855875339,536.4187878823155,377.59107005224655,899.616526529458,11347.22292243713,168.84789144363737,702.9728599599016,0.2573632700407466,9.41568983279347,5.174200186710231,0,yes
266.844109703482,212.93300396473796,196.3223506892685,253.67529395276046,1,59.55086046290789,844.2654824232144,18409.979095053273,920.8355446789815,627.9195909811699,365.1922865020879,837.1765335848161,12798.211120283202,232.0844726971287,711.0654440377834,0.22026837949795447,9.505134086438417,5.7668721659893345,0,yes
256.2392118524794,190.27644799063165,310.235357613097,248.2878713333377,1,51.145828936066266,990.2056611113354,15846.153674174955,969.1918833611492,135.88010003698065,814.0006388478089,937.2600270262271,12559.392437773779,858.0537114457702,614.294438304492,0.23051265684936828,8.263125321043077,5.9430894811400234,0,yes
260.3211893365884,160.5160113463897,137.5277934901844,261.0534086123877,0,92.15213063014333,988.6835574232936,16211.14775084949,916.7997354731375,916.2716086756344,3.608666167614615,735.7614470482757,11340.023507694765,391.101444621088,765.6312803961357,0.18829211241669905,8.438073276565765,5.203790830807655,0,yes
249.5920649453306,100.5712897860933,287.372342412235,216.3691038831529,4,26.71603936045696,743.5386105683475,15567.774064731942,951.5351421671857,421.6580464534669,516.4916806792608,933.0130289872432,14482.70602478867,128.22529976036802,693.8868368692592,0.19176322362797127,8.065776232361216,6.427609933591627,0,yes
229.28614059397077,301.99386859265906,294.96497714037883,202.99085647089933,1,57.32558615208735,936.5630265319373,16156.649084614848,932.2651194281805,875.5840251181394,101.06259543914678,992.5999982024698,10313.858461090755,552.3644914584877,609.5388940215895,0.26045612207038316,8.400962049885036,4.947807330734942,0,yes
229.0908119688547,386.76693376317303,258.62477978197245,286.5175310147419,4,56.97505236496178,731.03434562556,17947.935522500768,925.2265857827146,846.9093134837178,127.04095435387103,725.092446445401,13446.963870548469,388.32074096471365,734.088693742246,0.31573390658712924,9.249481501531696,6.044428421956229,0,yes
205.77849793171504,271.2961744508566,227.66206655974923,224.77079665935435,1,94.1912043926092,689.660866746428,15828.494078790796,925.5460943647149,67.71051641158603,845.2011836997315,722.0423532814897,11857.415666452365,442.1251086086931,685.9489192358451,0.24073988695597728,8.180692851420476,5.414164038557087,0,yes
257.82248612741404,261.1708273674749,124.80849112615576,257.73226061002475,1,33.996210281156046,856.5976410189367,17851.71161327846,932.3337284107552,88.26510322199401,830.0655735056715,918.5683538153472,12093.323732767927,210.69141365866705,605.082319084801,0.22171870084986378,9.230351303420814,5.4847124732065415,0,yes
231.93350044132865,321.01017684363967,242.50713651915996,218.57794409100092,1,67.28738784037755,741.4155679195959,16921.48927074108,998.1791807208305,362.1161148275749,606.0896514498438,707.601857544715,11797.090060083261,643.5447335228016,692.3265227329109,0.26227524180912054,8.748611778191513,5.473258177117102,0,yes
214.9979302362484,356.9139634418606,310.26342467190716,261.2379116965426,0,68.35357945510736,845.0108718227202,17420.01508469789,912.460018718848,193.98589295823754,740.1504062204433,923.1739935049699,11366.079316636245,379.778571893654,706.8008341257228,0.29271533490337037,9.009174879437179,5.278798324320567,0,yes
228.68936765597041,235.22706038155653,159.33130711060315,211.2473681837432,4,41.69146927556663,661.9924820742576,19183.897871755322,900.8117256139827,206.13725312194828,747.130440767665,707.3120140656399,10194.882636191183,335.899036937103,672.7124554158304,0.2182334646087822,9.848951805384203,4.704560186169584,0,yes
258.2303651895667,242.4007949109102,146.7391951880793,209.77426563619827,1,27.078723399769117,849.3064327948658,15094.191386727185,943.5695588970177,953.257868371374,44.78747323839991,856.9095906372897,13508.525857320923,491.5466629788821,683.2345345695749,0.2081874661662268,7.851490998021669,6.159690314200396,0,yes
264.66657571772635,389.78323090377455,260.8674363902853,257.15453357437974,4,86.97116216169675,724.8233564844656,18241.980062794344,972.6986877354918,339.4855431133587,606.5847051387709,840.0892493003493,14413.097259851289,453.7055786181731,645.9053716527769,0.31978536605715857,9.401661429756166,6.487572090972914,0,yes
286.7523212730368,339.8869679209482,247.18965762750616,211.97511927724642,4,61.416240937916065,609.9727555209804,17287.146279390327,924.8220244881447,245.5503697529775,742.5257803843011,810.6588802447126,11184.41656027585,773.8568238862252,795.8077066683137,0.2876386483547225,8.892513605609627,5.338027390029141,0,yes
268.3511270828719,239.3840147243097,371.45146984906506,272.55194176279565,1,51.541045501403595,638.9515101355906,17442.392101890317,932.7719311403987,306.87503868456884,655.2360570636221,958.7589936850861,13944.803048836617,513.4080194438241,770.3025739752611,0.26883380920768496,8.97753472114601,6.3902460434130886,0,yes
242.1773625552246,398.1168487879804,143.7720224259379,210.77489832702102,1,87.65390885406742,604.2491597644489,17153.241522045373,904.4798436397192,873.0497980429523,42.80513385872291,988.5660875650902,11146.07968496046,732.4915412980669,661.3693259622958,0.27566558536808994,8.821538254243727,5.349556486891123,0,yes
273.02032270253363,309.0655167176029,174.14707022087438,273.479957667369,0,88.14661886673471,655.1834866469878,18085.282827849536,911.7432197954107,464.6984662617121,462.7985708226843,840.4999931340136,14928.977173215899,371.98449396766387,606.1879260346661,0.2586244036359788,9.299646732842291,6.653662236893496,0,yes
257.6117951561183,302.1635253722305,329.3848814484998,288.7695181982879,4,22.251789569667892,809.7889097250868,18659.912147985244,921.6289855460308,817.737707344194,132.35537124238465,862.3380022458566,10567.003734972042,329.77082238226467,686.1489500778715,0.29573589478199563,9.622478065186083,4.9142987124371205,0,yes
289.46783173277714,124.27832202161392,369.2788493705312,235.9883428706613,4,38.83545150953914,668.163991126763,18840.71131556572,907.7161096394253,652.8062935175672,249.40644693047204,744.4074633038823,13132.952554798638,760.524355261187,725.0014316997796,0.22812142376057254,9.67965079601369,6.06438129546697,0,yes
210.0358675496379,264.98145732284524,157.00642760883335,279.7935339390856,1,55.146274970973906,638.7503595482203,17629.236536845616,910.8173906217751,22.826802976240515,931.0327237829204,783.9218640537687,13735.809779747322,549.2676394361434,602.18349214612,0.2307154124823907,9.067909216503917,6.227775372405793,0,yes
279.8424183007155,132.86128213996363,208.7644821361904,278.2250328451831,4,77.55381207393182,748.3075201723735,19993.184251646177,987.3691656263687,417.0947868963583,522.1380018784419,767.7102391209764,12144.073169218613,823.280886724983,783.0773429912069,0.21154696073002943,10.284485098857411,5.716041074260961,0,yes
213.78773238656822,259.99729932628446,388.2991865986599,254.14065531975893,4,54.14717982517437,903.8947908526468,19162.134558526323,903.1495475953548,403.2865515874375,573.3840735340525,887.845723949018,12672.264160351813,180.5777710164105,640.9304305204112,0.2821977074516523,9.892276796857454,5.704657545719236,0,yes
239.41060852265005,255.3926640967231,103.27174647723827,228.54322427714183,1,34.85457598461124,711.5853696661414,19498.142312099943,978.4014081510109,823.9743626408706,101.24289160182514,991.5582924468158,10472.58237482448,266.4226972981685,756.5495254136953,0.20704227381677817,10.027612298929245,4.908782865809401,0,yes
204.74112231357557,364.6380139461175,355.24539769565274,288.35877322540125,1,60.73134784727244,639.2570190987844,18848.11982760599,950.7990128891269,174.3731923880848,812.7116634936797,704.8625700999987,10879.031984308722,629.3896063113805,700.7828030049067,0.31197276086071335,9.682941060450421,5.1030034732325165,0,yes
261.7922071885043,347.2420821896038,350.90975130938386,265.08733882635045,4,57.11899292849911,885.2311819432157,19420.415197768583,975.1680005486901,502.27081752379985,457.804650945269,917.7561635922968,13133.421340373698,459.9352788235587,785.8331615297996,0.3182469611688638,10.027069017830314,6.0296955648666986,0,yes
288.3522306732209,174.27173803123003,354.8638088677359,264.7232121609175,1,75.2641240938894,860.5206341964043,18321.207992302694,989.1008147307225,831.2960952945401,122.93291291806077,880.5696984071147,12937.489005217603,512.9000170460854,652.8288781251113,0.2434206869231065,9.47380917937434,5.939228342256728,0,yes
212.37413323509998,135.69430641595403,357.6959115932404,294.1120791534447,1,70.10720562718302,936.9855589250706,15597.124123258262,993.9553529169438,547.3518029876765,444.8041321661493,803.223581424089,13146.021097988883,350.62622972205446,763.0276781594829,0.22417806795378406,8.12980414120124,5.946592014794163,0,yes
295.8558254499757,139.18349306624498,181.12823137034252,292.27781899600825,0,72.67365340974837,852.8868957407936,19283.616181186568,984.0202249022867,413.95398338249413,499.6955065762219,955.6629424454659,10203.357173723638,593.3215489124432,736.7608464856829,0.19677440617742828,9.952588893797406,4.913283439257299,0,yes
207.01233220268784,301.3064264835008,200.55336380024028,239.95029232924327,4,78.85629679080405,631.1320703920607,17808.030117093538,939.4461668948172,564.6812104779864,370.3768927429875,741.0249885510322,10347.53898505779,340.2921695624018,701.3534644779176,0.26058537864691583,9.159564719451662,4.782135303462863,0,yes
285.89490325718486,250.76923793837963,272.5624353157285,200.67508713111465,1,97.07099005860908,876.4923914399188,18344.336887442973,945.245784588639,817.8057192889024,116.44712794281656,856.3711719099786,12963.290567330561,222.61054188436844,664.6085885972558,0.24718081551785928,9.482927754186395,5.822554477236441,0,yes
203.0893339232769,298.94810758340634,346.06442891480765,282.53167193340266,1,99.96698817589585,682.4701529685364,15743.43732648925,911.0793832576634,124.23706409620742,854.6565273549621,965.4635963254321,13985.083497569536,258.18504325713116,732.4385352700797,0.2874204617736842,8.134608206028854,6.304235204633739,0,yes
261.11793375169657,301.6083212282525,222.06899283602314,299.6148770607512,1,82.20577230237998,931.5308746398127,19456.367493045895,976.4653320232692,556.5081203284471,409.152954123007,867.6759891860834,11822.013304210315,584.51497443074,771.0012671682305,0.2721995312066493,10.055756408041825,5.533722527219737,0,yes
224.54647291041567,199.88350484633287,377.62545714103254,263.02015115875696,1,44.31983316920593,729.2573817997456,16672.1295538466,940.2733882923576,280.86316114208125,702.4442917531021,868.8466117805606,14231.346390254002,815.2413629694983,627.1066840743906,0.24591651996197683,8.613249032518672,6.57366663773316,0,yes
265.09781483778613,256.5307833342347,131.97897985740642,288.3331139183393,1,97.06586419990175,934.2193367816408,15972.368820479702,972.3223358292705,320.38020074072887,663.329040252308,913.926792515293,12609.948835646072,561.042969079062,714.6736977116996,0.23626657934235362,8.313798786968094,5.853024460319237,0,yes
287.57459687615477,333.16370841128423,143.15977780655587,236.74379449651923,0,53.81177235783512,853.7679540949209,16606.831707069166,986.3789817264222,912.2501762167766,49.03830188978577,781.1438930180824,14512.556064111537,296.555727755627,768.2745019943424,0.2522453601008469,8.614721831106088,6.459176537775069,0,yes
249.8282949052476,330.6059212367176,353.9977315600089,208.61437778747856,1,45.524570107165076,721.2056664689724,15267.669497583802,907.8225794045447,135.4928170667279,844.0739994658895,736.2147062286515,11079.93623624905,205.07504554239438,785.9077552936566,0.2859449387271895,7.9048001307916165,5.036442401641206,0,yes
262.91983334970894,350.0182727958195,293.4622367063009,246.42252970432048,0,65.0152065101688,755.472528198375,16338.23235010758,976.8461443796307,484.2844195265193,460.9786808607579,847.6938840506859,10600.643280855777,233.08340531959297,791.768438822897,0.28927027462391824,8.457140041799324,4.896573673404773,0,yes
250.88309352097414,161.70172955592898,146.83316469851792,295.0880792927959,4,77.20001085917187,698.8754291284364,15353.282988499615,958.4150274071709,506.42956858356456,479.155494796687,937.9557460768892,13952.652811651255,262.14362648809106,669.4800297199473,0.21036042801471738,7.949626428692253,6.274461213170032,0,yes
238.44452635319396,383.5881510987728,124.90917859192123,236.7407371429859,0,81.86318939099588,645.5689700939805,18730.780661456185,996.0212487506544,101.11600289142262,897.6175448718384,991.9405690463286,12509.329816071138,812.921119642984,707.005335239936,0.26607473974912466,9.63189813924189,5.945803904612035,0,yes
216.84172990446697,167.4923870375398,227.47273381459053,294.62695322170396,1,95.5222905131962,758.1628976318012,19556.005115064996,960.103811678013,336.25225831646685,579.6172134347145,850.149691887648,12513.859309320504,462.5458324537863,686.9224734466611,0.21471554758275,10.064311633659539,5.736685057794917,0,yes
274.8736280129275,175.83374889442524,192.87689278385307,255.17813063087465,0,59.49818931133243,963.2052750498635,19398.036326897807,957.6442057395174,2.606958935081929,947.3359890433117,749.6917663783087,10315.08304959971,579.4047851588568,714.0580578735517,0.20204989314377625,10.031251315732932,4.871987352221699,0,yes
268.8590710118094,340.08615655270717,197.54155737739495,264.9261038471259,1,73.89256146946462,782.1236147683521,16231.586922279746,944.3542386346458,65.32478461932058,916.6434091688474,748.1283656639139,14095.285829558314,894.1314532076849,741.0127538213992,0.2756816792380308,8.405259108482468,6.517323392595762,0,yes
271.2715564301747,347.1504956100032,201.61711535573733,292.9990461926845,1,26.117712178076662,895.387063618454,15213.76965172326,914.6965895517012,845.1108756508478,145.51785344914583,840.7088993512182,13238.571174818497,576.4338099935849,604.2123231515912,0.27923731029695004,7.917738316912662,6.067805536574343,0,yes
208.34725269954777,280.82214479229503,330.7760683923319,276.4860198958011,4,68.4905236880536,646.916435412461,15051.596881840886,975.3233573153126,172.58821530658636,769.6808445295225,757.9060281993433,12329.785743043041,689.5315762366605,777.5448234079378,0.28460851891293615,7.789733177180469,5.732582863133452,0,yes
269.6332613494667,251.22349121266646,379.9974964964423,289.0877975714043,1,30.804125608232766,885.9645739069797,16412.326896429287,986.3589478071058,534.7549074872377,383.9957441565415,816.8856837947135,10585.350622520415,495.06164475172847,610.4430322696521,0.27614192667265064,8.524739732781388,4.955354494962435,0,yes
231.3370245829902,357.3831485433151,312.89083184244134,290.6844259770546,0,59.70005019089204,798.9249693040279,18133.854279727217,980.6736952200367,128.29370113815077,780.2317329487319,890.3766607471191,14841.992513720026,259.3677597691927,700.2874205587575,0.30029327934057193,9.36514619195311,6.603516705568409,0,yes
235.69448902994463,397.42387910084483,357.10809646710084,249.27316031321493,0,48.32883523783801,748.6471893082823,17491.685054273355,915.8249119338868,218.9108593585334,741.7742432812274,994.5754618565479,11065.038891376058,505.75118088210394,638.3822197464193,0.3159919420685831,9.023965748852998,5.231988231838179,0,yes
218.91081075501828,242.35160493051876,167.93602364179577,229.83596828916836,1,61.02798644416674,714.6334029407292,15070.020976388625,935.0999673854242,517.4155680268075,427.38120783949785,837.0367742870856,11712.159436494561,480.87526502800574,648.8920215394024,0.2157175791806986,7.808258818639113,5.417060102662416,0,yes
223.10172730866194,352.44023644573747,218.30122275457322,224.9754133385993,4,87.92140352579138,882.1533031790837,19755.715934906242,931.8933548690685,664.4693560027902,332.4562474544591,757.8243891362824,12631.68918786364,613.8913058529636,718.4017401394763,0.28476455107041326,10.188065491418579,5.8227445696156455,0,yes
242.47705974493826,116.8374140788877,122.7265265994617,204.14667912009423,0,29.64081688464085,616.4439934257302,17711.25313707651,924.662276958006,74.1090038339952,895.0227424039851,828.0986297215866,13758.520842223854,272.69466379293374,606.8053517945431,0.146364131121699,9.105952069500038,6.146609080813205,0,yes
215.83016180338436,283.58506664490847,388.26485616742985,246.99721290113692,1,88.61950088375286,958.1385663669307,18082.52257531117,999.2346015185633,292.6655707900121,653.9383844158067,850.8611609698302,10675.520844776102,166.83820511758327,778.3531555301039,0.2827892328438033,9.378083615648821,4.899685159598171,0,yes
224.1730984409197,124.12982880572588,101.90310173521873,228.70655092764105,4,98.44370264993886,767.5172460650191,19386.0251268487,965.877939449149,503.31279192521095,435.9106948385951,702.4576730531655,13950.28809987543,723.9023615588973,717.2540304213103,0.1723656966727835,9.982194069279753,6.363924390332853,0,yes
241.33577174195767,182.86876273664285,364.309651861678,250.66144482128396,0,80.08675091108667,692.6212327419676,17814.904485403735,976.7456816664544,695.1543196413757,213.92035468510983,887.3648789311771,12823.371888584406,827.4117356164954,668.6373123364507,0.23659323826423176,9.181592856004988,6.017989268208467,0,yes
249.5268197853998,189.16596748281157,227.90147423823873,292.42687137931586,0,58.49266829562463,900.4804741690402,19290.325762068635,902.22510579,702.6663758553224,231.6612678994868,769.3931991426971,11368.298610429287,431.0528751811653,695.9514906999636,0.21850414261246637,9.955470601555561,5.2372779200106505,0,yes
220.56565165490773,106.85192740388324,395.52000080639766,200.69869017549217,4,85.05422240356529,840.843340053136,19939.138765518783,973.8960135279722,930.1502162807008,33.900210201601,934.3727362977733,10341.53110826965,682.25439905695,666.0141887181559,0.21643682612316373,10.276239866791189,4.993191669289098,0,yes
295.72037886902405,196.8762212128164,109.45137718137113,229.72318048896605,1,88.7999350240575,972.0548086818526,19399.496893952415,967.826179078479,97.37044904819672,876.2569803079042,702.4232632678775,11321.389704263815,412.10738744724347,715.330617892017,0.19901582730027054,10.035421529686884,5.192117369868115,0,yes
231.87503658841723,234.0762860632423,224.4322994731244,202.82548049074717,1,50.97565437334681,923.6430232642945,19981.972758102827,990.6870425237529,476.4990030585924,437.1845568504615,914.0662935685717,13533.9516034586,331.55959437919853,617.2844496368438,0.21867833454166827,10.31872765566077,6.108466251626699,0,yes
248.65212310526164,371.65000157292224,113.08868706976382,271.9152915301841,4,77.02041811155652,638.2125317066702,15308.53702076144,950.8695086307595,324.793213757131,583.9989900673529,915.2271862655477,14799.172804512182,318.66751281362343,612.9101653015523,0.2826516169325839,7.91293154835073,6.60862359432319,0,yes
293.5537953597814,186.5591566184103,349.1942016406113,265.75493475132134,1,91.88342821368701,967.5960632761376,15828.675953421267,954.5231369056158,451.2790443681585,463.00199496300576,724.4424281440531,11595.270960672418,499.93364582460293,722.6896100597053,0.25015710569346133,8.247150963137175,5.338427336111786,0,yes
283.3666352214947,119.874340591909,348.79704812534527,207.76371236902966,0,99.34101904699958,841.0113309171552,17360.40289718471,942.0560312615705,156.7049253119994,773.683872595243,825.5151514063394,10840.61922110337,847.4827137786773,746.5508745740632,0.2074527706399628,8.98252304906639,5.221383527837748,0,yes
289.1237016937014,399.72657925273063,258.8673695613559,293.5910062556964,4,97.72585191067373,609.420827935755,18968.676511835238,975.4763720470096,329.78695751452716,598.0697716728259,734.5873765522808,12684.818701518761,701.1052933222717,738.1373494702839,0.335099363283907,9.740127020735054,5.862677394232358,0,yes
258.0897606688422,247.43605945440655,217.20135580028403,230.32801408636223,4,99.6636616459682,905.9627510364481,16307.63603545373,907.2099560941367,591.1777798994635,338.12967888278,884.419392147618,13870.868480625904,734.6884020920061,771.9946431749108,0.24951227264029024,8.466051467963448,6.415165461514065,0,yes
207.34839145947623,285.8315314523066,298.9517152103988,260.55239165788623,0,76.79146261592528,755.5913971010059,19760.461829306303,920.5553092505895,508.1655082639256,470.2782499884599,885.6281734168313,13125.147347921637,155.73144014653008,753.2443076456723,0.26197829075642887,10.160539629532483,5.8900451755056515,0,yes
235.00881928583217,174.3729714086412,154.3935647264333,227.3474158956694,1,80.94418437497674,650.6851822929631,15047.763198464942,988.5874289013436,462.44192476756905,477.38615321936084,886.5295711014044,10652.152708334534,123.09914020999813,618.1842002873282,0.18985717923050754,7.790475457996876,4.865045725509444,0,yes
284.51761703386126,298.04404762103525,227.19592769508085,242.25544855512044,0,26.75334554188746,629.8468518492812,16845.633699654965,956.729317935297,229.46344224177648,686.48929927378,878.2635294071363,14828.806782238287,307.3652011079306,681.4379503190407,0.2523189588131686,8.68046303733315,6.6111266560287465,0,yes
266.7419008654308,287.77168101751033,391.99812696654857,221.40819488204235,1,53.59239969284382,667.3632804591134,18972.612693104376,930.1240954894444,579.5253678653504,345.5172661907691,836.3500040454594,13752.065040285763,543.833583088697,786.3331597442962,0.28212365212814033,9.74849042630614,6.273404557271603,0,yes
242.5750970969096,120.89667726698715,349.794012783113,247.80269522431456,1,42.29883588641263,683.9925884191596,16674.619553883655,904.6196411718636,924.0548122663159,36.206208163095084,907.514989291707,11644.921503548037,415.1143172414992,635.4358764228571,0.2077357872020749,8.599651791080914,5.392418411244346,0,yes
279.178540404459,324.1062643743056,330.6851248600297,225.72414455153017,4,44.019871983521725,800.2037970061192,18712.07686694007,936.7051104360457,585.4006581851876,340.2588214405763,959.8575243268479,11902.759481595434,734.9748291475646,629.2271679691956,0.29762925717544636,9.64848443936028,5.638869702522092,0,yes
243.76596040275717,184.12526695894263,246.74463206477301,278.83645460185767,0,39.35038372704717,660.5889303420041,17405.44117468637,909.4894124282879,800.028069870963,155.6927720619019,704.6324076611947,14295.005865372983,694.7222926857752,672.7255277978823,0.21440404947320407,8.960600065060495,6.487406397221072,0,yes
212.54388642597215,301.68661372342103,364.64858799103666,234.59433274500586,1,59.93817412509607,820.4310652513118,16248.569808968683,995.0070627331945,628.4399568050978,314.80232261705976,779.449052841088,12868.413498995425,382.3032487139783,694.4962251016577,0.2788049913474662,8.42929912929114,5.822878114630622,0,yes
282.3782156180158,355.79871936871143,223.0304661685575,241.423104925139,0,44.285581611711805,933.022377033573,15311.782728119671,950.631328653595,681.1347960660473,310.84843535312507,900.5788741751693,12558.619767733171,850.8332458688958,786.308236081473,0.27635372392061597,7.980241753364385,5.9537383417988465,0,yes
216.6682219578971,183.98714587415478,290.5899765436951,280.2399365447277,4,43.188128894768596,749.9895992618266,19147.13454778024,992.1371633192442,438.05638964647306,468.0643087316393,731.0562466610288,11103.940846091695,794.2276850620127,611.5314785225036,0.23645781498932014,9.86249384153836,5.246542137344959,0,yes
247.40479047449912,202.08544076480672,117.14054078253244,248.27510272630383,1,26.073671439456643,636.722151172423,19513.663089376292,999.6703184777139,400.3207540570577,527.3459483228827,913.4868881089084,11643.32246568805,632.658028973261,770.1375078560453,0.19234645254505783,10.021915969016943,5.494489509991926,0,yes
253.6136899854599,388.5439913756364,380.04164893080946,212.73216770705716,0,20.50789389227581,894.3588422600055,19157.767129924596,922.1093031483364,195.02863726523674,729.117090710334,872.811833877015,11235.934671696834,223.57973986209714,750.7446198182264,0.30848713965560753,9.8905173171444,5.148569395188362,0,yes
283.4462160903906,140.5210019948666,236.40475025097578,223.5777915800135,4,70.45427223169654,898.1731713445254,16907.463858094405,909.178424537482,361.1708776706936,626.0061126983899,983.0848546460159,11497.221450022062,286.04583574329035,757.8706513729294,0.20877324746163728,8.76446420764841,5.331807737609332,0,yes
248.4559839243749,306.5934755971821,295.28036818776195,239.90635882807857,1,90.89023551701075,620.4917405205949,18896.744251758897,907.3214987194688,550.934110721557,353.5859312356189,896.0845198959261,13857.216466497934,637.556222694296,720.0672308885871,0.276384906224008,9.697208195894056,6.36523191203652,0,yes
243.87746146231942,252.58168356587936,265.37312068983744,271.62261017782293,1,27.95129877092661,636.6706163183691,17446.73974708895,992.4621301273206,301.7765398748591,660.0594116749382,976.3266544628145,10333.751297218414,753.4348195598435,695.8708732827841,0.24665102622847962,8.987442426162048,5.038957108406369,0,yes
259.6412809838234,180.85883491147075,378.5716484233569,276.6115505751162,1,50.04519644175656,901.342349393987,16437.00776465465,967.2678645193371,167.1869160283263,753.5753664512566,964.8903490013759,14814.331460601723,362.75106062719846,653.2181683501049,0.24636959742492903,8.53792873655102,6.659092445229877,0,yes
264.0096537004924,196.01336020277859,253.83035349704463,299.67495728657127,0,67.03316716336369,901.31766474405,15161.395685183448,950.5385953852028,654.1803867226214,345.4791801496218,824.7144173970247,11486.544129195443,493.076554019524,694.7440782377687,0.2307840054145423,7.897811873586016,5.340371993447222,0,yes
290.77402292934823,153.3819054447934,354.7674490809703,265.4486494256014,0,91.4509962734645,763.1424620228258,18233.034047546145,973.8443586210527,888.5085144336754,66.63637304432245,896.7817257480616,13104.97716226987,106.26828497635313,674.399880056423,0.23353293554228383,9.405827296822185,5.8530138453634954,0,yes
233.67995751505444,382.2537102439802,324.7990343550947,267.971885232992,4,72.13267907082778,653.0976151488551,17630.28800163712,960.0594174630535,64.69831039833966,922.669062527495,913.9793402923231,10970.3163301707,273.09175081089654,661.2190421635345,0.3259396369021311,9.078321913738685,5.07547742885296,0,yes
200.0091685282542,370.22504223307544,103.24608358697246,282.82019752234663,0,60.19331446540568,732.6383021556733,19854.478929050405,974.0827666750793,678.1159845216747,249.45336513814573,719.293878969703,12478.430399645964,278.5630217357034,693.0912363903265,0.2580353134782036,10.209827761358488,5.598991597541627,0,yes
252.21551410569185,177.41092782130423,294.29151392297376,257.3430746054806,4,97.1251664385166,625.9098366017818,19760.78010155972,945.1273995459268,133.8311609404612,858.5733249852867,766.8850416355247,13595.989159408435,828.8846658420297,722.5687780395943,0.24126101868354713,10.135582525616178,6.2980101414266185,0,yes
267.44420357739637,281.6455651969535,264.9082178496809,266.9884492489818,0,73.99819887678021,685.4110184552621,19233.824652336796,979.0397200240452,689.0281190637074,243.74678752976206,996.3710990450775,11441.541118736952,464.3392505582879,600.7749032940642,0.2620254605551531,9.889787101595696,5.3579961472009305,0,yes
287.7718925715852,184.97796382189114,396.91730125540533,221.06570061288696,4,95.21247938562028,783.9994462263708,17872.55769483577,942.6253283980881,445.15253290171063,463.8697487783925,926.9530034669757,11968.569271703269,559.0320751673733,793.2579572576946,0.2618174363522148,9.225924612105496,5.601062920791386,0,yes
255.38923006907942,137.60438774331251,235.63534475591126,293.79881023821883,0,87.96470087670947,810.1051491492407,16268.65833109208,910.8871095589153,629.8636909443005,361.00185721099115,839.068118917925,14127.62922911359,897.5985284118734,791.2726647960794,0.20414757076431775,8.425453675801641,6.575952709963804,0,yes
230.14042143339083,247.6297387840395,272.9356149955841,293.3760980703327,1,83.44478628675387,744.3386220732702,18442.87757570873,961.3910273297329,926.4056077609363,23.317245118372966,741.3847214840036,12459.043486058485,500.7423173455445,728.7315394768077,0.25577341848018087,9.5048624846587,5.696695423600375,0,yes
205.1849327603846,121.00081382530047,366.3433725385989,292.820206219362,1,71.95602653318068,711.73596932996,17090.16084245928,941.3390699253957,53.843394169244974,903.9640137755212,761.7280891144909,12893.254110074839,355.2771158600285,706.9024666158631,0.21909691423840005,8.818546694315916,5.818556333427653,0,yes
241.93563186915628,399.9623475790305,219.18783399138,227.11490981821174,4,96.36360290650825,914.5903778079216,16797.134839473034,928.1945908236945,421.40172800144853,574.0545309570248,792.1593021790757,13059.379046764807,481.78327724269525,621.7460281325257,0.30781980448333224,8.715633008165007,5.9418055057602475,0,yes
227.98667953758343,149.42781257577724,338.50768104728775,230.68744366188116,0,73.8225898588982,971.3039052710269,15147.719188527659,963.2362410168879,457.06533003006524,514.8245299269681,827.9301870205892,11173.22074835124,639.8139800776465,779.2983447603002,0.2115873767079858,7.908726499788627,5.282393749084419,0,yes
281.16552948674916,331.42758116175077,181.52148146831263,217.96186412552504,0,75.20637790351634,938.341803902776,18213.71218880372,902.5865793068925,141.11396579570234,801.1453582759463,884.8799417800409,10553.750658725521,729.186535959458,684.3346454931784,0.25734465419914043,9.42584306323686,5.076464857128611,0,yes
242.33653464428014,319.13602269540957,290.7082487817072,214.7943935714158,4,61.33740160010818,645.1461363220207,18012.314378009112,971.0951649984546,215.29950015845327,759.4364305531966,802.0005778204157,11910.554518114908,615.1889345128408,608.717471613492,0.28297565699995686,9.269121186665497,5.535004509604663,0,yes
263.38688302064884,170.6146533108239,369.84460188353984,296.9631063642402,4,98.22676304366883,854.4743836802277,19795.97445020431,900.1535418563215,283.86928297088735,647.2771413494145,745.263203149142,14700.173950391152,417.6680591081131,729.6151830457699,0.2631287799216288,10.197605887772232,6.559035748958698,0,yes
215.57086472572956,148.44911160302388,317.15170999360873,254.2015016354814,4,28.259681078790628,823.5763457133023,17742.177056276883,905.4688796272405,113.60894970526033,831.5481804933279,885.1108473967893,14674.146210370833,808.7436330041039,784.7554372413776,0.22033252153372557,9.164489260684787,6.770253544172346,0,yes
236.86765235065033,181.92797286334897,128.07047976219962,238.81913036675246,1,24.352289559745106,801.7507409332193,15562.154739121583,904.2520516342895,133.39820717932963,837.1273523797479,921.1993927829977,12675.4187133218,135.8923119565996,635.646343911139,0.18303010101212336,8.069429575636796,5.699845988396634,0,yes
215.02978217805665,173.35402954069764,238.5049107782661,254.5647971524894,0,91.11275416393192,867.5008885339435,16830.701975301658,953.0899210970593,285.28624653512907,683.7558704166921,814.0804799799528,13493.664616785853,848.7824664314112,665.2080197304423,0.20647086631868952,8.725157253320795,6.27312239012279,0,yes
252.6163127987573,199.16968465525738,130.83781216910026,247.81885148708892,4,27.085410061950075,770.9175040664072,15635.305035340594,945.1162185951152,186.0589316554784,745.5739102717055,851.2623327827254,10956.087308778007,440.94194693828507,771.9909614961134,0.20661445794433886,8.104730459278686,5.11880977620924,0,yes
273.1475917408865,339.76284308363023,289.9003943550208,244.4016909980047,1,33.28896022125509,719.6935407819808,19085.913657783705,922.6857776259668,122.68830540796066,777.8767451919634,865.722635260101,10505.900757534066,282.59194774826085,731.4584550645318,0.28535816058962726,9.815619835442005,4.871544504515849,0,yes
288.86236604576237,129.3006648018077,312.1782521452608,215.94051929793386,1,48.39581884094785,655.5019018872275,17321.131035403392,927.2277713235893,256.85326898665176,699.850093598518,805.5293064893319,11293.618397965876,311.48159773435856,658.8736337413432,0.20382557796566209,8.919758131166429,5.172230089665512,0,yes
254.0085069110568,290.5368369524173,292.41627829471315,251.18581997082404,0,44.91129614369049,688.9343159997363,17459.617493731515,987.3673298812771,668.5392400729692,275.01176674483895,824.5774322773473,10351.540354785602,512.0742035401238,660.136762737648,0.26256682600303355,9.004609961914493,4.881611664071373,0,yes
253.56274543184628,275.7660776966426,389.63991350638025,288.7905098479257,4,74.13090794211735,618.6759307308434,15861.369970804197,919.7724606077443,828.8584827910947,88.68857002520633,738.4024104464027,10615.16637880229,263.7985004470761,660.7406034788035,0.3032409684004947,8.18082690777546,4.849797258715169,0,yes
245.97249169968256,140.37667459294175,318.5676635598702,291.2202551196614,0,55.823457854681536,945.6934147937554,19594.54571375544,943.832176844912,715.218100271408,263.3289694426704,963.1063487482252,14964.068994400757,289.7736788783542,700.648611796182,0.2160954421566003,10.123587525865721,6.7032696676106776,0,yes
249.21307964992738,157.6987357723395,277.8912852301064,207.82306034503412,0,91.08343657612838,680.2032723694973,18059.529533361187,995.1026894511309,747.7244426268156,176.8806564890059,939.5835923090798,12787.340537778706,544.9201596941115,795.0729552483272,0.2030525554559894,9.303722863389698,5.930351858976711,0,yes
245.41735018007194,153.8583798953125,205.86915925155353,225.4111205969739,4,22.269889829192408,982.3468150172305,16963.850417854002,961.8777852052134,22.8965545214451,952.046060143659,773.980507446682,10374.24982583762,145.13974574111944,785.1725968359711,0.19749927876419743,8.819149868175142,4.744562290346076,0,yes
234.49348850511706,100.6534580513559,250.5933275457438,229.2653155945412,4,49.46248810323985,642.4841544135946,15516.44185875307,904.9321854747042,89.31776288357263,878.4605593522427,805.693855172689,13737.245295779023,230.8238476525351,797.4069405885683,0.18796999512313475,8.011523292409596,6.137366313454812,0,yes
289.7903382807395,293.5023785709882,125.3373218091187,240.20603566505687,0,65.10063212641,606.8539619917841,19680.957070388973,943.4140843202204,896.2850355428168,17.387876926198487,934.7397065035848,13963.666776094715,360.6325265267813,698.3362916156099,0.2352086227858725,10.09129104930093,6.310883005127498,0,yes
235.9052309429526,190.43361292237716,344.71134630773076,277.041691168683,1,79.56039807752231,888.8747201583483,19200.14838659682,919.206446287651,408.1327503630054,530.3055145085311,930.1645655143694,12393.9085271503,131.14685165994072,611.154243622935,0.2442231099448892,9.910067214279696,5.58131316678993,0,yes
231.34724259842486,288.4423699998538,336.3944151088007,230.24061630808774,0,48.56768553709778,811.3106268361419,16110.822720582273,991.3274989451413,460.1551963602796,464.4355520410848,990.4797663056822,10257.00765204454,720.6040248090835,747.2789517747472,0.2639308731679841,8.357873709617069,5.002475849748828,0,yes
221.78319830105755,347.178477639289,288.52791976633625,242.67779040828165,4,62.53237343745045,884.357750395749,17329.71039763737,962.5777701047784,407.93031654451045,566.7363237291925,716.0679400346902,13551.955449757916,293.6417446982133,714.0871429715226,0.2968868801087164,8.979780519593312,6.042394500070873,0,yes
299.57182135223695,139.7845907294519,340.6271199108969,255.53556103346415,4,30.348987344783176,635.0747927383532,18227.51801324256,926.187806044782,612.9931011645654,303.6413424888011,832.2043635150808,12358.797448503752,267.3359541525306,616.4766614310352,0.23271710013307345,9.368350185419223,5.580268184362699,0,yes
244.72847998889387,214.39327677695667,370.2504406405836,223.75142109753577,1,51.576891874717255,741.6203894100665,15255.30541589269,943.8122135675723,106.55265751879396,824.0440984121708,714.085907369958,11669.775215738973,756.1606473962051,615.2719095645929,0.24585382085039112,7.908055608205406,5.454695569102654,0,yes
236.92787178854968,271.71676563947267,347.81870916186733,250.0721465132438,0,22.897508708013188,839.7806813295483,18955.46033125357,901.2525786793924,963.4575285098001,30.917941348942918,860.8909247586354,11452.81369653624,502.27531893017414,687.3762637361067,0.2609706534722771,9.774192478854765,5.3433253379228445,0,yes
230.36870860748604,248.27417152624423,399.04767738354406,235.55759681392192,1,81.33147161756915,653.3893036346774,18253.5522734264,907.9403682412651,566.5793430653041,397.50580736869483,911.5489541445719,14121.17791664688,405.6522835806432,725.9206452849558,0.2694529968962985,9.38287019430399,6.393184829270972,0,yes
238.7291430716201,119.76371493601266,190.11258653944827,221.38804585534223,4,82.76329860343772,915.041596173457,16138.029024364401,916.3844239902915,808.6584221417788,142.57205337793084,854.5896361392274,10206.50266987696,677.9170467773888,679.4257297097395,0.186664263033898,8.384566833300552,4.905528943116768,0,yes
246.44993503844404,337.7208225188914,161.49907523351473,264.2260171870528,0,32.0637385129789,889.6114546871017,17145.439572453728,919.625816020349,862.5486885668777,65.29786520538175,870.0744541664155,12754.815167278173,604.8016593056884,675.6845539551671,0.2552945763978668,8.882937159221227,5.898099445956348,0,yes
242.84878328766507,288.32879802270594,149.77939820279667,200.63190484589978,4,58.19938494574072,774.4094963557916,18358.358442303666,904.4517345011319,118.46243653868612,865.2597699540955,780.2327283587534,13975.740442561086,148.99858391066783,733.0737449656373,0.2393047717801009,9.461466411453113,6.1834835704526,0,yes
221.37862882910102,397.4808543130174,177.0779336480462,225.31154266812624,4,87.79090608178986,895.0540358591952,15358.618520670407,966.2444537878556,620.7380402022707,361.9519986519258,746.2846783084223,11951.39516147481,446.6405064353239,614.9875104080324,0.29436936506825534,7.99716515940153,5.463553127324697,0,yes
271.3357683601497,138.76635980270117,318.84007683834267,213.51896540450286,4,86.53159244893189,725.73444722956,15277.681690847568,997.2285069686748,541.270460424792,362.24401802249565,749.6008355337374,13654.839595577057,518.6228458771571,661.4724432233862,0.22303479798793746,7.923110919489635,6.170255771864127,0,yes
220.0742906938509,209.91726490008472,184.34039291640005,234.15187744004677,0,40.340948876874336,637.6022109299271,15196.376696213487,954.0849401469654,869.0497254745516,31.53100747350277,741.9515847273401,10983.945123697311,402.0913096377291,651.4144445649356,0.20043452527308245,7.857160803179937,5.050506492842652,0,yes
244.78276445569333,205.60798536135022,385.7374320921985,253.5662960558313,4,91.12261114164052,698.8214797466162,16785.42154239755,990.2187797328805,805.1656635724364,111.88380445628957,802.2943399631437,13923.88988964212,739.5083462718144,660.9659786654197,0.2683789630338555,8.670079607657225,6.389088928634866,0,yes
221.24854943389377,202.47591828444146,161.91389291465404,283.6502614134826,4,41.21676906216219,966.1890134180101,18521.308982265997,940.9173366929168,704.9415784240574,265.54523055951904,780.6707414900001,14690.490093884815,193.52439228871975,647.8242532950383,0.21913071341308152,9.59127307943971,6.474304809482482,0,yes
289.85147375359776,246.79896059162445,324.13231614232126,239.099508669909,4,75.67204505855906,805.4970107316122,15991.65249595846,996.5618974779015,235.85396097504315,686.7962195793955,885.8557373741468,13687.758248981918,686.9014762560953,658.2664856108147,0.27340178953780814,8.297715278256973,6.307429875183213,0,yes
225.7208517253002,139.43307464085376,361.63209096077395,220.80068687001238,0,40.718544817230395,751.7976665533157,17909.556032647248,968.4425435668836,321.39129049423644,590.0377700088411,770.2585814947638,13427.158168945814,537.6739421672071,764.5196157655554,0.20578946724471373,9.240826303710623,6.109769482791203,0,yes
213.34658553764694,114.69014397182804,396.97196671139943,242.78424196015482,1,55.129133323559294,837.2398448632423,19876.487235768687,982.4654869437888,750.1386137941558,177.84767182357064,765.807644788388,12939.701570533052,346.4820358832968,744.3146704406304,0.21160586449055976,10.245289752022844,5.836107020818319,0,yes
207.6411962515548,321.78766089719267,291.29621823033267,278.60182958599336,0,92.52751867088557,783.5626521536384,17597.672861645962,937.1733120054365,408.36278673602027,542.4849679755894,762.8412572316113,13149.644009530492,677.0900720676864,657.0227414068148,0.2804553370813206,9.087636427097157,6.04275961838572,0,yes
238.04971050498858,379.7368423398124,377.68462888035725,278.89311536484354,0,83.36355098220528,716.9251157132728,15937.189823912347,975.0529952029619,4.227074277278966,975.3146423708101,979.7518595729669,10921.781181030614,625.7656063494268,749.6143453166068,0.32365855699742463,8.24784964590085,5.234031193513777,0,yes
224.75960442438378,197.65134036847707,210.27308981856117,200.21466173102826,1,43.543748085957944,669.9604638615194,17789.477200290006,971.8079459278202,908.7929793821479,41.02066289608092,992.5215201668349,14996.056371641014,193.2890336451133,681.3118536421904,0.1989214552612745,9.163226435422104,6.6827252418102745,0,yes
202.5399117514675,305.58815742138,300.97265074857125,218.45786405252053,4,29.247890600811957,603.8275975698308,15575.46193138201,945.4367767704822,72.21701864165064,861.6725576495086,700.8894338028568,12326.56347247565,245.69573911236287,658.8658122635718,0.2712831888540328,8.038164088254126,5.5141014357805,0,yes
222.67482952571794,182.10310261070057,261.19742102410294,252.0515026573368,4,93.583781057642,789.7015443971624,17889.42114604097,922.0735723250133,667.2220121586457,290.2887654898424,849.1495891551119,12953.113933594994,489.3169430446088,693.2530396469913,0.231282379848321,9.232809124668199,5.929242968787126,0,yes
220.81857641381447,189.82187637780683,313.3844689119348,280.73674863328654,1,91.04597333105508,607.1077899087492,18506.528109745523,975.7398639958105,177.66040672695266,791.9382709062895,883.6817461986118,14650.663868985059,156.85150386275248,606.1727676594221,0.23799077004005081,9.508586676027056,6.479344297204401,0,yes
231.83466322986288,243.64546720174062,172.39069622390127,253.12008905483583,4,39.563826966541775,849.1336408752435,19280.188638656637,956.8819429381617,466.6082297255911,447.21815547657553,723.3073667053371,14786.144111763646,713.108466776967,641.257894176204,0.23271716342355797,9.94628202402207,6.688812228543131,0,yes
206.30837993471994,209.94873333076015,360.27238629308727,228.15415116105962,1,56.11258493178292,697.7266499217113,17358.134329198743,935.197878949687,698.8271974255916,286.2160444750159,842.6593950780266,12239.8339379281,249.60122764710775,663.8089683298996,0.23867868615011015,8.94860780997782,5.545378269676179,0,yes
238.63081965519618,288.53540235577077,392.5443579820591,252.72309986770583,4,72.53459168450678,754.8683234398491,18870.690528247524,931.0041850805196,629.7029467866523,342.24281097949813,935.848077858848,10928.433103330633,759.7449243430653,746.7229327187333,0.29962773414931876,9.716924376343613,5.271287830437303,0,yes
270.71437715328443,250.11436391237928,153.91724892826227,247.57499899605935,4,30.828859329793854,742.992680008269,17961.990526109937,950.9288704585479,105.15940404692896,830.063452822546,813.9836919920747,13089.982594526551,406.515067557355,733.0760705750781,0.23431961542855761,9.262680238867626,5.939003843454325,0,yes
231.2150767929267,195.4512038676184,315.87462972390165,261.41116460750555,0,72.47072034033006,906.0331366774409,17422.586543126494,999.7025574796277,659.7782782804642,242.06881448912384,993.2363934438993,14982.374634127907,426.64009941656207,783.0695275649133,0.23185270699868865,9.036275385749748,6.777800753876313,0,yes
295.28412770094815,185.8461924180187,300.5186574645561,227.99486746224278,4,73.55448726832239,885.1731773041041,18967.49391107913,931.3658306334927,892.6771077563144,74.5301445703052,864.9237140735158,11854.303392667262,496.8345652263638,634.2600871161054,0.24249926342502462,9.794566012834613,5.492627026866119,0,yes
201.1361943413262,348.64135300910544,281.0965996266383,203.32907325990453,1,42.17698172710857,971.8013191284524,18771.86426283425,945.102044444489,415.84395121539046,522.8865858491978,854.222489889951,13298.849947270493,841.7077613723302,759.0592137594105,0.27095131549313917,9.71841704952706,6.216655996020635,0,yes
294.7340176395502,110.0318148274819,356.51395541118427,264.83237350520244,4,84.54658748141833,600.3955724766872,17666.102535847578,919.7267635479749,152.73050675459214,812.4003162552327,752.325224022,13832.077277366094,405.20544585248484,741.9731334165127,0.2320525088143717,9.07921440254883,6.2159489812838356,0,yes
247.64878208257468,271.156312444231,313.0471064036217,295.04835558298635,0,98.6353931980235,819.2885194502169,17703.801897626483,917.3330855810707,453.75911636907426,484.70258641118005,958.074687009682,14463.49590802575,446.75747853078053,659.2876807458009,0.273663882305206,9.14596121068127,6.55285582189963,0,yes
290.27555983934064,258.05151470214935,145.44402348131737,205.99751286811102,4,89.56717816786013,926.9972886400193,18776.67431206416,917.8304926278031,889.6712719030157,33.90929961581605,877.8251702918992,10118.930261093325,343.3561726992257,704.8050685744242,0.23734578430579337,9.706813074096976,4.745520509257224,0,yes
216.7380874277808,366.1518457951918,229.0861627854439,262.09361164415003,1,48.09970620680045,702.5748424827622,19379.95000274074,924.8794921099895,286.6555049042185,642.936175895027,834.9027516164509,10601.029177230612,232.0925412015157,755.8032140740922,0.2820198216554784,9.959167845360978,4.884267168340739,0,yes
294.9145774231641,144.2116464656368,279.51983630638233,291.73574067184757,1,37.44324587125362,676.9691541287318,16256.978833960962,922.6701682846067,337.6989108987082,637.7303847253975,810.1291146889748,12130.215722105864,587.2085494401813,711.4456459172045,0.21780771403214189,8.391757062297316,5.628506068752722,0,yes
213.38144794155923,177.7078603186285,224.27932973564396,278.2393706908022,0,54.40950457422077,952.4440463956976,19708.93113135944,939.3600471140998,458.69572787477074,450.7733002217752,732.0892615559768,14200.543326546947,896.1680913201111,677.5464424064834,0.2052793920679674,10.181713437823175,6.535475115506368,0,yes
242.38949053105756,361.4958713557194,195.49423345931714,287.1292845394805,0,86.8476239117268,719.6499346034776,18656.634227034414,986.9540262601449,622.8768993607997,345.8827600372823,859.0736911611773,12781.435475515365,678.3764516344856,624.0146039383031,0.2825579287493406,9.609819689940682,5.932631778589813,0,yes
294.52818149817267,267.5970116852878,221.59658319962824,271.1007956772188,0,80.61825194202444,921.3720468318621,16611.821997423518,960.8458280314721,792.3186179976619,149.06267268455565,822.4563159752423,12004.217332693519,207.44552171736288,672.9176728327487,0.2528287268491652,8.62900865130651,5.421363140930087,0,yes
244.5938863235196,147.24662341603653,344.56093186600583,273.75613552774473,4,23.55521319907954,809.8244807525986,18564.84900754094,930.7715358307515,725.9939231719376,205.59556847203976,967.5922053953082,10835.374679101757,113.05583203894099,675.4279094206751,0.23231936553634508,9.576206374287136,4.973111146906362,0,yes
297.10512869075524,176.40828303621464,314.385391291563,235.69921305391085,0,29.736571355791177,700.368428886349,19119.25741415379,916.0301146577738,160.03614323999787,776.190416063456,985.6930430422342,13723.03632309956,762.7822167951293,774.9604471861924,0.22176128366073503,9.827125776416286,6.409123816471041,0,yes
254.3409566191313,381.67479065685194,307.2838000311221,249.03080743900765,0,92.75555387298397,659.6124050264759,18004.37977004094,975.7192183930526,118.56359674633322,819.6423832249269,848.4658660603595,10249.952529298642,249.15723543021215,676.1510613224539,0.30762176623213905,9.26895360707746,4.746734921771575,0,yes
222.45422827018925,112.40979101576701,256.0629171583641,248.5517094451207,1,73.24023377226023,798.6953352903979,18475.573222660514,914.2352581851137,817.8237189398614,157.41550330223617,873.8149882019186,13657.695477127822,725.9656062716372,759.300258932948,0.18709212770451197,9.5268194114541,6.326795328047853,0,yes
258.59026136029746,104.80304802687337,325.40563234332166,212.52100020178108,0,98.93611286299877,857.2226178654766,15153.048502740536,917.3222095233853,947.8458055182067,36.14151302812991,920.1264171846606,12400.452731583664,880.4123035363071,655.819969575625,0.19451031597259008,7.879105547722203,5.891742454888126,0,yes
270.3690192660862,218.32337681108484,311.4319595817029,249.99557927588972,4,72.3652801293614,861.0998239287032,16752.69082085173,991.3688558752926,87.09276232572154,836.9006997093254,883.9340404543923,12816.13234776003,382.2694498279664,768.1513209401138,0.258767631239636,8.689995697010756,5.850869185069019,0,yes
217.5477477085504,144.14291125167327,326.16010444634685,296.6557324818587,1,24.935528234106712,688.0496362285271,16075.263207788203,909.5189049927721,65.38128073711145,902.373134281854,721.0713111906274,10324.058786577141,885.0506283465252,781.966850666345,0.21673438774756046,8.301532538010214,4.99786534636786,0,yes
261.04046652309336,192.6998475385243,304.8454618370565,277.4577972870084,4,96.75112594697774,847.9137340285985,16082.906599381493,958.6094753157616,83.17105459018468,855.5362004912547,885.4908340197383,11157.904849695135,622.185500384018,795.4782848839099,0.25457949031523,8.347604447409285,5.2898339245136015,0,yes
231.626151733809,234.60191473936678,313.6017798948729,205.57468244258618,1,91.2703618055134,711.3489779123632,15305.93930308299,983.7640626170383,603.2151910125514,386.300344535975,727.6793606844041,12247.254498642267,836.2526944404499,655.0320298668564,0.24230705919508255,7.9322009194249725,5.736483138047461,0,yes
210.51472514225514,317.15963252269563,110.10053885391704,248.58485620333892,0,54.81842156034769,665.9881427481779,16085.723539828668,947.0960693334165,875.1695954121752,106.14631006691832,729.3661389505855,11093.267090788093,709.6179794391154,629.7245740250249,0.2319829960791256,8.307074345147626,5.220459813329941,0,yes
234.3574231445378,362.1233400057499,229.26454118607964,229.35330607379169,1,20.233155065919483,956.505475087801,16427.408776837867,928.8278213957152,829.1302481149629,127.43431582408994,783.6060771579648,10351.008422666633,462.4671391469721,731.0589526910484,0.2726190647697,8.540439824079028,4.856309971963333,0,yes
284.8102854431932,330.33774624211844,369.6759586997396,213.86548856353775,1,74.90121687385283,751.3939130044474,17291.405858668946,919.9337134033963,539.1302340887879,368.0384963436769,879.3186016509205,13010.721069183503,297.5741076721909,794.0253156393624,0.29814362436880887,8.924996340878167,5.894136413586668,0,yes
224.1770084492817,387.24442463695374,198.49586115653983,214.87604914683826,4,32.91842447035667,790.2156726254301,15485.506516642961,919.7089348491102,376.37336118950384,612.8705892268022,969.0287447515992,12726.310053927533,570.980192361413,707.3349733085404,0.2859265328511807,8.03064292619309,5.925381653564516,0,yes
205.10345983774346,341.5575254339522,200.93458435693663,240.87819785405617,1,80.8568249516133,903.6972792713834,17040.510419182923,949.1451847570695,583.9883357326836,341.21884461890716,892.5760656308705,11671.14093962606,255.153187002076,788.0607617666878,0.2649583114988652,8.837718273057481,5.34830664585345,0,yes
239.2347840479102,238.2755082445129,179.50157561370156,217.38649967572098,0,56.29507054289883,957.8430599099536,17539.51474902756,996.5143081462718,436.6565052568786,473.6666450923594,788.3184242119678,10016.429808001982,811.957739262615,643.6816922087592,0.2118826668601493,9.10613408145876,4.846309527361973,0,yes
251.78483557502602,385.1792569543992,382.1927744615407,231.4291069168625,4,21.99965941144938,884.3881683560451,16916.690201361762,952.0778908778561,521.6071866281475,436.27379109670494,790.4884948920378,12682.093264484593,815.968314484144,724.0216495784504,0.32726705281584356,8.77183092295957,5.932146490938201,0,yes
228.18063713232408,178.8615615287909,381.9356164342799,271.74628085202033,1,74.79540447156425,683.9221092062405,15459.453823676127,984.5282715493912,667.5567082113478,290.49624532230007,984.4094081546519,10964.17346509215,442.0992647484163,723.2524972526566,0.244405043944418,8.003034690387976,5.172921182511826,0,yes
257.36742384117866,154.49367279042932,139.28430325882036,221.4068755694741,4,95.669037728707,635.4574614306771,18007.510096201433,963.3173861546587,38.02267196630801,884.7330233283791,955.9478096040018,11603.346520795023,423.38028785267915,773.6421237208599,0.19437385836128213,9.263531990537215,5.411567396961782,0,yes
212.77889989492112,273.83561989637474,263.1485337427885,220.7965491405223,4,88.66739608300816,659.4162509016542,19733.889046549248,962.7204031096865,367.4103035919469,550.5658589656381,783.0960413608273,13264.116998108037,632.8991240337771,629.4245477428423,0.2602469040822545,10.131870541526869,6.070852391088464,0,yes
233.22393221113703,270.4216385912067,236.85075214057395,222.43120256553803,4,56.397465845806664,859.4931968399729,18786.682261736394,958.8030331101968,643.7415911214914,336.6775186665668,708.0038797628594,13972.658493043768,116.94610818458555,772.2048215697931,0.2524732446248419,9.702127314896474,6.145283954480731,0,yes
211.55933345346375,260.87594845431533,308.1185715381932,299.44825133723856,0,46.875459621265264,725.6532141366981,17728.717970728692,924.2824386587074,319.0789817367858,638.3499721731816,726.2319705266815,13042.028551202846,773.2468479860078,623.1860077604172,0.25837925877705525,9.138555323618844,6.020009656787254,0,yes
297.78437487630174,193.29458072462882,133.6454029537316,284.2776339992667,1,27.78602447224064,841.5283385300461,19003.450204063964,988.8048745267187,639.7602915080554,293.245280319868,996.4429002782192,14785.523639792807,475.941792122278,664.3641179437143,0.2059244625720036,9.810613062239021,6.7086057637832015,0,yes
254.20661656861185,341.04111070090755,349.23830685900236,211.84320638777308,1,32.26164328483443,707.519599335192,16302.36350279588,908.7099734099701,586.3255692060062,359.59831357052065,963.8108394335043,14343.041148932401,671.1318805913879,775.2786589674803,0.28869963505476526,8.419252475129667,6.613086833341509,0,yes
233.8185539311564,177.55540559713936,248.0080559881445,296.6673793420936,0,70.67223304104635,925.5973685796689,18717.368683406057,916.4385302465697,684.4585584630737,255.8484362525337,758.2784766742732,11040.819696409599,491.3218128751132,743.6992307557798,0.2182751115490393,9.676650476328996,5.133086452910593,0,yes
268.05291428777633,171.34678327680453,274.5585571222677,280.02977533522363,1,88.40980674846433,927.4109463387235,15160.396696725216,900.6573754703736,244.1638527575617,749.4554674804729,892.9015788473398,12747.164614910605,345.2673804818895,606.1348695068555,0.22833351578571703,7.896424521125188,5.800318773673961,0,yes
227.7233870434725,193.13954358310184,219.90604018293044,224.40975104964522,4,60.14560394434848,640.7162099174527,17215.87497781355,992.5326478928887,12.277972066347056,899.0583293283576,776.1660348747843,14638.032488133078,784.2351015945097,721.6970725053926,0.21834348127124964,8.872902181327204,6.689408371548451,0,yes
255.2844852482446,256.24590979454615,387.31494540156393,285.082494853061,1,87.64268800626654,668.4721122747964,17988.705736033357,931.0984865686268,667.4845411122874,236.57467638751814,999.9430290612271,11961.695828323007,576.2682509584663,775.3607904893919,0.2841430928163397,9.256913252104608,5.631335596274878,0,yes
253.28467699822647,212.18445173399974,195.7288738720072,288.8407370778772,4,50.16866094299891,888.0746162345197,17476.98072236861,907.1820982785571,556.2982307893833,409.1038097563478,919.8962139218667,13291.686595485135,789.4627076609479,624.3318072876983,0.23598864276238016,9.046659496158007,6.205073766384979,0,yes
278.3035455390968,327.9315700707912,306.70775350936185,240.38531223638864,1,90.59154129281083,689.3702952895125,16328.114548279695,975.2517294599276,869.9506230161725,63.7997553389871,885.1380815148382,13676.220472946421,366.9114588989327,739.7304274004609,0.291040426641045,8.43727733704156,6.186799972751096,0,yes
239.24787787289802,376.23013477475536,313.60772588138786,230.19052294282164,0,22.59664722690685,616.6611058226827,16550.700949216833,993.5134924446595,732.8630737207195,184.177720333127,776.9143452218101,12460.184498090808,793.0190006242585,721.9613331194342,0.29221284820811594,8.535211365673737,5.822896422123,0,yes
266.3494184189041,180.107089541376,149.56792135573153,271.9063877878451,4,54.184080572198916,633.7793482202156,17082.00067007374,922.131550490907,365.0118218601356,574.6062498449271,757.6465168679249,12193.272080237213,531.5944381922047,611.2179425285481,0.21269611886289477,8.794753900764123,5.592400659113196,0,yes
272.8823715028075,314.8761122113102,240.72355419372965,253.29764889670568,4,21.005519703619385,674.4673958217704,16831.88764363117,930.4034375263952,719.6870770771761,227.09648748876396,897.7616991760134,12329.063552820577,850.6149951038278,636.057330105429,0.27777001998460404,8.679722173964384,5.834600295366964,0,yes
288.57024064109964,127.89136146031632,366.166151345711,259.43976740519395,4,29.083129017549318,732.504916573979,15178.75132457028,918.6479904786196,391.93042969518353,573.4621196305919,788.8771195801457,14569.6079722929,777.5360624918611,760.7141005504245,0.23229500172396864,7.86431415498072,6.677041687302937,0,yes
297.7929608256638,336.0073289971129,161.2221429528796,213.83993400134358,4,69.17467779829258,639.1088196927556,16645.488319729953,947.1892570914861,288.40230484435295,612.6724068704425,762.2570652056042,14560.852331074591,815.3514836649523,758.7497937301194,0.2716407899111673,8.581096531547868,6.668936741113125,0,yes
219.58559587118003,227.847800947664,184.97314930553992,272.10773722619876,1,61.35438811354703,838.9531501787578,17564.121234577975,973.4229481997602,56.240561009452975,903.4359111251215,731.3540773535925,14203.379843324023,606.747647097784,704.1069845852387,0.2219040680849527,9.088240951161275,6.430933645011387,0,yes
214.50827821494215,343.79382406858633,179.72865336093338,238.92469943986498,4,39.262877859216154,732.5954693196604,19943.463241811794,951.6979332646035,839.2613209618819,151.59162435316284,915.8133568034236,14168.74957840409,111.21542201790308,677.8332078038583,0.269179154348085,10.251223513876747,6.293499951939647,0,yes
254.25849523012798,346.30998201347944,298.3797412209914,252.60810752689432,4,80.23069744152994,813.8175215348048,18776.563247714992,935.8411495334738,656.2072676754127,306.060960509902,887.1275471109001,13999.771065168985,821.7933159327689,720.629691016537,0.306824977613444,9.683651776350063,6.500358940246795,0,yes
210.0097353798241,169.64600412733841,322.46444263798196,251.84057886151658,4,57.804709256455624,705.0001438654544,15315.651520583655,973.2540300356632,477.702213089864,437.99418548959864,832.2475012799823,14635.773072602053,230.8240044696271,717.1742369701306,0.2324131188990696,7.934205435067969,6.489569976640077,0,yes
232.96258612146366,353.0576817859808,329.95267410790274,287.8193235945778,1,59.094784360282915,885.464803098404,19836.305525751704,916.2825603072184,578.1365420903093,366.9120859308367,842.5156943611496,10267.287961645912,898.2220888923058,620.2792331388163,0.3055317186824566,10.226973384763408,5.004534023552266,0,yes
235.74030001766664,279.5741629095023,319.22710737658974,236.999086499813,4,92.8085334325227,645.6756359447744,17665.64782639716,936.5361143229628,606.5856485996544,369.27695751733086,846.1308283294908,14803.666717459066,118.36127785619999,757.978308437323,0.2804191544643594,9.091146087684416,6.530978683673159,0,yes
221.31510713107815,379.0208877198111,351.90211889057036,227.30262233827378,1,87.2679815845578,979.277896804792,18823.74331276748,998.9594101867791,410.0190655908436,571.9500571313172,909.9788690687875,13239.951793336228,235.00436626130093,782.160976492705,0.31027464797334126,9.753519955970907,5.981757880993912,0,yes
265.9523590874817,190.2571610043353,183.78875382782562,265.3401936671147,4,70.07804669485861,621.9968762754659,18088.54805129652,918.3319559927805,581.3729931864744,344.95179036139393,703.1119172806111,12211.822090657432,125.60860585331754,776.8113317240767,0.2242348886967609,9.294941595538637,5.43562601469523,0,yes
238.0480044231454,246.92065454662202,144.23568481492464,239.95812581387756,1,67.7915945502555,922.9770975093594,19161.469123363706,962.4261485115544,872.3441872564414,49.39900389955187,771.0013698855137,14627.91468943347,806.6444564916036,740.2141014478548,0.21809714231700622,9.904416123683891,6.696135689138707,0,yes
295.9126721799636,333.00237074113545,216.55736213623385,291.6958439571435,1,55.445937158929766,650.303723829601,18567.0700974656,962.9358781106934,403.07087707931896,586.5339024125267,947.3356974984096,14762.96882963433,622.4078816890844,682.7423335896971,0.2831128130272045,9.546499143039872,6.74874646532466,0,yes
232.38927849989685,366.54723872073043,285.98659412405857,205.61023798025474,0,22.88235155101465,746.6845854509176,16271.321477985828,908.4673688490329,581.4518483320021,319.9259290857408,809.5925919862515,11844.585056410435,139.9809775979156,797.4097110550764,0.27706868578439153,8.412344517182872,5.336417619760577,0,yes
228.51451665707378,341.89629154986153,128.53399352258558,251.09188431180763,4,85.57625201056486,996.3592279795718,16149.697530195082,983.9254339259401,354.2607765853318,623.5727266646079,907.3967445313272,10432.544327474836,139.14981422306533,651.1005931092473,0.26820552790435426,8.418357458127597,4.8015118001865185,0,yes
278.4934321307889,301.2788302772585,379.38099368644595,264.2039831367917,4,54.53480221908562,658.3654434086195,16100.983763593573,966.9601274539111,816.0517113620966,84.03937774006215,939.4849772655601,12772.547373228046,180.55130900675573,668.2620296144096,0.3071683307661426,8.315773005894174,5.758488803290731,0,yes
206.0172504841164,313.6442461851766,120.46768713977504,251.9980112648159,1,30.570620740141294,762.25405198406,16356.469675541364,929.8494138887144,355.14587118503067,561.7665486625926,808.9933611334822,12314.070315585872,452.0893233037163,721.7545917340494,0.23371767490932008,8.461293845376588,5.6408655729330075,0,yes
284.8990805707323,336.0044034172688,175.8976378668679,240.18936946880288,0,96.90624528402296,828.9953622280341,19838.876165659916,938.5739977020907,780.9919044574387,190.4161130143657,780.271092247372,14978.107507654107,686.6155127498056,785.8188765821166,0.26569790684694533,10.21858352988796,6.804809851839647,0,yes
292.17242818647577,395.97240278474914,322.4310211307941,260.35958050603733,1,80.5751438410961,923.063158905281,17996.43320670266,931.7546883614631,734.7273561180513,181.43146471572948,873.5356243507678,11922.767780834818,429.6804045090045,665.4166023921748,0.32589354595840425,9.31770105248097,5.493667961210349,0,yes
207.1292156483338,273.3101681888993,340.14334930708605,266.6444904417809,4,50.01652122171849,709.6755301376085,15246.917399707281,941.9195583848166,162.0743585992105,776.9700150303399,913.167627305105,10182.148757777464,832.6016696589044,747.0198836012651,0.27903283894466485,7.896550908661833,4.98835337171679,0,yes
255.73618797590908,240.68397508655534,316.36553148306774,287.83184786341945,1,49.86102083656492,929.205448926912,18963.363046800143,960.4118555340852,465.91878876881304,522.7175371900996,992.8082449284532,13047.036310141046,889.9777008800708,695.5565279211245,0.2595853809299461,9.806506814289685,6.189144337235816,0,yes
255.18475905078725,294.98119368074856,219.98611354319195,285.18087851105554,1,58.93646894796863,746.4101784905642,17311.77043818791,970.3922098254911,517.3971552174569,471.3242181370956,840.1282486023144,11392.654945816545,603.4177140131554,719.8934329926334,0.2625692364310727,8.941009488086078,5.354922179586474,0,yes
259.4304110539937,252.9296698038974,145.56561139981318,282.7287146113931,4,25.246015674444582,698.9843276075447,15871.411904333558,990.082681082963,813.376731614874,124.74785606289925,902.4341020435945,10973.781049604277,280.8232570922345,704.4562186230834,0.2386766724733061,8.213091723547917,5.074238494125208,0,yes
277.5769943673856,224.51855049054274,233.00839105836013,297.5310736682077,4,81.291802442738,815.8467260415019,17244.69262301667,926.4430016195516,758.2451368023372,214.0263523724318,909.2945382586984,12708.186898976539,102.08745671376569,712.1166503387673,0.2571030050300729,8.916882446490296,5.704964541706443,0,yes
222.67282193932596,105.6080406991352,253.97665165015252,296.48050532155503,1,31.60440166798498,754.3893661497898,19166.449984477982,921.1709265977021,299.29366177175456,674.4225958010713,921.1229899324602,10693.631617328296,224.43517580921304,779.2381632134948,0.18833393067871593,9.863351457142848,4.961928018980521,0,yes
269.0304842208544,369.0493287819696,227.01243479212465,273.54917535498066,4,62.47887824745313,822.9889953244463,16645.56027273021,971.8056628597161,187.84918152982863,725.6605962790329,910.6080287465339,10841.311702899176,698.2826776723683,738.7819853561415,0.30547248721975717,8.625154849264682,5.1926767826942415,0,yes
256.9169571544949,171.03402296548956,248.6810201494499,209.83371640193553,4,40.27199529887456,710.9620097388313,16716.045006432545,920.9497721207919,211.01175396786707,739.4845835812874,922.0054941768132,11767.204485266528,421.4769544622027,693.8900076863886,0.2135329827493806,8.628523702865971,5.456003890318793,0,yes
232.3928512980173,277.5922710687651,236.47153439408496,274.794833945592,0,47.59497639490008,902.1191703832937,19977.19001425022,961.2552969088101,544.8553841855841,454.37762298589087,989.7893230725156,13316.325802382502,431.5258332285141,674.8949990902336,0.24852693360592376,10.307366975307666,6.111021652214282,0,yes
283.24355300834446,194.7892061467445,288.2012463510528,207.99945808193328,1,77.50339300468691,777.622036501661,18025.360523259948,997.2407461713482,630.1591628445867,352.1548677747894,844.9942621790922,10669.989908943933,154.473826214545,652.9598745199669,0.2265847890326791,9.308448926698677,4.878522354643797,0,yes
230.4647436270121,368.841480212815,235.50889975399062,245.16649246897913,4,60.87286753484773,901.4072025851488,16026.185514873161,926.8787855887513,429.1036999682375,543.9575834429648,875.534484059506,14918.742414622095,515.8513636953825,673.017094736897,0.29633387946667805,8.32697959243147,6.736143804424881,0,yes
232.42213504566323,180.0657821817996,375.93927762708154,240.98786204835886,1,55.679621548875524,781.3014128868208,16902.174830313797,974.5791507442092,420.4720507026532,534.1223824090212,804.7214561877698,12006.487227251127,820.0464864211772,694.4906190963136,0.23566840633692118,8.744535381804218,5.664874365398259,0,yes
243.30617601639725,174.1536813686697,388.0627762952982,260.578206905425,0,20.149162314179065,832.917051861358,15828.227223415006,959.2598797594814,806.0538951939842,110.7717785317758,700.7417640067919,11537.896964205302,487.3459415376176,772.7355072855022,0.2325561620511491,8.216983936632117,5.3079594474383045,0,yes
218.29000463328705,109.42814527573532,110.21131925639344,275.6184548487239,4,32.75584638044617,896.8670618362618,16153.196223749586,970.9727506740315,215.13715525080792,776.6439413525504,857.0324527406449,12615.69023377572,216.36667578676594,640.7997283767182,0.16852779345647453,8.395518255811696,5.686093735597617,0,yes
265.962737277784,104.35607843525665,325.9121302316605,252.01407014195297,4,48.80291831738543,605.6950211424855,17684.06553624185,965.866713284713,607.976717583881,382.7502927821156,967.4201273863515,10129.261805437984,505.4487585323478,738.8890126401296,0.2129607656094846,9.095684838914872,4.864089079367906,0,yes
254.94824944337944,367.1105977038688,353.7368017659966,298.63483743522033,0,54.2693638040392,839.5606821177954,16411.096976352965,970.2235432373332,22.281507419046616,948.9264865390338,993.6707235420392,11996.314676860406,752.9980952388302,692.3040316420255,0.3162453438107592,8.511423352086057,5.711568521084586,0,yes
221.1280439011594,189.80021052390396,235.568725660955,267.8617931329589,4,44.97654207800039,965.7637970198523,17337.22144820653,974.7667298475026,629.840402909989,305.7138091589562,984.2853962913001,13440.431097082743,271.71462898719136,612.3416842641008,0.22609104035840377,9.00379488876113,6.07755677378288,0,yes
299.0902628582933,317.8718861104984,332.0538847268732,291.2169602669484,0,69.33400862267413,960.6713328104163,18110.29640584118,974.4009123193183,558.4645388377414,350.55723729897284,754.586925814525,14575.809907324066,357.79859686018784,623.6179790269769,0.298212863248006,9.38911128938005,6.472103753934365,0,yes
287.3478591533306,270.4821491016487,183.5332446150819,243.8502522329149,0,85.55755141704975,758.6462810044229,18763.642532218088,917.9890689424341,653.9840377016939,326.91138597410725,771.8278203219746,13033.324207257036,575.106622666047,753.5634924611143,0.24063123285109206,9.662456453359713,5.975927509964253,0,yes
221.63403179314207,390.6712678842617,277.2294147625545,232.05848706397032,1,94.34012473374155,635.6519186168325,17987.22612333986,921.7283918530208,844.9635012682176,153.51209866696752,857.2872519713167,12538.848346232498,791.8178068640669,738.3775800163078,0.30188113976011716,9.247719672581601,5.899425640314716,0,yes
246.24585685634182,145.20425041422294,102.63578346832293,217.29254600492354,0,72.93729739382408,651.0806207216832,15316.297680594313,980.8735193779937,867.9583542173019,123.03479837851773,953.1174318021119,11324.97178939962,702.1615002605591,653.7662580579072,0.1622405865918361,7.92376069271176,5.404147706662654,0,yes
229.1316574603091,338.91869373742276,384.99146523165643,263.3223700477658,4,42.21998846268959,839.5313466797185,18684.714358538782,922.2083030269033,93.41716536824957,874.4240350078489,917.7825866884715,14005.613244663222,499.30124811972655,613.5719720385608,0.3153794453786237,9.641625285617403,6.372666440627969,0,yes
226.27743731528977,374.30581285010385,362.1993635450118,263.17230177302145,0,68.36544794110118,989.9213669788969,18311.503348403432,910.9520987677051,225.77987000966473,754.8045394963244,962.4684162847603,10339.476633002942,600.0577714565254,708.6770146204302,0.3118718908187796,9.487738171361732,4.9786330535082275,0,yes
202.4049262980719,179.42051874903416,141.65037598956656,273.47482724586666,4,33.01060822395571,648.6148780418856,15635.775994389613,978.2968807252955,898.2799657750711,31.54415436710474,773.0564158418035,11304.39461941669,665.2855128005657,665.8738153241267,0.20041092180332776,8.082604788046492,5.302299217340726,0,yes
278.42009254534787,217.7111264639604,231.36322881062512,299.92228061973515,1,22.654522705863577,953.7700670384179,15452.005229118426,965.7263685217858,265.5216997765389,688.341095812975,993.1449011373534,13752.651560884278,724.7297543023618,654.2240683392699,0.2352652521451293,8.057183355169402,6.395187853927485,0,yes
295.56598165527066,135.07786372561645,201.8892854898495,255.34842034784992,0,40.67002902397054,769.043400535946,19036.707469165995,987.1491494385997,554.7288705714399,345.6016876161758,809.9863797143713,11234.804212435107,843.4512265868167,729.8648930361528,0.18783874348045493,9.810815518347379,5.3649119524298445,0,yes
238.10752510926145,158.1187242771009,139.94514268679768,244.7830857219382,4,31.934059781739805,800.0589211781041,17467.12275990405,928.4356162783872,630.5086137035471,302.4014389320239,911.8045507597155,12732.610916512089,807.8393931246029,609.0228045757121,0.19018363104616276,9.024841304707445,5.979090845660286,0,yes
209.34443129167818,387.48146995968784,221.00628890511206,281.9079840943468,0,28.821890228150096,732.9709816648719,15063.498791040818,938.133464675281,119.88843881161114,846.1205202506758,973.1746361757419,10683.579357523115,468.3738312687634,740.4627543912909,0.2855423990524709,7.80946019420625,5.07007761791272,0,yes
287.1766421649207,100.60486601263037,301.04606103423555,290.52083637909385,4,20.809370627612125,733.4536985594673,18586.822836531504,934.1684811942891,36.11996196833254,929.0497911666357,887.8852780424759,10115.70505629592,135.6876485010477,644.400761176199,0.2133562587339114,9.570684913004804,4.662959531291069,0,yes
265.6416838578013,244.47268180520754,299.2967635338887,288.04148287489863,4,25.850148932448285,659.9326140969943,17116.606849041873,989.7539602808745,224.33878686533646,701.7342971577581,937.6013337097336,10148.3263223248,667.8853926010238,639.35445106419,0.26796444953341525,8.827080236109706,4.9027393559629875,0,yes
248.12179735935533,277.7280218323796,323.6711252699969,217.44376279068172,1,36.24345193093927,681.1976906509298,19742.11946701993,949.1420586006496,276.2799731996336,637.1470651795578,889.27211843279,12860.073541078124,327.71736587983844,612.1782609243033,0.2591120795873979,10.13888615245923,5.826759219082378,0,yes
271.3169633241825,326.6797424749982,348.69632307454646,223.22711638111986,1,43.68785475305081,802.4656469746216,16522.408221060585,925.8374152991382,623.5644960682133,342.69554172124344,874.7480775386921,11868.543709348598,899.1593104159382,707.2899550046614,0.28872441260047527,8.552665593731527,5.6726496675253815,0,yes
208.72564083069415,116.01861428744087,250.5024054693799,270.0512286214423,0,62.19074447414428,785.7566040934873,15526.835849024445,913.3695529936443,895.725915258139,64.09442291951359,777.6493884265778,12173.286680530215,784.7177356834109,655.1138860914884,0.18460118265915215,8.049447524564371,5.702176163227543,0,yes
277.16189337699967,136.3364200942902,175.2300133187989,226.72151341996664,0,69.95411964701046,768.0686986279,18565.532178909376,900.0528032391057,519.9710936781279,418.32971502774853,700.685515999814,11539.061136477447,352.7113693808155,664.1571040122473,0.17863446284420514,9.56304445690486,5.243124854080046,0,yes
243.73156881964923,294.0798095289715,201.40774463526301,233.92669877244404,1,94.22910962378586,725.98347393182,17134.76785303417,900.9233233225801,744.2064875470435,165.25441904323452,744.5194354410605,13091.286632875532,415.7962604567162,781.781547667847,0.2512316629565996,8.838462597868373,5.918407808666438,0,yes
219.01526677221221,262.9245431378385,331.3639030318885,223.37210075004845,1,39.411344355576944,678.8078994473793,16466.093357288555,987.1610501783985,343.7815248077794,623.7317447059139,811.8268516711414,10478.066370653005,597.7957923616505,622.3386373142458,0.25263563139837425,8.50559744655622,4.959762188147454,0,yes
258.0327759725097,141.04174651400123,235.23351308331593,299.55048341203207,4,37.26145107563541,990.0311551193103,19563.913101389677,980.3988101622883,896.8015039212397,52.610568857312956,712.0971333976861,10620.729905373808,352.5535606484542,729.7764701986295,0.2165526912412623,10.123513809474144,4.8904751576230305,0,yes
238.12469719862438,121.66790773436337,295.13174935390145,258.5155853316571,0,75.76506894311063,862.4276073379499,16720.00428741195,908.9440775815559,607.6373884849438,384.0608560041369,701.5751832764132,13466.412695921577,185.64588541298903,731.9439372111641,0.19889892656201724,8.662612694532228,5.963903962399816,0,yes
210.25038499561745,128.585962812339,115.50062299943933,234.26522754129522,0,49.60339072286318,883.3501649386698,19988.93945293992,971.8603282848566,783.2622165179519,197.63372766486918,772.3601347759289,12774.282688265379,319.1740392314223,787.751156149348,0.15408073920129275,10.310448052693019,5.774709071808982,0,yes
205.635797018796,294.9506223986648,296.35644976562526,277.5425342224702,4,97.09500866669049,961.4264531836984,16249.543846816327,954.9631812995206,850.3753202005247,50.56108608679165,837.5080416690801,12971.535571846835,897.1780182509007,763.2873192598588,0.2868421153391787,8.456227037329414,6.096626269896328,0,yes
288.1991032140122,310.23654214040766,233.29230615744171,221.97921076556864,1,78.3581977456894,946.9513845389314,17563.79561679866,925.830317187187,411.0542826633682,500.55331635337745,764.6875996095682,14358.083211844005,613.531967943449,703.66106789899,0.2653131457758414,9.106031578261238,6.502209079497578,0,yes
243.44139014125176,212.43686967203064,323.350992893799,250.09862243294725,1,60.21354303621584,737.1904151354829,15254.171784284837,951.7832477726117,83.81082486064626,837.9014963823715,832.8428016086779,12734.715851948376,250.8816279232666,699.2156935842174,0.24188376244876744,7.907605063915876,5.735858639986239,0,yes
210.96788374500298,258.15707631635365,130.0725168240558,258.2182867232961,4,57.615946447938775,762.3400585353787,19570.503736347113,935.7361674297949,23.51551690718424,921.7623727819256,951.3467155936082,12993.01224540957,878.2963848972715,664.2459285941817,0.2307119082679738,10.069137063235084,6.136173676813634,0,yes
265.35346731699985,155.9594889387036,220.85528884430283,286.3264242511829,4,25.968780578044147,972.8445019743726,15344.779497671285,979.946894606714,851.2246240113336,98.47100903066075,726.9378008569878,12342.760517134537,732.064249654187,698.9629925665508,0.21650630290171977,8.009919784187582,5.73299300628938,0,yes
260.12072367366034,164.64003304396817,379.0534278603288,255.07919329201724,4,22.76817720387281,937.0006474672693,16309.147393189496,916.8321015354194,907.6771515490084,75.49395657563139,852.838543928258,14797.236895210484,374.86459546107005,789.4304433189499,0.2443044122876822,8.475198628115693,6.638897810454409,0,yes
278.60125057774263,359.40794459765937,256.26251923212396,247.4052029992297,1,75.73336941893088,627.8685769883385,19332.417956786278,929.9405801068241,827.9756884105193,102.68727276811398,861.8120200526633,11609.30940892444,430.4187289206515,636.1024927820678,0.29311519482497356,9.919743960281474,5.3620334606031,0,yes
247.88157611406652,142.95232958489984,246.6176951094151,227.2056158573979,1,66.57592814932983,750.7415239095211,17163.05511569588,983.6862319834822,700.5874731898311,258.8762258510985,942.79444191393,10692.197393766613,455.6172489537448,656.165218302356,0.1955258308915965,8.86944947766618,5.04424700685223,0,yes
299.61481254485386,376.4881983446544,289.5673752806873,294.21843379984387,1,51.440057121234695,906.4318425276396,19251.496125221878,965.1090280231433,777.5661605504441,156.2760929851412,869.5031005521589,11903.97604215742,721.1847366448376,744.9702318184765,0.3155794485869948,9.94603175024262,5.614065724386052,0,yes
289.9418697959004,233.28272377300115,330.0086442074079,203.62662495268603,1,83.24940390199185,844.3562454622947,18520.69077532155,985.3061404254184,117.63696192382456,818.0101949799757,940.6580652462703,11592.305339646888,370.43798778311816,616.8110908151923,0.25104023099749234,9.569384374291715,5.360940742527056,0,yes
245.82745040947862,373.10873662203693,305.43660980596115,249.5904264382622,1,70.59244736150032,807.7617939177698,17655.04490347059,909.5247492899622,861.8998274693034,108.68352725362558,752.2857444921847,14660.310861379206,890.0568668276724,606.3910956606526,0.30407441615248404,9.117937059331062,6.724091276520419,0,yes
237.29082199958302,100.63410347092905,276.9578258045535,203.94363590557043,1,33.38380847062612,674.9207750075251,19967.00271976898,978.3641159276054,806.2952864803931,145.89062871319936,997.9391486926836,14556.076955316752,702.4003820553352,638.5329392274436,0.17450342497817267,10.253982150847204,6.70725775281587,0,yes
233.9568985912757,174.96767466439172,292.70002994029767,241.9083445959085,4,83.44271785191813,706.2172563582423,19739.07703365109,907.9372001070984,215.91108943892556,763.163813054734,781.0103773442015,10058.410653504081,524.5888167468989,643.3923091813876,0.23284981556929685,10.137217105288572,4.754641271663865,0,yes
242.80664851338332,352.71864819240994,273.7792179229007,246.1625737884179,4,26.47375160145551,856.7117337570746,16201.135951749462,998.3453707909516,309.70974419708057,632.5155527094377,739.3208320402679,10313.963016289565,871.6619884226874,634.811980437236,0.2949739847954629,8.41419715626594,4.972813272617885,0,yes
291.0086697614413,123.86038792113678,232.7849394377195,228.39095182370497,1,70.69289130380847,918.2299745650455,18419.183006335294,970.9520611016464,344.57617958433644,594.6122510879334,889.8867753019865,10728.58516742967,513.0288106037588,603.0612224416236,0.19133577875508678,9.53336742204456,5.050873547851631,0,yes
242.60782354048095,211.3921755963156,275.5955523504459,243.59540642469142,1,25.838413908370875,831.1435575545356,18716.708291706796,903.7317766558721,243.41290037181844,670.9552745864736,990.3020539168974,12125.40344472303,220.72172173861952,634.0394031484489,0.2261882539813997,9.653214925031545,5.533488659623362,0,yes
295.65283690046635,184.9200242738001,163.30557231854888,213.61517543660295,4,41.4323308075534,804.1904501746583,18237.580522808265,943.8959774284156,132.94121309023427,810.72662455876,803.697413409174,11568.095505900485,340.7698369056516,778.5389535124121,0.20781903491437367,9.413113900672602,5.3070434752843525,0,yes
249.26995046342267,320.05909592818864,388.67704015004256,208.33573064547173,1,92.58920404133326,819.8302040488007,18458.8803469498,980.1785084667295,143.99680947667576,826.2316219514962,939.8152596137932,10071.737222786862,232.19715819387926,644.633123018612,0.2944529530730596,9.532264851684017,4.705476888788853,0,yes
235.71823496737096,264.273788131122,200.6238957256349,203.76963090306182,0,34.75035737694455,926.3071353527973,15032.056076517727,909.5694697337966,926.2241207714505,52.50437275631691,904.5717894447192,14267.748860749045,652.46660876293,670.490074506477,0.2206307450079441,7.833217858360172,6.542458807021417,0,yes
233.707021779503,269.9363077052808,324.1068075256326,275.7521225447831,0,57.030432697622786,806.61032287375,17088.359631080613,958.6106240979366,442.0236629835403,491.0314704609569,918.2139623116196,14163.72157942202,350.5436754912086,632.8291011428207,0.26453510813515463,8.841068751169681,6.374308871694297,0,yes
238.26091197429838,189.9448116842177,301.5448501999757,272.96116801118194,1,85.7202558745635,975.4264994809148,15146.858493665291,952.0424941678831,699.2484111218166,214.23576717226274,942.1529228062714,14110.092223373655,284.0135571966376,688.3467859949353,0.23565045030532172,7.907703575090211,6.340428285169685,0,yes
288.67142586380857,313.03679915779463,193.98283370192448,258.35478940936224,0,37.17784719397888,826.2044140619199,17798.624628413483,915.8336206337752,814.4254775059264,135.02555782024797,778.2028806678867,13729.242668028399,510.0343480397781,661.8763618919987,0.25672966113962065,9.194717328709412,6.21436617759311,0,yes
291.2197288041939,355.09747347724647,332.79213588883374,245.51239317838846,4,34.622327031883636,659.0089025909758,15112.368719767144,972.9946665198077,66.31768195913602,886.1116131702182,748.4245693042741,10430.470920721711,249.22221362686548,695.997040686375,0.31474903604324933,7.822439529417801,4.7835199753344595,0,yes
278.40326294580217,195.9173267275994,169.35362819987776,281.0427475807506,4,28.76830017044739,716.047113041493,16348.455737582302,910.9913753697397,391.5202595423779,564.5235824418107,969.358997608459,13079.967523111744,313.44533377410335,617.5022992621396,0.2231361046887572,8.444488411349273,5.947582604526977,0,yes
224.18433308052812,167.20829448489826,200.76085520207596,209.73464543669195,1,65.53839599883017,940.5836521490221,15284.097729553518,991.9197006009229,868.9159679525579,80.60375424800884,822.6892469010497,12997.163008143367,431.02888628084395,611.741610015314,0.18943788690854965,7.973831665087603,5.901176813253717,0,yes
271.50098011593354,325.8362145908163,162.37815038666935,271.5687272650957,0,25.817923531240517,793.5302937317399,17546.01030227855,981.7297727563731,347.39062664969015,614.7360322609368,711.1115183005528,12215.991446111299,688.6017025137542,785.5641199927381,0.25456910686789136,9.070166755889447,5.6717791283690175,0,yes
283.10082404415095,375.46935676423766,167.53193357373806,261.9561836919374,0,51.00361112953118,622.1552456577836,19606.001556140858,972.8065360924404,23.513486733849042,939.0812475452512,887.9592489825891,14619.2894376749,424.90662831948276,768.667498045873,0.27816481596868653,10.061190002197652,6.596168871694304,0,yes
273.49224121662155,130.00920852963847,267.367194821607,276.38457908021456,0,37.683736816311836,967.2889565407963,16534.687528295326,955.0154935562284,908.5234641295847,35.57284073307801,705.1425001270812,14936.533126549595,480.69862727765474,737.0483492998562,0.19994260795389202,8.600153892401947,6.665505951065197,0,yes
247.9824293374561,153.8828332830362,123.69390163877132,201.5957678347321,0,66.425371555965,801.1050512181268,16934.56369844875,912.3446446771638,841.8808224149441,89.93031554160098,780.0954153412454,13581.275703366377,774.1400994862917,706.76704464548,0.16618512710348496,8.756594336075988,6.265066795354826,0,yes
285.3008798136964,254.04239576871493,166.58609550317746,252.59373938427552,0,21.25047400317981,748.6142541033778,18505.76229996614,936.1552050424408,721.731457242223,251.79229969070252,905.91546904957,14212.382325060356,753.8539193561616,724.2657189373676,0.22407165956292027,9.533780884594009,6.567777836493215,0,yes
212.86389835947992,344.9667862377858,162.54342387154287,241.69007931525343,4,63.944000013551054,756.282098137603,16016.794051910974,915.686011902362,196.741182700481,707.7341206547429,832.2564915436949,13578.468983321049,317.22769875685844,714.9759727505226,0.2696591484898935,8.288193112982347,6.099390766853118,0,yes
220.3374086418493,301.70781648270895,220.22442470449045,278.4787382435977,0,29.989748518975226,942.914036716262,15049.862487887722,932.1283495458088,461.98397506484747,522.4562574150373,930.2930262272247,10539.001223969115,289.3744922935523,645.7787466270436,0.25192521743197127,7.849003175202154,4.913560023560283,0,yes
272.35597417108175,188.05186400544204,164.45608343683784,249.72585623672506,4,53.28165602818315,882.2989283134855,19647.256622003162,966.5965483171592,151.07185767586324,827.716944526831,883.4975243101258,14909.79178774699,287.9234451602,666.6787259703416,0.2150623573901932,10.138641828557175,6.644536633501568,0,yes
273.3268869328259,169.9746381111012,179.8927590224593,226.55269782462986,4,48.00740045012815,934.8030136811185,19615.566120646916,992.7129262196306,450.7649165747858,449.84714681281724,980.4190601576547,13555.143233616069,394.8481319071628,725.5218211139645,0.20574412932947575,10.13835374135122,6.181242445114515,0,yes
282.19218676946883,159.74830545789294,385.86312404109793,214.41252572962122,4,52.40178285185968,691.9911397549118,17237.167568082637,984.900528343997,307.40350413367605,643.0278257718423,746.9879011409012,11745.125148908706,470.0887980213471,699.3534753072489,0.24209455997135088,8.893714561267634,5.397321434965318,0,yes
282.5305313660866,316.1853672978619,307.77221978909307,222.19656544463794,0,31.875044816793114,857.9689988205779,17770.463298670016,910.3877899957446,395.11440877976287,516.7606980302148,797.1036356769879,10387.573248143768,721.5160926606686,765.2163724823293,0.27207093873897,9.18703381757978,4.978364123277827,0,yes
219.76965933905515,334.06898228401235,102.18605638976253,256.65048895037427,0,84.96545530535455,737.3444119507956,18503.0028995913,969.77968945136,689.0854843945168,276.92644299789754,716.1370236551118,14550.607261016901,349.57452410698585,733.6675472334003,0.24373554876096704,9.534535406306215,6.465653036864435,0,yes
273.23086078155336,327.8411798027736,311.626150361535,204.59371012654617,4,68.06450679491797,870.5089840658247,15289.620394048241,968.9788324516466,512.1414604391395,435.15372731601224,859.2894145330346,13136.730066644752,478.3562470076453,657.4832113003046,0.29335476706583863,7.957486198555752,5.996251585114728,0,yes
247.30472741218932,274.0461664401597,218.18977764425193,246.34492419022655,4,62.216773033932384,896.4908969600431,19177.93675145263,981.2876312222062,338.6075216607096,626.606045724911,893.8907859124006,14197.746370282675,616.7440582835701,778.7691500928777,0.2574847025723993,9.909229311719711,6.508367916697397,0,yes
214.77033512470535,329.02684489051546,252.79300938303473,296.4165866704792,1,73.02364043202931,628.7166455171874,17006.264119762178,916.1841429655954,231.68661816822916,704.3607225291615,820.8183816494204,11525.025707626759,360.4636804647119,667.2584077585745,0.28166055502913667,8.754969149242275,5.288762812319416,0,yes
232.05273505184476,273.8479518716579,103.7959898181865,207.0970599736763,1,47.37738625531817,826.8874415781847,17209.12625570928,958.3276483692403,168.39639523914335,831.4298912241935,993.209954823777,12953.70447219686,506.64590562255586,608.7300370926341,0.21088422438844942,8.905952271842551,5.988809526611347,0,yes
210.2915481918361,143.0310987465859,204.1968890607514,278.03975969529347,4,84.60767683560852,763.0674112571544,18898.730893025444,953.255379317385,274.73866098939374,629.9222040791105,870.1641299602815,11011.515726349804,758.509054979269,611.1644461432952,0.2067589168914573,9.735819410363874,5.250680795381815,0,yes
212.34583979502557,396.452906094493,285.3895563368725,213.41484586298654,0,81.33765284289137,787.0379462701256,15842.912282874373,943.0157536934206,799.5007842104502,179.72208281889482,901.6518765986311,10633.088441241298,480.47159855307757,634.0767231798426,0.29528927882135964,8.211832304415823,5.013923505873046,0,yes
252.8300201312595,276.7594570100463,224.45656068689811,262.22692084796824,1,48.60601096971517,657.8796724088542,16953.610408132667,905.9535092678412,596.8541305777574,395.7651068755306,925.4618748672817,14619.216947220673,349.29876790739803,667.5414682833673,0.24998750682221202,8.733609682727694,6.571671801405526,0,yes
271.91740406812426,229.07250197578227,256.6927385985982,293.7643423372473,1,79.23677929596565,992.3791714902991,15990.635332359101,973.1718104748747,543.870384104949,363.3460083696606,974.9619411456956,12647.54904072639,670.9924027245561,706.6781079926437,0.24993317244937546,8.336418277192063,5.9248882607735505,0,yes
246.2330507949003,294.17192788049124,267.2555043930672,226.7677840189746,0,53.65319792122179,718.3223944382653,18337.136001484763,921.779942283954,802.1966084984973,181.04541824207342,925.0456938546638,10334.524266896267,816.9424002060986,662.5981678773729,0.2542207531654872,9.440804722275699,5.042736993578998,0,yes
267.07077660829526,348.6792760469068,217.4645819755299,214.23512059508528,4,95.12427111889974,958.896320559908,19007.423148348495,951.6206557965992,945.6008273397575,19.76473410431049,806.8352865861856,12890.576586902009,269.67549776034184,645.8807039074456,0.287408958167714,9.834125398942435,5.794304130464443,0,yes
261.2582264720801,174.20107903678343,161.0825557340092,225.28836742012504,1,80.19660026128872,859.9208929829149,18218.64107335524,926.9102613377166,72.91293688299469,915.2358262941403,823.4370081173212,13081.68797191201,622.4983404180483,734.8756351129649,0.19393914952982497,9.413822076607206,6.033396341402276,0,yes
265.5765470766103,311.81333617708697,222.12371715269035,213.2590535849168,0,75.33692338784289,615.5820502010391,19374.032698520612,947.3201427065741,753.3935795751624,176.22602476287238,862.2813908685898,13280.888334067822,389.2276257889121,708.8298434199944,0.25472176173834127,9.940262790227452,6.0237933680930436,0,yes
253.29433952781267,368.0960295015294,392.1837242581877,292.3495361386624,1,97.09570210848048,629.9457312100882,19638.250989650405,968.964627273917,64.29328194399069,873.3875030149444,814.6816770656496,13653.880380991146,350.40576842083783,623.8401983977136,0.33224751528340635,10.078480492015167,6.1283640594650395,0,yes
212.26917291916715,256.4490087368861,103.3371999323288,285.77334600593366,4,38.8518488833265,790.1994539957257,17472.90813612647,978.2976155721971,72.72343573806789,865.8210833856457,716.8410345946347,11788.264890414663,838.1401111958965,667.9329645759291,0.227998365037073,9.0323981343042,5.543969394479936,0,yes
292.7729540488533,190.98768585039463,345.0450649103033,277.1370215252042,0,69.35007389842002,760.0515910606492,19122.115953067267,956.1354289598481,279.4518102986477,658.7879886317485,742.5781439542512,10269.424167820513,370.3918934205584,774.1831858588778,0.24644269318794643,9.847239258532893,4.7736494291559595,0,yes
287.45242572473614,329.8832617179396,107.84232280907182,257.43225010574054,0,74.44974081145949,739.7618774106905,19491.385021851027,976.2292466768279,798.2769813209309,157.07682009218343,749.9471764220233,12715.555867858693,865.1924070580326,658.3081384191149,0.25058640882610206,10.030152232323763,5.939996497494156,0,yes
296.2767954376235,133.17922601600515,177.42594248603064,211.8722941526878,4,84.2668967677825,946.4359832662186,16181.085528483021,985.0130476909937,905.0305419106095,9.81947392609004,819.3600082796281,12952.454263585214,370.1863966315697,750.1747529939898,0.19506223483878024,8.422708300943418,5.871092119568269,0,yes
264.65721757205745,217.95929571573416,116.22855490245504,284.84016043262244,0,73.83312119079972,802.8571319172397,17746.810224082627,952.7807894319301,206.50572141720968,790.9466758879918,800.2439008575861,14157.239954008506,702.3018725162295,696.2764361290413,0.21001192583474854,9.168652698416189,6.482447747477717,0,yes
272.71550348912047,322.54932556905885,327.42575991342915,240.17573695961323,0,65.47757330880123,911.6597816444662,19474.87931563825,991.7036178118276,603.0310400666949,364.1386666888327,810.8032192194506,13930.742235181686,688.9486204589006,758.4543373855232,0.2851238855679288,10.062591433345103,6.394775318168949,0,yes
213.07808402429157,158.9756837083524,353.29616666323744,204.05311327889177,0,80.22917771850314,604.9520190228557,15464.153065879353,974.6432498913248,939.4293197551547,1.6868094924992647,786.8666502869445,11081.88379018487,144.6662699638024,739.3826455373779,0.21196040922805837,7.986779286949409,5.0218232702297385,0,yes
297.88230052778067,329.4624716668519,318.7728109640573,202.07260133458877,4,67.27949520427734,815.7649894783633,18743.755055880792,913.1163490106412,516.5691504251948,392.8382582269527,727.4574037262161,10441.968608720306,547.1683060817929,673.6986881822415,0.2979525745499508,9.664572690707868,4.8900781818239425,0,yes
286.86795693761803,213.7494628709918,221.79282335573083,220.4577697562264,1,68.32555790225997,828.364219199756,17162.975511616707,920.526785981118,574.0146883591423,331.87325263205696,717.5709811918312,12996.815181074542,301.59885529342495,738.7416103637818,0.2226840708326135,8.878018793024198,5.817943986110081,0,yes
255.1547605801727,370.3785348751812,122.96703981093253,271.8535053736143,0,81.19964235942231,690.6181515571417,15073.418333427004,988.0743378923621,706.6061446179742,270.854702659953,904.2962828979221,12359.607100783942,768.1399550974387,729.6215820167669,0.26945412984940637,7.811978117164459,5.8329881719924535,0,yes
223.9570352442392,233.19327952131454,204.65462669315235,269.5850992057172,4,80.10970293260573,603.4856732710481,19746.946802823026,958.2580574954742,175.72999326118838,779.3922302804777,721.0551637285627,11214.833902216214,248.96685280242428,698.9724758479142,0.24238406727477585,10.125596561303787,5.086978410745954,0,yes
265.4546935748246,117.23407826718872,324.94918236580946,282.2329736516754,1,52.47583362381729,865.7141368289667,18185.714164338802,936.127229472094,918.0440032843064,52.2937894311483,859.0310295793014,13376.270340097024,226.15653372943055,745.648838986026,0.21236053611803138,9.399929045329609,6.0058957741614485,0,yes
281.17694564491467,368.6697013784702,313.5214033130998,295.6635687811315,1,97.32037629273403,600.3200905303036,15489.417626655439,962.923485032944,137.5408222920956,856.7715546939934,944.3649476313781,12687.489188493415,114.1736601262659,752.6133074613348,0.3209642535776996,7.9967877764303195,5.723968169258976,0,yes
239.5740012784718,249.24550252884478,297.661873055326,214.07652586040936,4,25.976019897628397,893.6481913040174,19433.928630918253,971.4605765650106,330.35042666288234,612.026098572743,728.5596611216025,12812.066584354017,100.43067177948242,617.1578548735016,0.2514729291726415,10.03522141138148,5.65697192612513,0,yes
265.0066515124338,305.49929139677863,175.02093816862316,268.797258219293,4,50.98625316276794,850.3356501453554,19627.58979196016,954.6134798050667,547.775672472523,375.1759375190122,769.0549226462265,10124.826686241327,536.3289614243747,670.428117204981,0.26674989843887126,10.119940786808687,4.776945999832401,0,yes
269.351027277088,191.82236076172788,117.06544535630056,253.34027326498423,4,96.2774950076309,651.0279805583637,19488.041403965406,994.145158807437,864.3574606157416,57.43329052975798,848.0829756261794,10021.14922185606,372.6950059070903,713.8815208713796,0.2128410335991584,10.011460227903923,4.707200976717293,0,yes
272.0583664368005,332.43668786069827,267.48774004104007,238.07155793157256,0,81.83575102139645,648.8397491497105,19292.73776890544,921.6167885485422,555.4584853121365,365.35734955305077,752.4893483574006,12602.907705807853,819.3467777915184,654.9728919862342,0.27864393962807726,9.903337850614454,5.872438240317585,0,yes
285.3126751388379,122.50067060773726,121.1743722974113,255.39731514642216,0,20.73184719286191,957.0305186912908,19913.213954698796,967.3782689975986,436.4415722262329,515.648816565744,893.3480375235483,10292.046960365939,872.7850817076546,727.1768978751173,0.16286965882471993,10.288763961885431,5.039619026623728,0,yes
245.0075742215677,133.0167653825754,397.14188306537335,236.0816549760383,4,58.25715077080026,833.2624512990444,16807.63208303041,990.6425470537881,1.1818125345152717,967.5989342626324,778.037266797136,14921.815602382421,411.31623942030683,762.39872110996,0.23402254826198338,8.71110200607762,6.667792786514017,0,yes
260.97586009698205,277.356218595936,388.13402010329725,250.57893104938694,4,53.55043253245864,630.910454552794,19107.47819835431,977.4464054577635,894.9301314939682,55.8668742921285,770.2605407996514,14079.96484138937,595.1603817739546,772.9689330857633,0.2942839337545327,9.81447632597188,6.4004095947618085,0,yes
264.44613636627554,289.4177078275035,117.24549455561953,230.62237636322433,1,30.599573158149525,750.4047020838515,16493.44000177218,938.580843064733,801.3287562375203,166.30062827516076,785.2336118034026,14155.613891882022,768.2647044772353,710.6693091458752,0.22649397874317997,8.528349165473255,6.499949545182973,0,yes
218.93067363080294,192.9620545581782,262.98276135414994,232.95480896924892,1,79.05029133974642,636.8576762331701,15238.043014080247,929.2193555886105,345.84835985107844,653.7548206850831,758.4255493145554,10593.285995401251,519.607984695056,606.0007477553722,0.21786323512109892,7.87441664281211,4.955526441800614,0,yes
266.2095454240793,243.5429233137841,365.1274025162507,219.94203684234134,4,96.64449002337905,886.4823091649866,17129.86916148951,925.0277970123116,373.28205129225995,549.0582219679195,703.166616273615,12304.89816011522,668.5658291888293,784.1748293920101,0.27611058574021435,8.87518198477856,5.690499054699187,0,yes
269.4629385161429,157.6528577423164,331.7064641119721,270.45311396731245,0,88.82064020120352,763.4155364037122,19676.19619605113,935.3541274387859,873.366863512831,116.18109323196097,834.2967262287104,11117.495774918054,898.9996142870705,770.6981898430968,0.22860031964550492,10.122169584023125,5.367620932372648,0,yes
299.4031749517639,305.0726054898644,214.6443301089413,293.019034804454,0,84.03664204626521,660.5571556519845,17076.2741854073,923.1724828113303,512.7859042187467,405.75153923323523,821.3364330533537,12499.694890575698,540.149355585392,754.1430822469207,0.2718599897093996,8.79787984271824,5.759795749628188,0,yes
251.00878214422264,346.47075733407996,133.201076074173,217.33080482447644,1,34.470243385318966,601.5595376492109,19347.419181501282,959.1533936413861,118.35721776249704,810.5364286762857,953.3283195269264,13265.083455260175,599.723053984239,754.444900237808,0.2486347453918811,9.925537903234163,6.144035003394148,0,yes
238.6035447226703,366.40322572661506,283.5762737211768,214.5955802368506,1,73.9883127143948,977.233175338762,18365.97709789311,947.3655963156973,551.8125967160055,385.3982636923322,787.6439137883654,14455.534723299112,659.0621879477557,743.5999561337005,0.28953507269680867,9.517035920295212,6.577376630998294,0,yes
262.47659728684266,384.17043884775893,300.8622375860441,234.63616242675135,4,32.17132020613417,680.6588825226918,19429.126253935356,921.8753941129818,729.4638975460911,206.23475722945193,736.4932308886121,11222.524841874594,249.68696125089514,612.6928073706666,0.3138695048342662,9.978531033946867,5.082531951291449,0,yes
280.01548188674576,338.52411996322394,344.9233599237848,250.24439886715132,1,38.43597795324379,943.420681812172,18486.625230595455,995.9607236458359,623.1219708751555,331.12149970488963,900.8750474392377,13253.003425930072,836.5476473251119,776.5475279480128,0.2985522753869352,9.576305565833746,6.219377483057788,0,yes
291.0095876272676,243.69640267167557,265.45295025294274,290.1394860099672,1,88.28892922809173,722.6774198747887,17877.508977527614,960.9302203809705,8.591252343107595,964.9846075937891,918.8515727100795,13952.277518888408,847.0421185701264,654.7658493510546,0.2603661785095998,9.217328227546442,6.497035828960554,0,yes
274.2916901696783,395.96259542531965,232.21301874302623,250.94734305178216,4,91.09605898563517,640.9110539841691,16309.947754067449,903.9646924013734,624.3807532189581,368.6121713922829,989.5645556394231,14547.442874766497,137.4942161287126,677.4146568515855,0.3170217849042967,8.407801061402704,6.485231033890827,0,yes
257.39539736817443,366.51969245767856,177.6627454171662,234.62171510002457,0,94.9180893609819,677.220088212795,15132.636589726348,985.5326407148908,939.0952330496948,44.453577464867294,992.5729822940098,12084.1760697133,387.1827557573945,681.0612570617009,0.2734120093248773,7.838295345454047,5.600173902857608,0,yes
203.16141470160818,139.8883373206601,204.78248546560343,222.13321321903933,4,22.300017604352192,620.521690651864,18014.123635043823,927.4563633488133,9.125440628082078,897.3292244474331,961.5571965300404,11736.195952389007,411.3165345839648,616.1191611721173,0.18570556293249416,9.258657016089579,5.439124148508509,0,yes
227.22765481535768,365.7202609187839,265.5145202223494,226.4475021476901,0,81.91319539722397,699.0439879292942,16727.324186543505,971.5514144541997,746.1373649917645,171.41388199438518,728.8572669238699,13816.409685797265,396.92215364937067,622.0794403985707,0.28357916906131625,8.638496377151345,6.174665450569429,0,yes
257.86340695176483,135.3223387810801,336.7962122542708,204.69888654488892,4,57.21077792644854,976.1294701206646,17328.657922216076,936.5581762475418,786.4232658714835,210.6563531408308,752.8618578339156,11249.056972696406,655.0164634258829,766.9080866336202,0.21809319138865846,8.99663762890565,5.290617979260841,0,yes
277.4084194324713,256.22239386945205,375.1814872342735,216.4591091071902,0,28.264949387129814,946.9002118008157,17465.61916062832,930.0669852535159,626.5342942303662,289.57751417378677,735.1331550259331,11914.867068215799,735.2747654470671,629.9833687889279,0.25931774414107867,9.057511959594734,5.552735710251593,0,yes
245.6784277643114,192.05195875298335,173.28868233547485,221.5086362632263,1,58.732132929790104,949.6912259732064,17235.391122294262,977.7107448876093,371.304835294857,572.624831009434,854.8852444838747,10500.35389900103,791.9424410644286,618.1440598713843,0.1980958946578755,8.949596422786174,5.0597638727718355,0,yes
232.58782468327013,155.16522478643273,156.590422216507,228.9757804052021,4,29.806631941049304,929.3414984542312,15756.28169767976,976.3761778169912,782.3063180250058,205.57347276092673,920.3332041763632,10400.493474267578,352.42019016267113,791.1512149189084,0.18820502862159139,8.205201117328901,4.8991029432532684,0,yes
219.37417521811653,355.62626684669476,311.7496859578614,271.82812723524376,4,58.14989405148164,865.3064128163576,19687.48172806712,999.6378658479045,820.8349919923447,143.72202946771506,977.2426592316012,14965.172036086837,863.4235580554687,636.3640732176867,0.30988531459456176,10.159488047721247,6.928447184420229,0,yes
276.0088346980843,382.08180442634074,148.89015888737475,235.28970208106912,4,68.67255960775665,843.824822295094,16134.714497648927,983.4213829833593,468.7794083877286,510.57908937376465,791.5253517214228,13091.440761418144,838.3900538150574,608.4915309442111,0.28907116428542246,8.376015703204528,6.093059157403215,0,yes
217.76467585075588,356.62854145036204,336.4130645100047,294.13964422562776,1,54.525797718476866,928.3335482589564,18057.19598286984,976.8633395881891,309.5698106548108,666.4619496846269,877.4105880497997,11926.377650280137,485.6373813424815,722.4606439260921,0.3070224311323039,9.355495471387226,5.534795109117862,0,yes
290.2971605284811,210.87915440128504,365.9637281961408,289.22009753942814,4,92.68163897370479,767.2948555776381,17138.587718238894,992.4277816432934,603.272193206821,307.9908872673873,853.0528643195801,11599.626358526602,363.86443540406236,681.9129547855191,0.27961973082687974,8.862099087916427,5.331391763990792,0,yes
248.90615557996537,185.19781606270828,115.20052314314057,273.96630685030146,0,78.70194686610351,697.8586488066956,16547.267344224027,926.4795700209,777.3588352355416,169.77409357738304,970.1927497386043,10670.30079784221,549.4888065491014,652.9632356193081,0.19314686508511672,8.542008457970143,5.081879166988758,0,yes
250.75944658602805,112.9500104480034,163.14877050934192,257.0114910875665,0,54.652880702235635,629.2293374501637,16963.043944863148,962.5104213881759,953.4324575964475,31.364046150537092,840.3820456572993,11971.847002761599,730.584206518618,724.6654929821365,0.167657325527228,8.73983035290978,5.637654938976758,0,yes
265.38641341243743,300.32839966432203,103.30225761527043,256.94850296455735,1,93.29049764245677,807.2762887023432,19571.396790316256,966.598328875266,700.5484449231427,273.91561248648486,972.2204697456193,13617.358904297369,189.4084992194136,650.0263556217635,0.24133502755521585,10.083837636057224,6.120863929234317,0,yes
256.9683066350321,203.28399795373537,145.27673674096343,293.7127169275873,1,83.44903037866808,600.3911312488639,19693.64593269187,950.1223109085523,897.7304124699132,19.763309929644265,803.6498838306451,10879.158916235667,635.43527229999,673.5420661663136,0.21596233047172134,10.097154228546732,5.131822149950274,0,yes
211.8829437241269,190.67565805753492,348.0617608499781,242.23166001327465,1,34.59570689422869,810.5353133381709,19448.5917697983,993.100352032541,404.05995211123707,594.8108837260156,817.051451305561,11781.467155014907,371.4991902339735,703.4748867049497,0.2293419348207362,10.026830754280505,5.407687330049374,0,yes
296.1853229581002,181.31774011628895,394.7710054056968,250.63881218910825,4,51.948491346780386,814.3928431029966,19999.750138912517,942.891895921047,128.0760118301912,849.5508060472101,914.3847009806141,12753.747785459502,316.7558543467809,714.8106486064173,0.26146521633479747,10.296341855001463,5.812188725780803,0,yes
239.26353838929026,310.1635131247996,286.2816572534114,250.48926766243028,4,92.10833099056708,898.1450691162795,16589.317739651935,915.867249430743,915.7832578289953,0.6506787507611307,704.9806361760462,13474.496804720404,336.03434170445587,711.8782496470221,0.28912099368276695,8.606298359081059,6.015637453226265,0,yes
236.23120384732823,377.83433090643257,201.46171359341875,252.93126228202559,0,26.90340893954278,717.7788285782573,19277.05423912486,990.9500031464031,526.4630513564073,408.19228152765527,846.0164767181493,13466.3891581979,519.4365644154137,628.3385847305826,0.27513349949535887,9.920171053750948,6.133686469803438,0,yes
204.89935717042235,114.5443131570236,236.73859899979024,251.07102269408838,4,69.45758159482173,603.8832942980205,15425.372824492097,931.2168331459422,747.7128918742499,190.1826686492284,770.510725163351,11719.59454507141,311.2974329578576,612.0880987975487,0.1938933679150565,7.961179955395313,5.319833580353686,0,yes
212.7990545409908,198.8072028102605,284.0991348571964,277.0044209750639,0,66.80052368898998,629.2651253241434,16754.50368515267,946.2690917722385,17.27398424721656,934.4195659773102,752.9331523897384,13676.104186025384,792.0368941486882,795.6857776090123,0.2269202534167997,8.633332005952994,6.313843622075666,0,yes
292.98732408695196,168.59203526941954,323.67450287061683,203.6052984390455,0,43.923381909683805,767.845378309839,15078.146601378347,981.8417687753813,295.3662532610997,703.5241611654658,865.4865791912803,10159.070792704335,773.8191612827225,780.9716190656485,0.2153349026743262,7.830533914731482,4.949321961661073,0,yes
251.18578584928844,150.9628567354624,146.2597941432397,283.30082097773925,0,31.651931240508794,703.8601904240646,15584.338247006574,992.9157767460289,634.464691284057,342.05071667385425,949.8150799486605,12714.742699143108,786.1484452323706,686.7983821863575,0.1819055161462386,8.071020254800574,5.994665732499423,0,yes
259.3529379418684,377.9712524725887,223.62799224297814,221.83431609272793,0,49.87278898706669,896.1642684737623,16687.556924226443,972.779213799552,960.0489770154405,14.764657255161069,969.8024854734383,13798.877122639073,724.0313097164365,626.981011707002,0.27921223947760315,8.662788647960717,6.403385764665859,0,yes
268.2445802345104,345.839499332554,168.2915612250511,297.5104498321996,0,24.469292427755693,807.9015246754931,16086.618739084237,988.4646535921738,44.148256442255196,941.7306389832729,831.8039774087501,10824.368144681019,286.51756473342385,643.7827567463924,0.2683597959402146,8.344612539634472,4.987106271889198,0,yes
232.84073448666035,350.4051401139824,322.9485491028104,277.61969378783635,0,54.87343791677175,835.6557185120369,16123.250408653344,965.6340941219406,47.35050979101882,881.092015002503,831.0106619072774,13810.669402212548,147.65423291257162,606.0477895854864,0.2964839162931875,8.365989338503207,6.1129225396532405,0,yes
286.50099969769803,114.87546498758392,223.28954215267865,203.4634598756752,1,95.73351487563444,627.6278693103444,16006.74430384629,977.4960011788471,108.55576917790836,794.0788260562023,885.8051230575489,12457.703384923729,223.2605325999211,765.3176211287523,0.18343495928985867,8.263401150101847,5.641347151217644,0,yes
216.04918906597334,289.9687746246423,336.6138415267236,278.41938663729866,4,42.6725192338496,904.790483214931,19405.680822318318,975.9055389340792,735.0585895890164,198.00724949984954,786.1862403639232,13580.939877794342,478.2027913733518,645.1311901378451,0.2875481738237756,10.024242036410909,6.141060153883062,0,yes
244.84318261535014,208.13387702057577,157.31436115088258,264.6593517526418,0,59.39655452655138,894.0733361704902,15434.43329547504,936.1165048819222,791.4636445632151,122.58839986625378,937.6477613938782,12402.51042611736,332.362104725613,798.0796942712705,0.20594187765291253,8.030704741731924,5.689581572645455,0,yes
212.3751768569737,130.14588112891425,187.25151439363572,278.8208398914953,1,52.38098477918237,686.5336252228291,17633.36242781837,926.8704970818158,403.58443732071635,511.2426445726138,909.0564023004678,14337.043090967276,223.96899143787198,793.913514135552,0.18258332908039487,9.082621827458494,6.408149053483161,0,yes
272.0606808577138,171.86021329635224,346.26539592739573,214.83482317590588,1,78.16489475113039,837.8257079770483,16043.3837927668,905.0121671038344,399.2000490498245,598.0578880446246,776.3815788276463,11252.195970031033,836.3163904821191,731.4427279124297,0.22906024204405687,8.31822757261342,5.3691131423546405,0,yes
244.03883200066068,200.77029923380752,369.38755598019225,227.83911405244467,0,35.45083702833252,651.3903147637302,16592.144424272687,986.784699119109,584.5480581259309,398.4815503503854,838.4833446276456,12503.599372981378,419.90470487043183,649.4136166524021,0.23493557201935866,8.56257027864037,5.715168372905007,0,yes
222.61129789043264,173.63366734252537,192.91335011517683,247.98894408053707,0,75.1336279359078,603.5414722730811,15178.988311541227,964.0762407967437,950.5415099143042,22.02091673736618,912.4863495033685,12253.988131616818,772.9725742257158,657.0737931098265,0.19509710671307567,7.84243150394842,5.785708828307658,0,yes
237.55611990146016,162.3718562583005,371.5838216212066,258.1600126157872,1,31.62699024056664,801.717388573036,19340.351676011982,947.8287397838874,330.23959754050844,653.4036964761397,899.1953965755806,13980.343042742741,708.6852935447572,780.5901296977315,0.2287797337642378,9.964487657980778,6.463095360294369,0,yes
246.7257535677394,258.6859388680316,219.50026293920047,245.83752453437415,4,67.56150185255437,760.345109986021,16498.836730418385,941.3808493875051,357.60560557212597,638.8176952906056,911.1869260557307,12905.254987791093,517.0477570010255,688.087566567184,0.2520999505434722,8.533635654670281,5.950707160564927,0,yes
213.65588485497727,145.2695450704199,287.92610993534277,201.3522618375009,0,38.193476899888104,779.0916062265765,19896.92877692123,904.1957476613883,841.8469092019003,139.24251599180172,741.2293632812598,13582.333084034864,620.5429909055148,757.0746273960192,0.18765244086626937,10.231758078871847,6.201960103850587,0,yes
281.3155406587364,183.88750326303068,341.7579896030102,285.75190046890253,4,93.00570470681123,747.2662021079417,16056.987261643026,967.6036513465597,116.36538721390033,839.0675035580009,977.4590102169195,13802.788752666067,652.3180788574473,622.1757494459099,0.26219122836075803,8.313422416839394,6.376026193051396,0,yes
293.90374501416585,303.5349567895499,164.81390448225085,249.26287883974624,1,58.173059136965776,620.7108129103401,16371.470203822351,969.1489444062438,221.03570633049418,696.3077091929658,772.583586188282,11299.435819186485,199.60412460905044,739.777212647006,0.25257874370376987,8.443104779788845,5.121901189381021,0,yes
269.70870845888794,330.1747454819488,224.6602466009023,259.9444961555343,0,41.88554193561639,984.2410729044949,17027.509147795492,912.4322004467571,791.5173388938601,141.75035024008469,738.4624885256221,10865.100997211448,267.51893184166397,697.3738733639368,0.26822858227268254,8.844631363463765,4.958255245773084,0,yes
210.21126367303563,376.8611426141231,172.28012881672575,276.6553996064273,1,71.2145700823259,823.0796564799107,17818.55452866614,994.0465850828814,836.599009660422,156.4528460933932,916.3169140952792,13713.840771518178,203.00967148382716,634.1197518851035,0.2799365387530643,9.2147515955936,6.143027190681521,0,yes
218.4219576619383,196.42274158211222,114.12720688810917,236.58650240071444,4,42.61867919139307,632.277421777579,15666.583544424775,931.6847509398347,528.8022476563744,470.1302334909401,840.3282094874924,11258.221769905467,335.3481083346393,741.2919387469649,0.19755865387014104,8.088026330661316,5.1982537197595455,0,yes
273.9146394888739,253.00608881377582,193.9788471951902,247.57688022457285,4,98.72265013537599,708.9157127339292,15072.1707071506,930.4023729852482,510.88636666357934,413.65575789711227,818.2702478163794,12690.509122126938,741.0784819015851,680.3683747798,0.25242975941728346,7.807430185666705,5.9063297078196095,0,yes
273.56486355955127,290.1202681099378,210.0739308532299,264.8833120754156,4,49.80712807854747,798.9409604573787,15420.522653446847,928.6170989707733,210.24237965515047,767.4936920593298,795.820846033535,11974.966315823298,635.9696420087995,768.5457179485192,0.2677610792012585,8.001316552727218,5.58808426161011,0,yes
254.9653759364007,289.81100281151055,134.37013242227815,248.55411181626354,4,43.379531046505086,611.7385255157848,19046.540096256907,968.5987989885251,209.00096631671204,700.593554373035,905.2742720826039,11110.423250844771,580.8505899809029,643.0639146243332,0.24606941281378197,9.778612392464373,5.238066019353452,0,yes
247.1487308930135,355.37309663241444,350.33444182214237,223.22314373477607,0,49.3190177978809,633.755903385853,17531.5324553529,953.404791699555,543.648589807989,434.9938730338022,782.198829967012,11793.823908246812,492.6892367432465,620.9295273349587,0.29417905001694244,9.023806485399575,5.43352520092158,0,yes
278.5591248602286,330.8732247795874,181.625466128931,259.27458915459147,1,52.12700225904886,791.2493486907788,16372.313944596384,902.984404073678,853.181443525904,68.88243428786643,994.7220814795633,12246.24249699976,274.14237274852303,757.0270291899102,0.26617476494894843,8.471993239124263,5.62223223289389,0,yes
287.7906482789752,110.71629298922684,271.3180912109275,265.7452635083849,4,59.38735869071803,796.4746808779247,15726.834589786955,982.9583222448954,434.1632897683136,526.5827024742963,883.2374705046776,12087.74240666461,220.4494336118205,604.9737769432695,0.21142659380942097,8.161405770506162,5.478059561295471,0,yes
295.7932447553568,376.17210486329594,228.04040006180745,260.6800373229149,4,25.1701795706901,644.4620110597558,15385.47007321439,958.7117691801332,677.4128054193491,263.0015701790202,744.1425056591321,14382.816662603389,389.0999255108407,645.9062513183133,0.30465381209006187,7.953841328361422,6.410462016180283,0,yes
273.064655726256,345.610481656759,195.21424353494996,229.06549091644072,0,46.446276647184376,633.4202927840366,18981.53560365502,937.7520793142095,52.88036060848694,877.2133990638558,765.563907062652,11626.550532429426,362.10047731389193,741.2393167322996,0.2633359055886322,9.746583601137791,5.316876933837433,0,yes
224.42373301872033,188.9367945834185,258.8287061811711,268.51181186183754,1,99.71515460915387,777.3775014598277,19895.333547288028,914.5209014528816,756.5530038841237,169.54061572531134,977.6593616394487,13982.112160309542,526.6445463040341,665.181053867996,0.2258262389063835,10.231988552241507,6.399169050053621,0,yes
282.7952882907579,336.64117418273025,126.86819204431731,238.993894790208,0,69.88240797531583,983.751519710941,16059.0536748636,934.4623671775439,722.9617786834808,208.22041523999246,848.4234689301808,10215.775023518047,380.97825350015535,696.9617366050812,0.25224287927333594,8.363305767886597,4.787552720490319,0,yes
292.5394506954317,123.16133818697415,288.8970980421741,254.53160380823363,1,40.31987252747335,636.6129585673357,15254.560698608344,900.0474711271798,655.2095987486612,341.34012362953126,833.5369310333585,12591.384390403568,232.59589310012655,756.3714177127124,0.20388273402429993,7.878636098890733,5.689374300426763,0,yes
296.74450632160267,217.18049574141452,189.74625549277846,229.9123874034991,0,71.98141728393381,623.6267476254334,17994.857596798036,952.418320039269,872.8642782138272,117.55775951966575,794.6617000785492,12940.120951226905,288.8717164301528,654.181588080542,0.21724934006970703,9.253126878041458,5.8214844280719,0,yes
239.24170274138615,341.4183724610822,150.88939882002222,264.11850363749676,1,92.28909575415985,981.136002382154,15557.408307753914,970.4507783739872,731.9389433381807,225.46526023598835,836.1932483777914,13032.114330176126,506.0665307054726,652.0334057900938,0.26529030805517007,8.116832480185531,5.956927478447188,0,yes
236.23967450117397,317.27822782292884,357.3682136966365,288.8515851317957,1,61.780657706091986,794.6421800710318,15860.483098501934,912.2943997508848,72.58307897140887,867.9820816463761,766.238898410761,11020.9487392777,817.0621816072004,722.8034964918224,0.29766119204117975,8.21810485347264,5.255883565631226,0,yes
227.95589023803802,286.8411883316121,277.89372589357424,250.24682194738082,1,20.05902744774592,934.1319336367333,19151.55356525899,992.6864690740566,768.7879235581504,180.61077180346751,753.5801539186534,12423.635708363267,833.5616689001744,601.703415261641,0.2555801638820316,9.906190397905352,5.803810322050036,0,yes
264.4688151410279,117.27961009226664,109.52324056646782,290.3663498452524,1,70.80783919668772,896.9667570502669,17865.058764670168,998.063826994244,743.0265496339159,160.0764811825245,731.6598440558621,11931.687866890825,455.7069090794175,668.2877317111157,0.17310002245683012,9.255224179971968,5.449491122475096,0,yes
203.8168779033062,307.6231167189501,267.0243497649293,237.27986019138666,4,59.69826481113608,746.3292234708284,18370.762805828912,948.7946178481809,964.8916281569147,24.714887292259277,920.5887402361948,13769.497657503627,669.473242439636,757.1745177127893,0.2730603186213629,9.46751129437576,6.369334851942656,0,yes
245.26964415875256,109.99940510650214,129.91587572904191,218.5366545989738,0,82.64090631902357,722.6356919693357,16096.784164255441,923.3012996525149,389.736651392674,574.7605568757701,840.9606822781236,13285.608766277051,658.9741406856132,706.7182757538704,0.1549602009099246,8.321788270666513,6.129567943588303,0,yes
215.65053643483623,121.307249722569,292.42783320460427,217.45189978721828,1,24.190250414306902,879.0463919729394,16215.151855825008,999.234278229772,38.8625052682749,957.4007782315073,868.0010300664737,13510.30332374235,183.05052070518633,665.7390514753426,0.18467972445141884,8.426372089698283,6.038891680663347,0,yes
243.60786545451577,173.0403755867803,211.76751767388012,209.12657505648139,4,22.632316970603732,772.7773806838327,15504.187668471694,965.456848530369,499.52258095958604,440.5383382065052,926.997155275773,11153.963316945836,892.7530703261277,737.3537109547367,0.2029116522259704,8.0423860137877,5.405527924101135,0,yes
208.66959334911422,264.77700766863364,298.08111792070656,297.47695247373696,4,61.28224087224587,683.9399196175018,17520.885436186454,977.9015177351458,201.40808540138016,711.8656617782862,706.2423344042489,13270.115650463802,708.6489009586861,747.5256731247357,0.2749841448880126,9.032837235387243,6.087727231562593,0,yes
239.45968766760208,310.4447548459778,109.94642198274653,295.6309550141443,0,27.159370532498546,787.9712794087516,19298.481330287123,992.6081820615818,293.0080606828017,608.1076053849158,820.2640456773454,12859.549108397094,298.5298997639152,794.8498541001787,0.2388546935882526,9.946670494625268,5.8097129906230975,0,yes
226.6854697235394,348.80693334379094,212.61029044213623,245.69131281902665,4,35.68907890257363,622.6468614805291,18248.486438225875,939.9872838976215,199.54837676112587,730.5721523439883,788.453857290003,11551.22513549661,297.88499201663114,708.3904826205425,0.2802024949990122,9.378019276704824,5.265870621856408,0,yes
282.09822018154796,315.17443256616815,144.92244437458726,204.48489945723443,4,32.902695555541115,777.2552228089505,16261.826847412072,940.1705064597925,243.10026787650577,700.6089076277168,967.7524004987374,11323.419535686253,474.46217025329327,698.3405485559965,0.251628672923537,8.418721082754239,5.317636555924005,0,yes
230.20171154790194,224.7116313815661,168.47587761485994,227.96262886709042,4,58.83292635868791,738.1662692752523,18318.386067256753,993.8941286538593,664.9110803916325,240.61399378286058,840.9608382201443,14876.23253551347,310.464761982936,755.9454038756917,0.22154489828621413,9.445746676732723,6.624849324973646,0,yes
223.89120536640442,216.63429355600374,355.85925065391405,234.01598540655866,4,64.22702550154253,844.0673665432166,15986.439648470452,926.383467389304,955.9902725089242,2.13073010766027,703.1653735869862,12057.326987393166,317.07141399818477,672.4988600300445,0.25688235485772104,8.294079137898965,5.440988488548351,0,yes
249.31039577685704,150.3423993447937,389.53601247530594,275.5539429534151,1,36.40662408647359,765.2123407216226,15141.45000442814,901.7069999841547,603.6493906912998,344.04394645790524,864.0038742599432,11703.823226674771,650.317465410757,612.5764426991099,0.23312363087413215,7.850594500329251,5.487939905058754,0,yes
267.2736248040526,202.62382267430496,182.4013537668735,253.5428570946883,1,26.13227450570312,860.982924677706,17580.834317888504,975.6783012218438,533.7976788796365,415.3374658983814,842.3659058492347,12133.246148329012,599.5181340474985,635.5526655191951,0.20918807361808625,9.101868435065573,5.633933603223502,0,yes
296.98881752923376,359.74441324882207,195.4878079937783,257.93255261328005,0,54.67676256926695,860.8366752959042,16353.113413490613,964.7887762254134,213.25260794192354,714.6558655970539,982.3110743041246,12027.39070785373,643.103289314886,658.249169021556,0.2788827868721469,8.486471130866187,5.66506336061315,0,yes
271.4709674904138,274.70728584730193,389.822608143161,224.75922598846856,4,26.749516298103238,766.1352921385927,16635.524645434332,965.859800642559,528.9764448247324,421.1893581369849,788.0277907509031,11493.93530997845,591.843137211368,790.3117488680739,0.28635780298274455,8.606634420474071,5.374007202960308,0,yes
246.7705562726983,147.0530599703964,223.58305692281817,285.7969405357691,1,66.04254886830445,771.2928426679396,16495.79364253468,986.0814919963238,386.55254920708666,528.4866167437626,930.7865027912421,11503.077237410409,453.3952416708642,605.2737777671412,0.20406994366463874,8.540710492826628,5.3501576989735655,0,yes
253.91132949303812,372.0796279595752,302.0964494116127,201.12710184685727,0,28.495894117236354,660.8438150378241,18872.13547516638,901.7196098330511,573.7319031713737,361.18175086745816,967.8879901807074,13067.642657540764,138.2608536679575,720.1608204406612,0.2850328441409181,9.692943083404357,5.882574911180706,0,yes
228.5478037053242,331.258795440307,382.5798944066739,230.49798309932586,4,99.72886067800522,959.5848811590943,16330.611024235133,982.9677882658315,420.69531621571656,500.8819886237829,716.0293922750226,14486.68636736445,615.639647693933,654.1633469743294,0.3124251138707841,8.500204117104255,6.529880887049953,0,yes
214.55676324738863,392.9069945203697,319.8199416120402,267.2461027802806,4,29.895640523106046,637.094098698901,16616.53803482989,917.5154523254832,548.2525511470079,379.65943569263595,990.2617200053078,10233.4472865075,350.955266135584,710.7854243822542,0.3213358198791274,8.562113896460513,4.8407245754176955,0,yes
291.3299416336804,254.88206512593277,382.1634746933803,282.143039860915,0,73.51532642638699,619.9331619735892,17597.856460235573,919.1744339105707,96.04319835493857,901.9062437581102,811.165695448024,13848.788992498203,269.74393371257577,777.7803111641235,0.28076614594986826,9.049261903934273,6.201294041238088,0,yes
262.19048992177346,225.09088266356946,302.6154813528651,286.87331556529483,4,52.541017652219665,944.8615941891087,18778.565155792676,968.8555703833729,19.097956650263278,946.7156491835038,713.455076553754,11145.305270667383,676.3274015737388,641.7983719189775,0.2635597568278807,9.718853116127072,5.221031525511116,0,yes
235.36224771361057,329.7597628491521,141.10092319633077,259.15187821541264,1,21.71359217255074,828.7434110513262,15982.367502761832,911.1104696129635,660.9360588392949,240.97874723412815,995.5591552169516,14240.004396195432,791.3766109838016,619.7845498900247,0.24831362992669925,8.28651292799128,6.606131628972127,0,yes
232.40076614907255,118.90114492980447,237.0313557222008,289.25313587742465,0,80.56857960548777,868.1721370721403,19203.01259221396,999.8831218260893,952.7733849700984,43.440613058097256,936.8511399573973,12176.162724512844,154.08964011421978,685.938262839974,0.1922004098495852,9.917934544349412,5.523840564918944,0,yes
212.06460169186585,274.55366640941804,362.85687571028865,213.98971608706648,0,84.68934307311154,799.7470352560579,19766.648994748706,960.8210389575153,540.1137567886564,389.1046628251619,964.4067040191426,13523.78750015271,128.95914588022058,728.5367089962024,0.26252399435663265,10.178985071715429,6.060247905247339,0,yes
273.70811800386895,174.97504883901263,174.6881086417423,256.90267960150175,0,42.682150560708,881.4897415356138,16585.999702875513,913.873270284548,193.4419595338673,805.6642800166185,861.7764436917417,14530.614797334349,609.7110682649652,648.6681593758268,0.19615229567148035,8.600591132015273,6.613346134290721,0,yes
210.64465670520528,279.4823830532032,160.57984623663148,246.12186360533076,0,94.71400100274792,807.8552258961543,19755.926197445115,951.005152528609,295.23579826647625,642.0106854328883,709.7890471073911,13790.24423117387,894.6933044901805,601.2734161444052,0.23154801771839356,10.174083120147742,6.355664456930771,0,yes
215.42003234331384,292.5299749758646,227.80980485231322,210.61628977687755,1,84.42649513694232,747.6379483366527,16036.100749378586,910.7682240728918,177.9123950916135,794.4102176620756,818.2898452068837,10267.551191402983,618.7989182130975,682.4481091070624,0.24642092745332664,8.295259335830146,4.895086949579663,0,yes
208.05200248887547,252.3333632500627,249.33736677581766,239.09862578693748,4,82.01692019834425,828.8208034195361,18894.36786364462,922.2173498990101,486.587837954559,478.3489540357621,906.8306913564732,13467.090494073347,229.15517941301084,657.3405317832545,0.2511112558177881,9.744048665747417,6.050142734606828,0,yes
247.1133981699124,195.7510466497172,236.59500055567358,281.93316315096274,4,53.178056623299554,916.7333279872894,19298.042298034714,905.6439659985525,257.3532269847758,680.4432377921707,902.6500723113243,14188.576568979977,204.23613997683097,653.7473688232848,0.235804945648444,9.963492244683046,6.322891711645322,0,yes
248.90618852182646,179.01099971288642,364.370854082902,232.13344588322786,1,83.33163653002762,697.8117665425207,15021.49800727478,932.1015283410484,622.5263839128195,357.4313046261452,989.8893281991634,10561.565889148611,378.6542622907567,770.4252137776934,0.236721797819216,7.779883768162982,4.997983209780602,0,yes
264.2745876331006,334.29127359517486,205.76242578015032,297.77291419935364,4,64.95008817635798,782.3786623602928,19537.021577404794,976.0916332650637,500.15160059393384,456.24100864225375,747.7822845087093,13993.956753676506,405.91882648664,691.1503016687955,0.2918728195262944,10.062407640588798,6.271242770698076,0,yes
210.20545562744474,378.35254042488793,315.59420984967267,287.83617755965616,4,69.72774989708631,700.8130869232496,19139.67564668756,929.6203992280484,865.2566760458639,117.88678721353506,937.0383821695613,11093.1463763682,300.5211164658708,743.6996775431217,0.32324440567564355,9.83929247705135,5.15510688960668,0,yes
224.7356800070381,181.27759937164035,275.8637984678075,210.75943985549438,4,82.41314602618351,855.9746331749136,16090.392231723965,912.5768214223574,465.4230562408475,483.79392463346596,739.4865266436944,12870.479918489349,485.6824050544697,734.0194968701747,0.22448248069827337,8.346847714313457,5.855118033428334,0,yes
259.2995194342577,149.2655567396461,187.12242669070514,211.73430976862917,4,28.700979152534316,993.501009933666,15666.296941320286,934.1629685546643,207.53529033585147,700.5379724591633,822.6691518488069,12315.39546569157,116.09405448907299,741.4332241240475,0.19174114605650325,8.169138639248827,5.513868826628621,0,yes
279.9287494363459,202.76897193492914,331.16487509347076,265.42161127521746,0,56.36607457350703,890.7500330938249,16517.143656686738,955.8962575441656,774.9968008125875,177.3223455835962,904.1481624338664,11594.425846858547,196.5804479462509,700.4632873238705,0.24277664589690562,8.574024938775057,5.290908659142653,0,yes
214.89466629023985,392.23595030720713,243.1160844599846,249.38092897520548,4,41.19262805276886,669.8902823165091,19270.818023667536,900.2224445147834,890.1882566027148,72.64966368239459,816.5445815223,12063.155120801122,864.2114673846053,679.8847917299547,0.3036160518077846,9.894060250449014,5.709148935985743,0,yes
272.75940762095036,302.0098902492723,367.44609598094536,286.9438503282757,1,82.00203286166844,929.670870554461,19312.723713517167,924.1907994632362,949.3067766233374,19.604251561905016,773.2015255646245,13526.554296193446,702.8551525386971,679.9696333707325,0.3003490034879122,9.976318287273063,6.2134780089509745,0,yes
223.8985266926193,140.82538602415815,256.6275650639754,288.50250853800287,0,29.305018449939368,700.3937396651122,19241.219092346626,977.5059020919402,596.538613026954,363.4206478665433,746.6363644279335,14262.723690488217,655.8089349232463,790.4869217165499,0.1972212636596441,9.896563661157147,6.49192421273811,0,yes
284.5478328539466,251.08724321450623,213.74686056958893,218.64343422276806,1,82.73353152027762,925.3420469081083,19483.559795773217,905.1435653185688,827.3612711751426,97.40929330618769,705.4407781627816,10503.31683396777,748.5441213549889,798.8668283889036,0.23716478857142803,10.058145544005022,5.005065421518701,0,yes
264.6911547342976,202.7643500093277,346.9889313974246,266.54222286565334,0,98.94951338518558,721.2771429984622,15080.055476956191,918.0217805049765,367.40294556414193,596.1170591070763,829.2424250005033,13775.35229808819,294.2671013588675,667.6854619537316,0.24958929103858232,7.812402044710008,6.16961945474988,0,yes
253.2391988813904,240.6506728587822,112.28455022399804,225.67137823077687,4,78.55902195587872,768.0493460891787,16293.006199289139,911.1866791384424,863.9463417694712,129.67014043175698,806.8094993026398,13722.351506772739,404.37363766476534,626.7471968538869,0.22161576419828688,8.428295951139926,6.182288666020393,0,yes
299.458887050561,330.7378097253751,245.38425514699196,222.71833026201585,4,69.79844608178291,606.1093847427499,16157.668126601835,910.2480331576102,245.37181364523676,718.4697390744061,717.607269914891,13239.746551980372,886.1008571970137,682.4531808770691,0.288430706182448,8.324942686487661,6.149442752081943,0,yes
207.84004353727767,330.75527152743496,342.9929914963608,285.7993228035253,0,94.73499010626263,665.8951002992947,15834.104794658055,931.6108462973787,67.58163018633653,868.2080450227969,824.2844902966993,10343.172834236095,504.61418456275686,779.7618565763544,0.2961239684628177,8.179118856881365,4.889928680544653,0,yes
208.11251466918998,330.05510670339584,322.5779495691993,213.3597745606388,0,70.05339436126783,826.8032055974734,16431.905518621992,984.009509353167,196.39602953521387,787.9672861085684,993.9023219051895,13568.291319046504,785.3607190619525,743.3552453978826,0.2742036953671864,8.520870411965968,6.36196946898081,0,yes
268.3102820725212,296.03596064635275,260.63339438400806,259.85658582171385,0,56.3077090800093,959.8962717350205,15223.10909909995,993.8592383455731,489.01578090562634,496.38717242688836,929.3921436811722,13162.471138943263,370.4383460727195,723.3120845472365,0.2633859005754142,7.948034281921575,6.005355103601989,0,yes
284.5312583921666,148.9333573883677,367.703769650161,236.8213731788829,0,84.12425886175042,909.313834666717,16095.997067139468,957.089066041285,41.66407038383081,904.105979871705,960.1790302150753,11961.325480089352,462.88664848434877,635.6744482554977,0.2269029883738037,8.367832132235874,5.557191257684914,0,yes
298.9604279698447,325.1348405182205,207.7683064326302,261.70253501832417,0,47.42824635886962,951.8744942709941,19388.46854992045,973.6551399118268,450.86653701910444,459.0339834129588,717.0127589832186,14805.482576702012,834.4091947451645,721.4524171228046,0.267587887570105,10.026075058820137,6.75256831743175,0,yes
205.48511941683148,143.97907518745455,196.12314854387122,213.192479818485,1,60.48311086891655,843.6068537533201,17756.868672269855,980.5132956846267,540.090452370143,391.51985580785583,849.9206386534015,10263.101329003275,711.6074050988578,694.1256729512385,0.17691415387691248,9.186641224194068,4.939018488396808,0,yes
205.114147410313,241.19468749062605,134.94578349144214,231.08006204650937,4,56.77091769325851,857.2131877707941,17777.973471534897,942.359250344994,188.07782488732377,720.5394629629915,960.9311201395143,10271.72147868779,630.7413756626232,626.9105012726135,0.21862898376676373,9.194996701312288,4.942558097961879,0,yes
248.72660732043647,129.81098846659944,364.163181108582,206.29220278997406,0,92.83805130946087,768.5027667088466,17899.214037586484,923.2926507493654,258.26739942808786,705.2340478371693,719.275176450441,11700.288177700519,278.8900924968067,680.6131737759541,0.20900483229224423,9.23315553003986,5.2911531959019875,0,yes
201.2276855111068,141.46465468174006,299.50822492190196,294.3044212297674,1,26.8421541740624,865.33058629321,19523.76231161072,919.8914391041553,488.0298205882935,481.0299459300497,708.1985810734753,12696.697640983359,229.91518584057243,730.0971489675776,0.20804231247453456,10.066642550623339,5.67299751418673,0,yes
269.4903411620683,253.34365006857186,360.95978399362997,235.89892968422726,1,99.18821224130372,812.0409287924638,16409.700911186927,970.01788256384,692.4210264408138,240.86184344574042,848.4868677681792,14229.374798490131,259.43975642471514,770.2846850698377,0.2711238976297175,8.504527123148046,6.354412411279836,0,yes
256.42631805047705,141.02217030986233,288.98701054557694,209.80176118783936,0,60.05679312459969,604.0565627630771,16967.55515801214,944.8512560309427,683.9173276208362,296.62113058782234,863.7110193959794,13154.54756813813,843.8226739744201,772.5551452226526,0.19600784718699163,8.73417995751003,6.171136302796614,0,yes
235.7276016550088,381.26993702948954,269.13963238119726,284.66850491179497,0,56.19958104502706,939.5996104992274,18305.27112435339,911.9577829644237,126.4071512858475,822.1755044004959,801.7422698172606,12603.599158777448,899.5272714224124,660.8065861260119,0.30000925958482266,9.473189010132927,5.929061863855437,0,yes
210.45182677903625,387.5392086841836,374.80485859637486,238.0842512901614,1,71.72452009647157,951.2787471955553,15300.691410208981,962.7528365456614,398.0736086202142,581.15139842456,990.8374739566364,10569.173864483299,586.2817122854223,791.4041434319192,0.31709295842778484,7.980544837024789,5.087156830044782,0,yes
267.023452728688,100.22491337996387,111.76946356130884,239.40583490428773,1,62.390283220848424,709.760418514844,16806.487179045547,929.352912710907,593.386066572426,363.5656780838516,751.4615783060385,11656.148215210093,293.326937331913,671.6777050578462,0.1558003135287703,8.674630614918566,5.290068666060518,0,yes
210.29211085188712,189.85534397103646,309.1745634615871,266.99972620204954,4,79.65808727780238,939.8802182074724,19589.6133843438,906.60112660155,587.110565214328,400.3973876752161,865.0998211138667,12566.097734231043,398.7443104998356,661.1322371207841,0.24365381599361763,10.11469314741108,5.74450729505983,0,yes
270.0430286920026,372.715465019332,349.9019624326708,229.87865461619012,0,86.05093031502395,714.7392073372262,17722.210675053037,960.6121227148673,674.530054296735,256.88616488390846,858.8160962658021,10651.477466386732,356.00402407127444,617.6290852955217,0.3098746778937706,9.13788492633931,4.945625814487099,0,yes
254.2667732528241,393.93888166937677,139.47329567996778,291.51336690894215,0,94.00693136210353,640.9726448215214,18304.04723355663,988.3778755954922,550.8143806892903,435.3821039606312,741.7767486870748,14571.81561631155,573.5040752630246,764.354951456936,0.2876098198993646,9.416468147681224,6.580832866839693,0,yes
229.13955075215284,397.561954049083,208.75642372699014,209.2251813893567,4,87.25234799909802,783.0847026424906,18668.10819924998,942.7217357438429,606.8483955812204,346.77582200054974,856.0752260060984,14969.840267728858,625.6648038320336,660.850485793322,0.2984326695188699,9.623509429429816,6.788445913721658,0,yes
223.5894277932741,357.8275264045114,362.0673735801514,267.18728353491343,4,63.61998244558049,675.4219575111819,15813.345702847868,990.4190438080346,600.7571734439571,308.1216681852809,800.7597515611322,13852.903160955746,155.11244699798158,744.9406864503325,0.3211211076841064,8.178932992121904,6.136291137716771,0,yes
272.74168023044746,293.2067420165846,219.0012819818512,219.53760028484953,4,42.75631699997673,631.651547581182,19919.316764474865,962.4749407073341,289.58266361142273,634.6010996539934,980.5125083802162,14873.309267094683,133.44292894021982,679.1491066719034,0.2607215680927651,10.218489609225484,6.6010829707452485,0,yes
273.5812592102527,115.79379661116837,384.5645343220745,269.00055464954977,0,70.88471630892832,697.1765362026587,15160.360252688823,932.6825950832573,405.7113770288924,498.6936606447451,820.8478283445643,10741.355317875925,290.8674381655786,738.7721359194562,0.2204037851934683,7.849254911044556,4.952579996645306,0,yes
202.55180667195773,144.3249996951791,107.93147636412792,236.26799061648455,1,58.672825138646346,672.9033060498606,16930.939880014637,998.8206933035538,694.1344930465757,246.53886667876066,860.7781952525119,10534.733091707201,198.3032291115392,727.3164992465594,0.16343159505364765,8.738344154817641,4.852321895859561,0,yes
264.36084536981673,102.34717069165762,302.85255462277075,276.17445712313656,1,86.7518431681735,983.6303269010398,16033.437563610394,905.1783875520455,347.5088992291774,561.0985889613164,776.9122476753806,12269.11921184467,280.78239083319147,748.0356195595851,0.2049456836185652,8.346464532539416,5.543880617253872,0,yes
295.4795793122661,182.8803922027784,129.524146169505,235.49884509946634,1,38.29738689112866,991.8532171390159,16653.575559134755,900.9298705139329,467.04568542494206,504.06520559488007,737.0827800989784,14610.780704699999,859.1878496150096,664.0810693519961,0.19220765929372283,8.657853548337377,6.693469616432427,0,yes
200.73043688401663,289.7133631832045,362.22279925078954,279.0258500724651,1,28.143766545010642,610.462011523117,17567.292345959788,963.9834927507045,307.94415600570613,688.9026521228141,701.2215549307705,13854.231964113207,621.3067511541992,649.6863721415742,0.2769298382735051,9.038074175970081,6.283028970003058,0,yes
208.89544271471368,312.9341915029987,327.6923989951413,265.6901977507899,4,27.685194085546,768.565329092459,18789.849775363487,904.8824414516044,228.05727358014684,767.1894557130368,938.886389203327,12486.737285318473,791.3092891304093,635.1448966417242,0.28961763392136847,9.675972006688355,5.896972088187304,0,yes
221.75844535044155,352.5016635718264,224.63986797064263,222.14435158248887,1,69.8006919850088,869.595124417731,16867.441402624958,941.2074700018487,574.391606993158,366.64838275630507,822.4441140046251,10196.517240785075,549.0730363157868,785.1873171847274,0.2710424896768548,8.742366315907699,4.8497591462260115,0,yes
202.32956159201856,155.75372118070555,218.86441753044744,281.14179908167114,4,97.69676528044354,756.9628834469931,17227.857303153654,902.8583829837415,450.15605073194615,473.6530458323898,724.6015233230456,12591.168321429453,615.0474636551282,742.5780311058767,0.21604330646674558,8.892124684393641,5.786834893684224,0,yes
216.6851889294953,278.479730317802,304.9962619596231,297.5114963290733,0,98.95566631444139,966.1420526565987,17877.69056176303,943.0866941076318,379.38679996248027,597.4003950716487,954.1795639322849,14043.24583429104,174.2027011849843,795.3835162722924,0.27160418977491146,9.269751019922806,6.297486126467334,0,yes
242.75028472459357,386.61720339174906,311.9465760301267,227.98816879658884,0,58.648598989407475,740.7276033934372,16289.65436586905,959.0044020607776,133.12403883612626,863.1240471514853,815.046929628734,14225.800532307243,152.89507745967228,732.5996844787965,0.3005688412146313,8.42712294645204,6.300665732169909,0,yes
292.2539147637647,308.761564713922,336.1658690679208,210.32951067919146,4,90.2914364445245,994.7776144643121,19746.163054333072,997.3583456671918,617.5607704198819,316.940991199943,841.6515044827355,12727.924831514194,877.9602000592445,762.9636777387213,0.2969823593113482,10.218087025855894,5.997698124394111,0,yes
210.15938081181184,313.8391241131282,128.173479364137,210.2844376986286,1,66.35421092884035,998.128833303595,18258.953850381462,902.6922753786827,738.4933674121811,172.52382094471398,734.1645457769783,14149.304437317918,838.6425779498446,682.442326392136,0.232014604620124,9.46223457943487,6.493655022849259,0,yes
222.6018992780983,133.9913072616016,303.48947311562233,285.00869772198024,1,70.52069353739518,788.7083751528019,18740.587771088336,905.1378946387138,404.98907680435286,574.4769233374823,892.8181143976221,11673.354202715473,123.56404750394674,631.8308645197651,0.21217816906857018,9.655857474381968,5.2834732400544615,0,yes
203.472039031161,221.93531429456692,232.22635006966505,277.82235752798994,4,34.30074820067064,664.3051978861516,17458.023228219143,980.7363878664964,652.6894961622556,325.9494732021649,804.436750235669,13942.346966344587,175.6740251378731,640.6112606101768,0.23669832668101515,8.99749593692053,6.177596034928281,0,yes
203.90684539022521,105.26023020782152,121.73331675298397,214.2188492017655,1,67.95525185791368,761.8936823410579,19217.35340140254,932.7034857418641,118.41795371994941,816.1112516924594,866.6264033663977,10591.84393708635,718.2303888753867,645.1908655881812,0.14749412884603075,9.892046929272704,5.0738173698171245,0,yes
266.86884942168064,120.21726997136759,139.46103739758988,259.692227342795,0,79.78255842084937,641.3388054364409,17316.027277608002,941.110229997829,463.7684636670631,468.89840539962074,888.811429634401,10408.529074079408,459.4080825094883,724.8385319751262,0.1715599577161129,8.916017203102562,4.916068817021982,0,yes
245.13746294455305,241.90912958340212,201.35826575315832,248.83586715741976,4,48.6215264040152,717.4935537691082,16359.236226683577,975.3921439174292,904.7783830604072,55.963806539699476,930.5844024360672,11766.649159886729,346.7920854381254,798.552274942185,0.23977884181305015,8.45904503886416,5.444654176848618,0,yes
291.55031335769155,297.8237376804734,373.36302887432873,233.8622608219555,4,61.15638606080779,884.3355709310156,19269.538612532295,953.6075454534724,709.6566893378917,259.39032227819064,907.8746190645804,14181.485231840223,473.23407911357185,693.9143536778896,0.30100072876842415,9.948453746768907,6.439326530350728,0,yes
250.1476066490834,137.163025597265,353.0397890983271,225.5939299537751,1,59.93138482068982,983.3877370025782,19672.587825031333,938.0102358359678,783.0162538298761,124.48325557361011,808.1342745813054,12498.260329003295,420.3732294330101,659.7048768133619,0.21362339051412946,10.170475635371513,5.692049217438746,0,yes
286.6563387209673,214.1893672146702,138.16574729702413,288.5553344751996,0,91.06883063088983,728.032580629893,16957.08488133627,935.538119529936,231.67647560442188,743.1272916445186,913.6779689419252,12574.161036489726,434.45149179729805,718.5192805016578,0.2185871290827943,8.754806390845824,5.78724974314153,0,yes
271.8364526934112,271.5955840951267,154.33808116896515,244.44608374303232,0,64.09726618067509,983.0754580502085,17151.8498225055,995.3614986417742,856.7042809428757,121.07966546477962,880.2392265213857,14407.485427335116,244.83381022368508,642.1846686353624,0.23069411921361713,8.91794962982843,6.4217240269938145,0,yes
253.7422050471103,217.95600650973768,125.16677807859402,223.01595677375516,0,41.83704755192862,657.3864066026597,16796.682609893618,977.3857617791913,123.60215275071813,792.6630817698253,797.3301186853903,12038.41930639293,427.35491795800107,716.8270065706586,0.19403054964072144,8.66484872086563,5.515305701332032,0,yes
220.2888759899077,358.69352859032125,243.86125345222044,262.1383701698551,0,52.653258042359006,700.4601686345895,15840.036633046742,994.8845771619755,797.0798650239034,201.22191825138248,715.2219464335252,10169.384981357036,120.1903304709468,689.1505383156692,0.27902113894361114,8.198394729128953,4.619631062424521,0,yes
219.31057387233605,340.0614465933069,272.7522805681068,298.2870817588974,4,89.90381912675811,842.1296716788819,17121.967116779306,940.4791697482032,2.2437959783790973,948.1781371166069,738.6465720269193,11947.698117503402,601.6636151202008,642.3547175069415,0.3051361738896104,8.863340006334521,5.520152008959943,0,yes
279.85569418988246,112.75450648056464,240.72852194833035,205.8887952132855,4,90.14585403546587,963.3779674298521,19344.103607409,963.6519742439784,50.82749171792373,849.6128867544547,953.3457857560583,12702.720010489747,312.02127808358426,719.5918872518879,0.1970149554195415,10.005152773046948,5.795504772854458,0,yes
263.23655801296366,223.90427396843052,293.08831766014816,257.06076661792423,4,90.3453458899407,903.0995914169883,15796.239746066449,939.5762111571073,457.94204306600227,446.0270788617189,930.5622718744003,11614.99355201238,336.0772207752472,715.8038771543221,0.26010260505241156,8.214132257336036,5.360903159106858,0,yes
272.0395778857984,363.51287210375887,379.7326257830074,244.39403820142095,4,47.30630588977469,807.3622375655397,17077.172594371274,935.0814377721448,218.48178304768803,728.2905138407317,787.5798568729525,10061.402627876338,723.8261429483604,733.335844741975,0.3264445814407169,8.832408635295264,4.845555150595499,0,yes
250.84239412578185,391.3266209360494,364.6709767639892,241.3426589741792,0,61.58965092703408,736.6718911852279,17088.975619959117,929.5993668197823,426.4583411859601,511.77295058989057,996.5201440927824,13869.06848453394,481.31290072736147,619.8897309258384,0.3170611243176157,8.821846244290727,6.3390972210428265,0,yes
210.88037740419935,157.61143438169057,296.9343149015176,238.75649133103514,1,43.65293353436249,940.9940031739739,17801.01899312507,988.6952025717184,684.048478967933,228.16291903202136,903.3706979638386,10062.092098694298,685.2287993515956,683.8291038383231,0.20620751639374468,9.231939108238702,4.8654326673009285,0,yes
295.5755069604101,171.58999416666623,307.46139999787795,247.3120092490273,0,40.372012215456294,927.9950385903314,16507.540467734725,925.7752804808997,288.13558439483353,636.0054631060327,824.95133229252,11664.372264601134,150.88910055639025,662.3929815872698,0.22191448773798214,8.573560930491457,5.260054334603481,0,yes
204.34753542229788,158.5388023879311,217.5941770882559,295.9116316027907,0,55.191296949121174,948.2084650014341,15844.745859168088,932.0229493601319,248.14165555575758,722.5524588876226,908.0215718094703,12755.525137453084,680.1437955478274,733.9630486134412,0.1987673250185816,8.247643181873787,5.957287274126876,0,yes
200.05151467465873,251.12598152465026,288.6511646633425,280.38931219704386,4,79.0284574799473,698.1438998494256,16654.37612196488,940.326323692898,98.64389469593239,863.2859389470806,805.4858728984938,14140.283173853442,418.5657417971432,774.7554527983862,0.26536390391046993,8.597524232084872,6.369760805459052,0,yes
280.7614426284206,300.1413704892668,290.2356372014692,230.9866223562054,0,20.623491169951382,659.6716591681883,18997.629349411905,951.6309473423212,233.74706868050015,703.6040089266189,922.0999248711321,14761.295974054183,382.20850348195745,748.6795139924428,0.26226596547360664,9.76226899132306,6.6434160181744355,0,yes
257.3893973589611,150.609574070064,174.55280609006226,218.76848773076222,4,81.40229107823995,734.929982769826,18864.170400702096,942.0439593831238,11.466305533813712,925.8141918373426,704.0423226878784,11631.123487833866,418.9680623713879,755.1849354908059,0.19755481830979127,9.710765793438588,5.319682987935789,0,yes
224.48983878875214,120.67802636654602,247.51836854393545,297.3125469514894,1,92.83841883325685,761.668453776867,15723.635196096224,919.1411497228933,239.14217785828612,735.8014381629899,976.6929249246222,11399.702271458831,567.6809079879052,602.6052866638048,0.20116421216558644,8.143280797385664,5.380769474080699,0,yes
250.55167179696838,309.1360231422432,313.0740920992663,218.74771909456328,0,75.04696817831987,910.7912326300213,16909.936914270795,949.7745854296248,210.64332791724982,736.5446385351319,845.7050351378418,11443.145444999169,152.37685914266842,791.4382983826536,0.2710016376237449,8.774131392289155,5.200716804711497,0,yes
275.82440745791405,253.14807552366057,266.962621738054,272.48819762051585,4,40.9341163517458,924.1556715983849,19969.599463102255,977.0617450806338,590.6572837272162,390.19273015622196,707.7429005827561,12498.290676659133,654.7659985404993,768.2571828703001,0.2650417424572035,10.31077115238722,5.770093730513622,0,yes
298.3630743674341,156.2452742126708,356.8649438333639,286.8798547408819,1,52.410516752311494,867.4456908117043,19427.761572677857,996.3483203522978,738.7148738717226,197.48164944511643,794.8282230383384,12761.351094132173,600.4414534921823,673.3377743182527,0.23943736676045643,10.02965409181047,5.86970733940856,0,yes
239.32305123175763,169.86441446449277,332.6777753784103,217.4043221216269,1,84.11057571082223,740.3713822000657,17474.988556046046,951.2989649569013,773.9661873212207,167.87460313633574,921.8719648583462,12016.691702456541,453.0367919373128,758.5928412035541,0.2226653112147244,9.018650251026395,5.575749071572435,0,yes
273.64866734216736,129.93910866259034,281.2238477210951,282.53168994728026,4,53.609116325245736,808.3674796215889,17102.921697671107,991.2225747462068,707.0352397668021,282.71467470376,937.8781962784316,14409.866414532846,474.02890916043754,637.2643684182871,0.22193678174795242,8.853250548808802,6.538423070232867,0,yes
225.75091844160278,363.7659952914233,395.33165378455874,261.7122630970539,1,64.88658155034415,796.0561813182677,15734.863385422464,967.2306980375745,256.2667452408285,669.9021821770841,729.534078595782,14650.283066599914,164.08016998986756,641.3556626068812,0.31748655622175864,8.163152680201527,6.419048124863504,0,yes
299.22918664288386,282.6159985696089,224.7351865670843,270.6927312573791,1,22.788277391342167,920.2198087103452,16765.388564761004,916.4151420986334,105.38534021435821,803.3901712455425,720.7480043706328,12787.844371885634,437.73450035145174,793.6723015831777,0.25670909723235286,8.699430695192493,5.797793691190156,0,yes
257.86282794399506,266.5650767756408,134.38928544735703,231.24823335859128,1,89.51742809148345,754.599293762487,16471.85497935499,994.5466195072629,528.2500596620357,449.946551909533,800.5156850027481,13994.399138115425,462.06748373099106,722.5976616962143,0.22748066302518613,8.52620980386515,6.322135299428987,0,yes
218.77766362913715,395.0101097596749,190.54463503756813,295.24301900491446,1,87.17147442386137,973.3854498377002,19574.179380195175,975.1341209929313,101.12725332640672,816.0515370104564,998.280640375847,12742.138548641891,600.4485755297887,780.9845278981358,0.29765438953200113,10.12407868808533,5.9550618406603455,0,yes
234.80616828047542,186.65521550427738,383.5448311701547,278.3270879510438,1,34.582053192396444,672.6617167204553,16508.213744906632,992.692306129826,188.86348362316267,774.979822287731,737.9430518130263,10336.884592923618,618.9432011971694,692.5076827929728,0.24494260015588873,8.526077475578004,4.890893767724355,0,yes
256.2539507543065,221.0966387765357,225.64706214865654,293.23910462379615,4,43.63262771600958,962.8031849526344,16563.34161016862,923.4566108507918,819.5108207182703,154.52986907119748,825.5894121825982,10668.80017433115,720.5156751441577,762.2599563409074,0.24597083848537743,8.609117281855394,5.109995348335916,0,yes
270.79801993888077,341.3360332175184,317.7431702112568,246.83810643379616,0,27.944892732816406,675.9398210633472,19284.14076037681,924.5735527869584,647.4631923268644,351.46282356245547,954.3001894350917,10504.19557816148,628.2809029244621,636.636736583537,0.28707423532804555,9.905372916934738,5.045615587624853,0,yes
212.12961205178868,104.32952195171363,150.5749783471267,248.46673225338407,0,83.5832110677069,753.8020181632448,16597.4615581573,933.989176116959,107.30463707000112,870.1602499326765,911.4080267356244,13891.314863129137,474.57337616744456,680.665983092573,0.15874246834752714,8.580482770426926,6.324625750834101,0,yes
261.4313581754774,255.47926440470658,329.81072349619603,250.69775583635118,1,56.625973167934276,810.9502216214983,18208.736040858188,982.3932739684849,912.8618280472296,16.67214605652748,807.7499675305886,10255.90273794366,455.08996124747244,670.1118854953093,0.26233648411084676,9.405511830412928,4.813218640065709,0,yes
297.23340307739744,325.1283817320235,119.639850633379,230.49830454656626,4,63.21283462442931,917.0593705267925,16424.775026904732,904.7992982963987,296.88084116899415,654.656394619542,898.9884096653258,11301.494149412654,171.2668719116162,658.8045660232468,0.2614839810674939,8.526817676722034,5.155957875432906,0,yes
298.57638292597676,141.24248852257574,391.51341146141164,206.3286150312901,1,50.491321394212164,688.1470454870788,16006.186767289231,908.6231459501995,88.66532512055137,853.8842091617689,837.3073542311503,11404.598304906835,674.4653829054919,670.9178535740543,0.22404150404755452,8.26689343411677,5.374161497474035,0,yes
250.8800797180616,353.2352946053825,307.20389880156176,258.4785670978344,0,92.1910607016653,889.5280239272854,19154.224184275212,980.0580573306595,68.3156330760749,917.1296355971997,784.5124530060588,13601.561783428926,645.0667425843949,628.0027824501399,0.29761088604576097,9.895623486543206,6.220362452882271,0,yes
294.07545075811015,271.43996019407507,342.151554140937,293.91305157143904,0,73.34044490519395,884.9527328504953,18983.763815876526,936.8344920701785,353.92902978968823,597.2924046853243,961.8901770518869,12705.409734672485,252.8886680693711,606.566679363295,0.2820668789813981,9.803400997619816,5.768459176673631,0,yes
293.6528997252959,179.85568656133208,341.45312944347825,232.80883402941993,0,21.758399961310076,610.9982224772989,17597.86982790419,970.0807065911872,28.571655275497115,956.1678049628304,865.5578697996513,10998.511442561794,114.5723196676501,714.3409054219491,0.22653550703531253,9.054320964470769,5.010612346705733,0,yes
284.38167370538355,138.6419903047875,111.5028557507128,212.75553564253767,0,23.625743739996558,946.0760686491908,19220.183865392948,955.5043441717177,453.26527607430904,464.761402935082,887.3089030468259,11335.207638364573,896.3293981687343,768.9550820867004,0.1591092679438839,9.938099745554997,5.464764094567524,0,yes
247.84692064288694,152.2920120729925,110.39565660517219,245.44455579254668,4,77.03929198742347,994.3258630716716,19085.335131188236,902.4304360853387,718.3005228092316,212.49098788123558,874.8186701152075,10755.147116385904,533.3379266477407,700.6096569777794,0.18897623836419025,9.874509618478209,5.075231194626687,0,yes
269.47131930603894,338.3410252903642,162.3504466116483,293.5056802928958,1,91.5267230234278,989.4290535264644,18796.333603924897,978.1785452436668,589.0663749179839,401.23486608549797,904.4670041649325,13070.332877530564,331.64899743517174,762.9812704591567,0.275956286642097,9.739277759035694,5.948959808159466,0,yes
267.68731494477515,299.52471016030483,384.3281721850998,290.4738025005831,1,87.14366909221704,731.0146928609751,17702.14493425432,910.202098231313,509.22143372669586,417.0352485075864,741.562500284589,12333.840160677872,405.3262604946342,642.6386456975376,0.3034419169106491,9.124527767450106,5.593960748844913,0,yes
243.27418764936905,311.83985489091117,244.12083226238173,278.19141906423295,4,71.39137880940426,636.3644013214347,15809.311538146543,900.5803989280965,9.348536561792361,970.4491892458213,711.6728074532857,11278.70092239748,596.5582085902438,621.5873623218871,0.2848015993225145,8.156029949213528,5.241058912210276,0,yes
242.94106600058174,205.88782575483066,152.02691212129633,213.18822668608087,4,78.28282232574355,635.8486601842721,18321.206380933996,967.1808827244049,80.95883420876855,889.8113699937225,882.1955186685847,11317.308747164561,752.1868087086889,644.8435703481566,0.21182574226848383,9.4209984542447,5.388755847146958,0,yes
228.53239461924392,388.60687417420166,349.4070732726339,270.85103364786085,4,90.8614122949069,823.7431912623488,17277.497706267826,967.4413802824503,811.1644770976138,157.9919944574035,906.9210113756943,12660.657797767368,494.64126369609573,602.1151457143112,0.3356831283861492,8.940689939692074,5.827163705317609,0,yes
206.04437866031827,380.57983593509454,181.26355245733572,223.33331959176365,1,36.45284331061524,968.2145546993266,17836.14640010061,932.0479563461291,275.3457699549573,673.5256443675622,972.0946425286297,11237.035141140872,370.3009282081063,759.0051222970168,0.267660832922939,9.24794084311105,5.251902286110389,0,yes
293.01941999451407,166.92597743714455,200.85612773616035,243.79010279911037,0,95.77012903415034,775.3113246119426,16365.325972196211,965.9020880382236,604.2166354382042,350.5831914277885,841.9344036775589,11141.828557207138,618.7823943376026,727.2186040361834,0.2046643698385841,8.47357996933359,5.257743611662379,0,yes
262.79891241335656,307.88816529126484,219.07257814859716,219.5588215976886,1,47.5001336054006,883.0325754113753,15158.42624380435,991.7309290838135,836.7869450929114,148.182822996494,711.3955301663768,13889.693454157903,885.6612179705692,684.6722408946137,0.2539505566220925,7.897870037073442,6.409973358005325,0,yes
291.6008827022092,150.5626948115757,240.0279698822445,232.75975325821986,4,41.59799296306937,692.3955566942693,15994.762852026084,949.1668337234939,98.58874167560302,883.7903264909123,990.2966306299976,12911.387171225962,235.33662925299436,642.8736252625008,0.21275677834698928,8.267669192760257,5.86423485528697,0,yes
217.50647518487906,287.0519001789764,269.00445597791963,247.60727646442848,0,57.41565552533157,698.5790022067966,19767.867348628355,941.352441605042,560.7875668982778,399.1280018112574,927.3517375536037,12083.740068390982,588.7616261026005,722.0588624995119,0.25273424333085653,10.154506405252276,5.656688361815254,0,yes
250.63272317755437,162.54001565939996,261.3519899234626,238.4298755658375,1,47.127294421338235,854.8664650466912,15579.511582093472,964.5819120180139,406.54164051657074,562.3424708017088,872.9669213704497,11463.879621531032,815.0697751089201,755.9410614956463,0.20645568940167777,8.098295875971717,5.483246479124668,0,yes
253.74551060699844,323.8536488125469,121.31782369424614,235.13029110090582,1,83.7815967311968,925.3390748145546,16643.721036603612,938.7102375110186,283.3482254869859,618.7236806995929,977.3303974831326,12843.689524873938,241.65104696983582,797.447884157518,0.24731613728038518,8.642818267803062,5.84392228724813,0,yes
221.2718692287625,286.05069757356716,287.2273109383044,265.39058393889945,0,35.22704053070717,630.6130973556554,17060.78089124323,907.3077089365664,307.3377760641762,609.9453251576194,922.6460346483589,11597.634847548743,164.19430122346546,662.1744672635173,0.2572215176487842,8.781428473048418,5.276792526690985,0,yes
289.50987348678956,276.5618442170745,252.21759820923228,291.89219204970095,4,21.765489178599687,667.2504967661085,18228.405969995933,925.9312799035342,411.8649994431809,496.55495605024754,869.5138718865273,10870.3640086785,382.11602549332315,745.0466599327059,0.27466340504443315,9.375788037975,5.06152999838676,0,yes
292.3373610709296,255.4212929303953,239.07461746268564,242.81015363694067,0,94.49049589860103,918.8149743580304,19912.8534090789,903.1572250180855,878.8547936932207,48.940142059656864,791.2919063673128,13704.13830686803,632.1265711393585,742.5687843200237,0.24726281821226767,10.271032988521698,6.266075211925715,0,yes
271.68408478951113,244.61584749661287,325.5917815065751,203.58394075159134,0,21.964543049312162,691.6151145326704,16479.827367155554,941.1462990506924,177.82228229282023,809.9377717212187,760.2061997822818,14248.163159205207,177.12030537839203,780.8116292312817,0.24066564947955066,8.508927769015228,6.302601599965225,0,yes
266.69575598094775,367.1707533388358,215.5725056847064,287.7553026649521,4,91.63287588340731,811.1200848143768,18503.633773966572,909.8815841080649,790.042992981955,165.48317279715502,838.2383820821964,11529.73803831091,678.8540532408036,698.1260875347625,0.30864459140953376,9.543031084100726,5.431712203337453,0,yes
279.86925217474436,159.15274508342213,382.3872927866685,202.4345413633326,0,52.9428434894898,605.4109620428686,17602.780687568797,924.6127682826218,829.7575340637247,116.63027609729079,881.3207219699093,14319.719986602166,563.2439734136376,655.8691258211518,0.22253938716185978,9.04931105693981,6.511878711209019,0,yes
252.75929862571618,270.58791780279546,340.53244824461115,230.79655325939416,4,46.59214183480682,760.5194062403745,18423.570918424746,959.4550668940035,6.45650996945117,905.0062669381346,708.260853611724,11884.701196462562,327.6958509735331,637.4821161832168,0.2761859248515327,9.498527860044895,5.367234422303105,0,yes
237.60466664833595,268.141410537289,113.19019106424251,242.36555463121874,0,95.26678331742366,932.6722630361443,16891.301300489125,982.1132222558123,486.7081988124299,447.0272010378099,726.1073780271557,11432.661350224622,620.9510960372409,690.2208215583072,0.2202567296695289,8.774265482935817,5.320831369225115,0,yes
219.48625864451458,283.4412688522958,360.8782371964444,297.2508038688259,1,28.251865232573145,824.275048466011,16945.91458620254,907.7840330665357,326.01197060410277,582.2200883025,878.5717127822668,11068.007582088692,261.44142763665957,792.9324182311321,0.28017789605095383,8.7668304916804,5.102298058106969,0,yes
210.3180647620631,329.9051485953589,302.8566482928154,206.31290977900755,4,32.76126708105639,706.6447085059316,16933.4419990728,900.2150951630238,323.885070352969,607.1809166935908,902.8893108413777,12658.27251540189,193.25218381955648,654.4162147046209,0.2803808942153671,8.733440591182573,5.7056368383103,0,yes
223.69498089131713,353.07153457091647,255.68142424765642,279.16398419066564,4,24.29519319091095,706.5879887340753,16971.835658859152,947.0027645936533,872.5769555980535,70.52570369550108,861.2937150753585,12951.649220478826,893.5073236396127,758.6820201652419,0.29540748690045077,8.759028779072642,6.101874186910156,0,yes
287.7251281130109,309.41915987837524,391.5042178853673,298.9351451009852,1,75.4888033533449,710.0973308624065,17492.78011865263,905.2247243301086,142.52111596077708,848.0854145610663,711.1875586623441,10243.250842352601,255.41178742600766,711.4879249846264,0.3115989210666998,9.01455279928518,4.703531729637941,0,yes
286.6101688995313,308.4597237927948,186.44673831418118,219.18916420103113,0,97.27071870465235,954.9952699796132,16975.428131035238,947.2615105421411,348.5917551490122,620.1725536452673,837.2400015558487,12189.564627298785,417.89706638692047,733.7231114150057,0.2528524216899369,8.816632758082514,5.597393454344755,0,yes
244.41610494918424,342.02649890022064,396.8601072697247,243.26467040490118,4,89.38134431934323,802.4769641590696,19785.879011426896,910.2477267241895,178.5392235118593,795.6188238428863,819.0977602448925,11948.938538535132,691.9993907613756,664.3019349492728,0.32284523936460435,10.18227201430079,5.595113376112203,0,yes
293.0691012442975,382.2290016663367,351.4455016276962,289.46300250451253,1,27.475851490684384,703.7570150351249,19328.496154306333,991.0830549159276,34.72632240568878,885.4549897279549,952.5602320849526,14268.826453469328,596.8687830990466,694.0150805558108,0.3254586715704789,9.942822300625755,6.534889418276919,0,yes
214.36512295382718,341.4002588273718,303.32924291486864,299.1902743257904,0,24.461736447786045,815.1918884097078,19607.978681541063,914.4004187276769,813.4789178681684,121.99790699028938,814.265512574018,12014.91172070625,266.4220135147817,769.6303403583286,0.28711673381613184,10.096731661923773,5.457945199892421,0,yes
231.72419201452092,333.1488280582927,251.97303182844215,262.36885257472755,1,93.39724878110218,882.691561362368,16720.17147438732,933.0029424638633,784.9440688268952,127.98284584630096,739.5548472873298,11464.970901839652,760.7427499841469,753.9082359530934,0.2810387920647794,8.670567240832552,5.400632877227661,0,yes
212.30948885995684,387.2537012382282,203.19516250573088,262.73234488929813,0,20.017471961687725,940.8365617045483,15104.948889798428,946.9173211077687,544.9709890278533,438.1408956783995,989.6822736797678,13242.079052461277,455.4193422698344,706.1058797568786,0.2773217162693414,7.878101072398847,6.0927144534568525,0,yes
241.3713571999294,291.7545509171339,263.3104860696034,223.58331996093636,1,59.74011833802689,649.1128751345459,17170.78039664568,900.7120427589111,195.01752895838354,709.7271094715397,833.5856331125515,11859.524771428445,729.1794813496274,690.7438143697289,0.25597851718319775,8.839564251286905,5.573963631580776,0,yes
270.8399713643392,191.95164396437355,358.407249910775,220.21588042700202,4,87.14354461557897,657.5426029722477,17904.305683167673,976.38581803466,566.1535974309216,418.15744274410304,788.8947098922988,11531.241528925519,830.7767633994014,624.0296240847385,0.2535759289367748,9.218556130908915,5.46759506266454,0,yes
215.11412639408871,136.7657114545152,211.0631214284813,206.71849728151292,0,78.68177761188846,987.2651981211842,18801.118492906604,952.8164638537869,719.8711215875006,256.24810786642547,758.5017915368188,11648.135400660201,238.9756020382877,782.068887700008,0.17522533245349461,9.737671035685715,5.285207389929749,0,yes
296.31355031466586,132.98265687954594,312.2984750077318,208.59157585494566,1,61.98167240416219,972.0984431701215,18204.671124564524,988.0130498709192,496.4974654775713,487.3627383692172,922.3925741276985,13542.414471651378,402.2613986436455,659.7328518152143,0.20650469524971982,9.440810808135767,6.15866896620133,0,yes
208.32684370753026,276.6321277686907,154.84989485140682,228.9185761772605,0,20.335352355770596,732.4955006464808,19678.4108660446,917.2805211127478,809.6761714327324,110.31607271450423,747.1394362599206,12208.054235488085,179.83880434226282,709.8527475616946,0.2161785619340239,10.113954881193006,5.4636645939883355,0,yes
225.4124676424941,240.2484353335134,369.9816436465091,202.91469836315127,1,83.7764991501009,811.7881821167664,18991.366086503098,972.8939304088983,285.4816729929178,666.6080988989734,883.6538195724297,14441.280179796024,321.13222812017966,770.4110620178778,0.2535823509182703,9.795700460599608,6.480518569571734,0,yes
269.5262083916359,264.0699835252938,194.1356570119453,235.3316221874491,0,43.744905615084875,819.0757986216024,16346.070154963629,945.5042212631507,763.686286739699,179.2404944672652,797.8178243613233,10736.351377260526,563.9351979386258,784.444507539909,0.23096978263113954,8.470909115831219,5.061947033801746,0,yes
203.8813583628388,160.94016775849164,178.95150297496986,209.26356004911418,4,44.180012530931165,696.3449137896994,15931.983522351396,918.1320569637204,421.1214466437319,498.6996725700233,719.4392013719375,14409.745580637122,309.5735403686848,674.1452288029766,0.18922684156551664,8.232891583534526,6.380425395793463,0,yes
290.79872242903923,384.0061351557242,160.25484691372387,245.78763130380275,1,40.61592853535775,633.7122829923474,18880.374706557614,922.8610628611885,596.9791766813405,306.86031708880887,820.7013196665703,12875.793993413266,329.1655801283827,686.3205487677811,0.280560024264924,9.694026126539242,5.81460590809947,0,yes
200.9745908212587,144.43386892772844,375.38671999377357,253.98568930341287,4,74.62125249723675,755.7250935314382,15045.758848902931,996.279764540697,237.39552507052406,719.4425221150865,994.7747341177555,10063.29371999925,859.9715362473466,623.2272363137048,0.23431575550609932,7.813651872479639,4.970546693902903,0,yes
295.30704877889184,381.1609440489967,205.745004348176,298.2109068780033,4,93.56576307745962,871.4321382093569,15694.822042721695,955.0001521257881,823.5374350484876,88.34347425274893,740.7125183492685,12791.75139635443,224.24871180799624,631.443610270376,0.31823297973740833,8.1583682396143,5.700923628279944,0,yes
268.3968432728234,260.21213218357866,141.76764936370506,297.2170259779249,4,74.09487263380588,978.7702065805892,19610.066757805784,967.7422422911495,416.31793894096467,579.9877794912531,779.2967091018581,14242.02248046896,101.56754327306005,797.2320972799339,0.2510024083209918,10.142242146905813,6.280941388891528,0,yes
266.74657306232865,263.1358372980626,208.10612068969263,202.11370336300186,4,92.88266976884185,659.368589422925,16449.29974341402,916.5418977756897,20.757056280075794,889.7138795824354,911.2905750135992,14343.07299062374,813.9777164106058,710.679074780061,0.24857264478474939,8.483225801032592,6.635796183297291,0,yes
288.54866273901666,109.13064614347772,115.89320877896175,244.06356756022527,1,86.85981784759338,725.1509251163887,17538.836579507293,913.6568499442609,94.30323013990812,860.6049043938353,730.1277178506153,14585.930685707737,580.6235349823457,632.2684639055188,0.16692119432745411,9.042050736253213,6.562919212847199,0,yes
200.35874685641065,259.40406988682844,284.8517583423334,294.0964886180708,0,50.62213530466651,785.7562258912366,15620.229928271412,925.6553153346564,690.9578140630597,231.42589012303563,968.2144935268568,13363.10327112552,670.5229634556481,623.1603969508062,0.25112430596480617,8.097824711463653,6.199328223101492,0,yes
209.26979281367005,223.43405719578305,398.9870841987996,238.94297388550638,0,52.33243414274732,899.4100334185987,17095.070772753523,922.693543424867,127.10140439472205,808.1429945915003,735.0275056228112,14839.861859653478,728.8718822939225,623.6676658632203,0.24987208662246843,8.860395646566445,6.721924620156978,0,yes
229.6160947161795,134.2209292259901,240.9610921631683,233.52273864503877,0,78.12852782861984,713.2666791946629,15309.256919586249,934.7102018982431,82.09953367001556,884.1053980520463,787.649479316169,13366.30748151309,657.819097258632,611.3653819163494,0.18730959312082698,7.927522186756393,6.1277843901624465,0,yes
230.0982241316901,257.0462351751835,238.35171350497407,243.63333650514917,1,22.087143963167897,696.6913927181024,15754.434863539784,968.0539698676835,861.1501736723267,119.26305206865209,935.8479253125267,12155.655980599484,562.6202708382635,769.2279496965114,0.23495656702506632,8.151051562267229,5.687492516206444,0,yes
291.6533283378546,209.2003540081542,354.11479407559113,203.98160132291733,1,84.35251569845849,885.2352191444907,19105.992134423024,972.5188742859006,912.6672649618739,15.952910119401736,776.396449127376,13265.947526641801,768.5461954359005,745.5245231593643,0.24665509881554032,9.869492289306743,6.1399140988998395,0,yes
274.7044453883636,147.77038587896268,371.5242319223858,255.05300016564823,1,27.808388584723183,859.7547728669849,19847.774090971492,956.8683965820493,640.4134274759749,266.9592399611,818.267539737291,13253.833422675101,375.5726090068039,652.3015466439856,0.22652453054171515,10.232465684375887,5.9794232138363075,0,yes
225.90291132013346,242.54784300929447,216.64809522333096,229.51999255917258,4,58.04218323178843,854.5513178820847,17485.45472303727,959.7242653760178,369.1977126266114,599.8397939346946,749.5252399442754,13409.618935400847,681.8449599105988,733.9891560295632,0.2379829123711675,9.050526659915377,6.155981423640338,0,yes
292.91219038173546,118.8181035359862,309.92766678639464,249.05898751448348,1,36.0775658628566,894.3271124383357,19578.992076192044,998.1910774740018,534.0297758531292,399.9242803777454,779.0379803447025,12011.009562591358,252.2364999137376,697.4007923543669,0.20477108804069674,10.111609473573816,5.426833564920222,0,yes
290.101775429274,391.298031086986,284.4138186009926,239.44170340139803,0,46.70993271437187,864.5146867976202,18877.980997036288,904.251138059089,436.17053230549107,509.6972641393146,960.4144646547422,12339.582362148998,713.4471583558401,767.7098167257778,0.30371701666775675,9.741431695538584,5.8262539049314075,0,yes
288.5644881109009,174.75174403012474,205.1601559435828,270.84430771338776,4,59.0371607905109,842.198539483076,18073.36075270194,974.7927866339344,258.6420340683645,705.6996815561898,826.8816326736827,13154.648589929304,240.43581209756556,723.6669056537842,0.22488301861455706,9.34377943978612,5.9063565514711165,0,yes
291.54331691004774,251.40234249119752,270.6330723228871,244.70403966733858,4,92.26160847092073,972.0782378735731,19039.724325712992,976.83879606136,559.1195828468032,343.11265722209544,713.7206862374625,13240.219244755597,554.4387669185126,719.1490526147516,0.2679647481705105,9.856785818796654,6.011807069606976,0,yes
232.98609949067696,255.39658628075895,252.99807702540653,220.79106684254594,0,28.370252496350822,711.1434686147069,19094.769969857276,935.1105785986406,291.532240040952,704.8489095718428,867.0699741654726,10487.559755113516,145.1236414042497,603.9511256766505,0.2298119629484598,9.819865916690132,4.8061854279205,0,yes
220.65781935736476,145.49259956797096,245.4904991781719,250.49167536602795,4,28.009695543506872,717.7604007505872,19316.453445926607,954.7190995822535,838.7948159543904,158.30404721147522,796.6354354465858,11692.101279983059,893.4418778706098,795.3676191906873,0.20468654935379546,9.934860387394071,5.5845186566100065,0,yes
226.98002040189544,237.40322283936806,380.96996874903016,262.600856229493,0,25.593676626902948,645.1016344369439,17381.332914223618,947.4567275099797,337.7769789292882,601.8917766828558,788.705309803041,13077.175764657906,362.70315399504085,764.1644573491747,0.2554633137822252,8.950363227189818,5.910986119126576,0,yes
229.81746879182523,327.62297105498897,265.79096085472594,227.33429824621635,4,53.48326927686635,901.6483753490825,16504.688544453813,954.4263741804266,68.11002209371601,876.0724665884771,992.7073411591729,10606.748253507712,480.50473283779434,766.6240104330087,0.2813257791254871,8.57006848137075,5.052484148911227,0,yes
270.88948670563343,363.75117321937387,176.79012038106765,295.4281819818035,1,57.32642701295732,852.2165950243266,19059.984200566192,981.7732771034343,899.8401825834429,11.995753504573372,974.2326920959441,13548.6620663338,754.6492999231843,667.3468618360583,0.28527215536335027,9.840310851985532,6.313954972584718,0,yes
210.49305564966465,344.46877024949777,219.5668405736606,237.62642747649542,4,98.44660032625781,752.8339006305325,15267.187644483862,976.5353719685261,882.6299609578901,98.28729516266628,912.7622181668062,12644.101762338832,269.6931868758952,719.8230476722313,0.28409123427510014,7.920989862887209,5.74997446825862,0,yes
200.24553361657482,182.38965533147123,159.7080566667418,290.38477773808535,0,55.59777529245865,754.0724472551294,18456.774210710017,924.6044353244953,140.59104244719285,799.2222066732298,701.6111254990187,11377.14301109079,378.99002351144395,749.1862109304468,0.19515860593788906,9.508913195403025,5.200677200449598,0,yes
279.78854503572177,383.87194032918626,107.25912346225056,297.78194292184594,4,48.759758193069295,795.771967024267,17881.714883671066,920.9357341817471,853.1360317983383,88.9473818054015,847.8781580177782,14678.055644468199,135.5029373982112,682.3629105132533,0.2919348947067839,9.230153944157646,6.473628982061974,0,yes
259.1684437992044,335.82383496362047,164.9665103037835,263.16400705215017,4,36.82119778285852,608.1754011605178,16908.130359209175,972.8846469151252,460.53987363536066,449.6970956358706,996.775674671462,10419.795925556851,860.7401647669719,695.8142417899982,0.27322315776309325,8.709225121188323,5.117390230867754,0,yes
278.5859802436691,115.24599857473795,152.95329038441807,209.10121327758284,4,46.50805399757288,689.1689667272167,19127.71211233752,973.6426214297417,782.1110811268111,173.5929007015311,992.4380010262364,10344.1232371433,641.2411594691498,658.4170432811943,0.175451897296848,9.836809505630967,4.998901785334024,0,yes
237.96118348147678,285.7406099989987,247.18420220267424,285.2528238060988,0,69.99883739199757,860.0696380003662,16458.638188807086,995.4203415993288,305.10220953867514,624.2517579714311,999.353922137313,13571.842953728516,827.4974387765907,638.1778560126122,0.25954029641418375,8.543299165343013,6.360987281395194,0,yes
243.66642236067926,332.6971683908466,319.1555179697662,208.1701061578256,0,97.56101057289726,751.5856708580394,16244.578493863635,963.9699698219247,336.90024305528055,605.3635368858738,872.5218932416485,11024.707215124467,439.37269913322046,667.1410654983883,0.2814876872258812,8.40767338187762,5.141718348705639,0,yes
266.46116153424,257.9476909009737,223.52833788411874,269.82049501908006,1,38.78422000335169,879.0338010355654,17507.028258526287,905.3557289433777,800.4940344365649,117.7074132240316,900.7764967442652,14203.368496695952,501.52849417168613,704.2813821119069,0.24428578494186654,9.059386865377629,6.450940270963966,0,yes
234.57548498201965,335.02393626417074,385.6235881930473,246.4616082352538,4,85.98746675922567,846.2752266735755,17601.803904823184,946.0987507819342,692.223129079493,273.01285310299363,825.6748774747506,14349.353115176677,243.15835048073308,649.5973603978462,0.31676585022416065,9.104962710301786,6.375212777320394,0,yes
232.31142645879763,387.41107486003995,122.4395001926353,265.3726804616687,4,86.71276059361251,844.9443439750285,16541.09020445361,989.6897963269638,15.298008123423624,905.3217338766186,971.3078484352634,13482.830717773679,837.6109437040153,636.8985130744479,0.28867126698068013,8.580323837764416,6.316846227710082,0,yes
251.45048706257597,226.63252159425474,116.55961588870254,243.70329796797478,0,79.88533762099541,600.6396904982896,15091.315454115202,903.5830997134367,712.8878800528454,219.17493823214022,907.8319708428628,10696.392628654216,584.1521289988261,609.2236245976982,0.20441047903406992,7.789669225598141,5.0734496229914265,0,yes
279.23030729825456,184.73844687522416,100.00355903001604,275.608438718442,4,80.74382262983534,794.9027808750801,18571.735176720755,998.5229250563109,283.325034042064,635.3752575004212,863.0863314214934,10633.838815622436,535.935307188034,735.9417609082461,0.2103459232917836,9.58566372415255,5.026072644552701,0,yes
215.44026532283794,173.09937432004696,195.6468413742811,215.9871253267087,0,45.72260213057074,889.4511705098782,18512.12813068472,971.6211704394649,940.2970635569623,2.5361947750741365,709.5031249261358,11777.810807533257,365.3720389688044,716.0347594472007,0.1844270478482519,9.573391590562974,5.354673963209649,0,yes
226.56486936215467,239.21866867457487,306.0733620356165,215.64203592559346,0,24.361740393371374,622.1971235884486,16123.182921950542,927.357425397073,768.8284155452686,198.99986669270675,890.100552915444,14671.305055637931,751.8151986747849,722.2060884330485,0.2316111524016071,8.313537728757868,6.74314619238829,0,yes
287.8110152327124,159.8923304261396,344.17579901938024,273.6490497936106,4,37.454804107852326,688.4540460445625,19266.781803973958,910.1597039746675,175.552490756301,784.3394272064962,762.0346682354686,13040.506363625762,887.3148425132417,750.340758988374,0.24449511314483482,9.89746810193873,6.096437218947711,0,yes
201.97037262504395,307.55763160593057,187.38679566026724,234.13739576479557,0,80.18547910517653,821.2337247836496,16750.268293824785,981.7208604586566,80.54466848047866,851.9104794384476,889.9138020582016,11502.814114369428,348.68960414936856,668.8142772724665,0.2428208884261071,8.67848666607717,5.3025184579218685,0,yes
256.19576312323073,388.33102128322935,218.19275225235742,273.1796511515863,4,49.244994667244114,842.7958435351259,19417.06780969095,919.6744625170925,345.08479806893376,648.2225586916168,714.3795389120647,10902.103648348988,756.3945590727386,646.9720743112546,0.3080599003052475,10.008189159453737,5.160629076186433,0,yes
272.1166546539853,392.87248170181533,321.0729108446276,299.27377853874157,4,79.56184246097973,614.7276138652286,16803.69922533889,987.1381313288349,1.7759096015356814,932.6394730604118,798.4289620056425,13215.89567956447,278.2331414623675,701.4156318631235,0.34149718241185223,8.660406024280487,5.927536011152927,0,yes
258.79706992884144,327.6976332137622,281.58887381289253,255.6753494066671,1,33.10469227468766,819.107703106005,16597.276126027384,973.7450837427922,572.5524922414825,343.9913773119357,958.5524976809961,11549.174209449286,128.21198401560883,637.5132514565146,0.2792853534592552,8.600411275503534,5.2540450019316705,0,yes
229.61632283192353,226.25857572101324,161.89324279855896,221.9943902856703,1,61.71084811678767,944.3675215334847,17323.059139327794,956.4490507817081,11.23125512731212,914.4439906661748,938.8143381770371,10195.074315703558,441.23480778394014,741.0046187740004,0.2079413341558685,8.989276140848975,4.8446039642079795,0,yes
246.55282105484338,295.3338529347407,368.76895041086317,225.7355567652043,4,29.729777631230192,747.106634667183,19393.744375623835,950.8307221061725,938.4871267656027,41.135223358494386,785.6358808626958,11221.996037888057,687.6310957744842,674.5054094474895,0.2878153565783782,9.979454269395944,5.291300563910744,0,yes
253.41016242751508,300.9598622411307,337.2222681103741,206.69218176808494,4,35.12377093339254,820.6860648887758,18129.03847537693,927.0574308532522,63.55056933362285,879.0154715996179,800.4593917514607,11448.565433184478,123.93468913097392,725.8391545514104,0.28149270447254077,9.36022310997066,5.164044159189903,0,yes
293.2884562344933,253.6034063521206,198.64008723336136,221.18641698403113,0,95.56855198055057,979.3284048615137,17236.78106385543,953.7184547212187,886.7199519506084,37.30481048090007,706.6865433153392,14809.095684177719,397.7256413482119,692.5301540336527,0.23438013880135466,8.953794904441756,6.573320531542611,0,yes
212.4167132466988,280.74699355745673,331.2994373082556,265.87699898661015,1,29.060931571522815,953.4428016160438,16843.00415719989,969.0308463736397,118.47982300714268,863.2356197963413,943.2645154894635,12299.8755630358,695.6430405748823,781.7702443552438,0.2661188563018389,8.75306383542009,5.803209814966018,0,yes
251.9306485630401,231.52628131074738,192.15687048233676,273.1848601253077,1,61.13594815211472,874.6202371968909,18968.42414172321,981.0806262586686,796.1322589141436,158.03287143112914,947.3296981345486,14277.936812194243,126.20453124283308,744.5237568623265,0.22908718287308139,9.799490093845847,6.359521631755352,0,yes
228.75446046390468,232.06079878174233,126.26353853994303,296.75418224410885,4,44.96425426505566,810.8386829905244,16475.441444359174,964.3759545391817,234.59159582799322,716.0026457730041,704.4176702281037,14379.698641080944,109.55428194854235,655.5183370007879,0.22787433778771618,8.53634979800805,6.284165524459073,0,yes
257.98296718263,197.89794359558056,225.38545839359364,225.97521934462594,1,97.6248161586465,829.2113675034815,16571.088741845117,958.9219622410053,696.6056365078023,213.47747687299056,931.1033674147587,13877.904691249267,710.2596579501699,671.7275819703897,0.21819332412009804,8.587536608579807,6.4109806868956145,0,yes
239.75939706485036,268.6919904477128,140.28115916063655,241.30327588360993,4,94.66971184639746,651.1718581976708,17458.849051073157,931.5667685210984,320.77589145144884,592.4853557464409,846.7416980263273,13093.655575912884,201.89532893487262,621.5507480225458,0.24187990205439844,8.988265465801991,5.854051548821473,0,yes
225.68867830642725,328.4557062058808,171.50995260662694,257.5357293328882,1,94.27247446186105,838.9858853075532,15034.020277411702,993.3472365355613,601.6408130549709,382.4200403806906,813.7506754070218,11293.246746890214,667.6668722287701,697.6657600515183,0.2614500083594977,7.825956638088662,5.326725401684683,0,yes
236.6001675094554,160.086432533814,392.60431349846715,275.1889276837127,4,49.62792080957666,828.5952805542476,17489.30918168262,994.5107122475702,291.02610069595096,609.3043178279181,847.6424962883932,12328.186184033384,388.3011461100227,799.6281292507218,0.249617086506414,9.051429903116158,5.644560435227982,0,yes
248.95998650725744,208.19257299669974,292.32245479510755,249.07121489309355,0,90.4008638328404,991.8960622911577,16263.725385738275,907.1587483102014,92.15451030037066,825.3665954892433,982.7493853226858,11486.650813342469,883.670558238714,699.3792023186352,0.23426811062656244,8.463787806828018,5.549159190308526,0,yes
261.3455740262595,133.73952470241449,195.2823876481399,298.9671210173487,4,46.586341971022456,661.2139772820569,15973.099844675928,991.0978720192625,319.032030778915,623.7291153394929,800.0446672943198,10918.15677594022,375.1593581781697,743.1849523046019,0.20711599114011808,8.255793347307684,5.054531531256372,0,yes
262.23432078095493,138.65872901783086,344.6396684190993,255.81744414395874,1,71.4306467164036,694.0438966407739,17553.43640407392,951.7229272925487,717.6711367728059,195.06153424335946,857.9564866605559,10435.677909837428,885.2245753743944,792.3833263120366,0.2215607521494038,9.04771974039732,5.091174377273061,0,yes
292.55068261966,385.11190339474314,141.21915361332952,243.2147759694193,1,93.59653040854175,608.72238061319,15763.181803355395,989.8747367541688,91.33598579793797,846.8964650695535,795.5382565115009,13422.544148602881,560.168210105518,668.1153961324862,0.2835634912883292,8.13922127206229,6.117952359716281,0,yes
286.5429657129038,280.3314957269871,170.2643420385016,233.5124864461809,4,67.81144393264036,760.2847458462387,18246.400599638706,944.3233710112099,44.11123686437067,935.5632417727813,996.6002982002963,10767.644729896085,546.2606678451128,717.4461936473738,0.2535163233038758,9.407808404335213,5.143067465065104,0,yes
210.7477422673331,357.84948955803657,189.72662138399886,277.46436100698224,4,46.2053113712998,962.2836279788116,15107.883495584245,973.3046819670421,765.7141077821461,175.52262349273815,920.0823916208751,12684.897508815768,573.5948028714377,626.5539365393983,0.28490683813594236,7.888123797363735,5.873049485092388,0,yes
298.93716084383834,115.35859254918302,162.38277990775765,277.4294226003059,4,43.78585634475578,601.3222763480337,15281.585799542609,980.8247065036005,817.4432723663606,100.59502792920523,808.107065665614,10600.879156906063,732.4337670104344,681.9337416202234,0.19328490056360564,7.895562425066568,5.0622707888309,0,yes
275.1551051249636,333.5591416746405,150.9764885807191,240.64360470639184,4,67.95463712864105,983.4780434809275,18344.959566202724,959.2188449771883,704.0136321680004,281.0830531101378,974.196815625076,11295.210359807625,392.8424290021537,622.4169153850452,0.2709517962849145,9.509598968809428,5.272027885301874,0,yes
239.34111665290106,265.46892845268866,312.28665627629226,234.78665997578784,1,60.45666444002027,912.7958784297396,18192.008727754273,978.5466223106552,388.6137208723939,554.8398334554618,865.5484689956337,10793.253386339129,327.9157952248638,685.7321769026398,0.25733365839741745,9.419592336314967,5.004373122226903,0,yes
246.71912132263657,351.4209178764338,158.7211193864603,269.6878964936535,0,80.95378549622835,938.213703734405,17459.80492937473,917.7712133289418,445.68930302994755,482.1232364062633,901.7366156741381,11312.915648319338,209.7390685169313,766.08090577156,0.2674911920820065,9.050933224497827,5.187938422743085,0,yes
275.71291346486424,320.2692099419458,142.17213647429693,250.68572606887608,1,62.40561650788738,688.8257731764804,16269.319293692217,957.0249205704396,12.85358888856874,938.2581193928698,861.4117855052461,10506.331606026739,740.8231447243165,748.350436080736,0.25325639803977085,8.405245013687628,5.062447914682455,0,yes
201.8375057250377,345.23933793104277,268.08237489344765,223.22215205666174,0,78.76760146133537,945.7380909742953,16879.15614952448,934.6886636830695,274.4271575412238,723.4387021538907,716.249369055828,14857.6450413614,210.5394808798029,623.7614669293956,0.27165458727093583,8.76464781667912,6.522848165417868,0,yes
255.47769621113235,142.50804151119215,341.21700998402946,229.21885667347368,0,66.040608972679,617.8302560074543,16718.809838550198,931.8420353636267,674.14175574026,290.8533272573809,729.2197955422139,11440.516038654878,596.3708099856923,740.7350776640789,0.2115638770072917,8.61101548389576,5.326365400478725,0,yes
257.44135146973576,203.6856001966894,107.77035384050161,203.1958616447249,0,71.29976524889344,967.8086672589766,16748.51725221081,923.2306117627317,70.88903194355797,868.2962434178288,956.8413824610125,11637.59808663901,341.90374816131646,688.7852148080924,0.18505053212344263,8.702825166004525,5.384039309118756,0,yes
220.11401884447758,121.64317942510027,358.3032769468195,294.63232580749144,4,63.255872779816556,660.6981074872467,15326.903616232972,939.0052744173504,641.0351844343336,330.3736426326982,958.6019595150448,11708.417846874196,208.63374760663288,733.1036470993694,0.23089892327865094,7.925395439385533,5.370057272938328,0,yes
240.79774274908868,119.92865860441992,216.8880838106142,289.4513009352044,0,36.096204043911186,805.8354121932305,16530.28492907372,902.9305595028726,739.2833814610573,197.00721201478882,941.1712208454056,12956.080344866652,512.802863743808,602.3740741599091,0.18409290939814188,8.55422692045736,5.961807817040676,0,yes
237.5162818335332,249.0727284026019,188.40817943044604,249.0502008433948,1,61.96985155393817,626.1924580450564,17065.68303602614,978.7299915806706,327.24360208004964,624.9312243347586,745.1665615789167,12456.083323284141,572.8686689691388,782.3507840067825,0.22881180726519662,8.792728598110653,5.733344519232403,0,yes
291.8617798433951,318.1735152821979,157.77849109010876,288.93563071001313,1,82.9364185069998,839.1119324113296,19473.720373477252,983.0910285174458,506.16383719851285,417.69697813639516,868.3607640478848,11278.949258041293,686.1205012822996,694.4404830164358,0.2678162497419769,10.044413509028194,5.341518976924692,0,yes
225.2860644858592,145.97839157420205,302.632877749169,210.0334669440667,4,53.04772618150446,991.1958900270392,18478.764443235734,900.1568583253868,200.57865218584922,796.8511372329236,730.2472515638999,12699.45999994388,435.39499681584203,632.9655003881056,0.21194906399637298,9.57019069864327,5.756257837407009,0,yes
267.56132640317963,356.58579053461517,360.60310837979245,298.15692693119917,1,63.64065627373232,816.2964478642706,19910.74514365819,936.6016337729322,891.3587059357401,48.91558915705559,930.5228489170428,11575.227927665355,398.6913499676275,624.8853175767163,0.3200868699292176,10.251401828990032,5.363046298972977,0,yes
281.325687778891,377.2257661325993,116.85546484188946,231.7838671945343,4,67.79156965497516,691.2224018503543,17746.46178615358,994.339543690223,133.2079951356867,779.1563558374799,871.0318902041372,13013.576074436527,386.1225825660159,668.0640198916907,0.2805831665159109,9.14950142632428,5.911395941322359,0,yes
278.92819022339603,390.17991580810246,290.37587258262647,247.05544558798323,0,57.876435076350205,882.9007375759279,16369.68290893089,908.158614043856,211.35150493801865,783.469827784777,972.5363259640617,11372.963592708587,343.32597035132784,661.5249272182475,0.30597314052938807,8.491971851051849,5.289126672894669,0,yes
275.5546879449184,320.13642885010466,231.3855250025456,253.64328464594476,4,79.59918364017486,738.574972371368,17052.689529341827,941.5454413494492,61.41766794480206,900.8860617376776,751.8468114745014,10088.766270955679,379.79673230429773,752.5964008661524,0.28577913000023003,8.805762700195372,4.7092911295518585,0,yes
247.46335994550032,281.77201846727735,386.5019254676885,221.77291427628987,0,88.48792900996018,650.4391346296111,16782.20790634311,965.9563737151852,358.1469813586324,630.8139867513435,987.4303026918243,13052.356745886085,204.78853673748716,629.5898071158139,0.27664632655241206,8.654514286621602,5.906430888052632,0,yes
299.9743314593718,352.422236020977,230.28940672763045,235.14356401143084,0,78.60920085163323,702.9141864696699,18797.726523863403,991.7573149335578,848.2021369768116,68.29624117867388,777.1463049822416,12877.53856082925,841.6162821166099,783.8098101410606,0.28174369881716327,9.677345569010736,6.017519565559075,0,yes
284.4388556031661,314.93680972782585,380.7009552435728,284.8856104235484,1,37.39729163342332,905.2495982575607,16180.560081672467,938.1756216765008,511.2915150558513,418.46147123451794,935.4274709423197,14925.04572609361,410.4188984950105,695.0748960274125,0.3036308193965175,8.406588852955958,6.717394180373403,0,yes
207.3896098966237,320.25459684531825,306.6516698571472,267.7312233616087,1,64.48060256852067,632.261825838374,17516.249738657796,916.9817713021887,782.7965706712037,147.1321896928166,811.1462665406909,14901.566400149335,880.4735605495549,643.8031670622743,0.28118068359211934,9.01084339552555,6.839599162380013,0,yes
257.21387131223963,245.23444431921396,141.20177871744573,261.0897421983108,4,62.876584610472584,947.8203764530317,16404.909765272278,927.2590031368145,86.35339859012402,908.6689918911916,772.5816703270257,12517.095826091545,162.23070949292602,620.1790335448508,0.23484739817156153,8.526983426422223,5.588975315982331,0,yes
212.81095681005192,394.8270728389098,108.3989605390669,242.65535657622462,1,50.6983684793328,906.0239275934441,17699.059912617377,997.6304320970482,948.2941318843533,17.548314298099626,814.6039642713034,11130.681909478171,461.56360449145063,637.4679293486178,0.2652957058063827,9.174222173773503,5.169173438095395,0,yes
252.94355813758017,318.03560801237177,234.26098315334306,215.6994740390208,0,31.32951205797335,693.9974083371847,15388.663059523422,906.6074016023408,209.86997330003453,742.5402015356092,885.9228030836721,12027.002959846337,144.63889413528238,725.0770781344012,0.2529963438614893,7.959141426889243,5.439138772107817,0,yes
291.3115478118938,112.4940052040608,183.66434729588588,234.01934388290502,4,22.919059017719754,826.0506664153779,15346.115369306575,973.7531353524939,126.76748338998138,863.2647092359898,974.2990701433031,14563.688998727937,134.99776576517394,624.1081886505381,0.18412431877992763,7.976387743125598,6.477227235214854,0,yes
241.8372396721608,188.19238898559524,112.91954620431665,284.6177963889337,4,57.75105464658563,859.0977507667752,16353.881381882662,960.9573026171347,690.7562910229152,214.8420939865298,792.2377327865391,12660.343843609848,484.3129912011346,782.3141424209769,0.20849120454681372,8.485934615480094,5.792068765440625,0,yes
296.00309260109157,308.7202222293683,365.9569128996189,205.54158785301897,4,63.90280684729136,794.4613102530725,18231.59494723488,924.41863842558,620.5216619669667,289.72892165783526,917.8430998450913,13321.48110036418,779.0497620218499,782.1578420068047,0.2991235697213113,9.405278218070661,6.225274525768188,0,yes
281.7925560497653,286.3151066599192,194.5110147850885,218.83389741005809,1,72.27370327208662,625.4291399052588,16301.239006128608,914.15095569551,817.0123904388007,169.4852269081117,768.4195556547177,12895.500972641054,211.53697479914166,660.555096602319,0.24578266293978465,8.40146279200489,5.76249780935689,0,yes
209.92659861093688,163.95031096262173,122.04909516726643,258.3997383399401,0,66.0963654295178,677.9580778053612,15238.299587846408,958.3912508365953,352.5321982684872,558.0063483499064,757.0103703436305,10702.50479867102,784.1213707690117,726.300595743091,0.1763954667809502,7.887539038146315,5.107990095615577,0,yes
232.0906792099985,162.06137031862488,229.94920859447382,205.33819090063287,1,56.5695944251205,875.4921159918792,18522.03208912617,976.7663663359651,123.72380971675304,869.2000297712968,873.5718889564412,12526.500418401152,330.14967619926733,652.5903566105901,0.19220869111075553,9.575894362668897,5.704249835196516,0,yes
200.78520617921822,101.46756126734346,222.58449877947257,270.68473455866547,0,89.68196504501276,903.5572963522227,17311.615644202277,920.3834580001641,792.1143780082906,143.88341390509538,980.5839072351946,12309.597845207692,614.5572242083815,620.8368220598195,0.17577855312460153,8.969294201264825,5.762049378108031,0,yes
248.75782067860132,220.22159575163292,157.6043387450584,208.41397065874014,0,50.88810072571407,923.4801187541701,15898.019282149311,966.6396477053138,509.85268523417017,392.0678082478678,812.8128475630721,14475.212598983495,716.7510923472361,662.7998755754743,0.19901125620377383,8.273387179496638,6.602897997118869,0,yes
248.69863756133518,255.25796643187195,150.07857623574932,287.11742568487256,1,38.357149128560394,738.1269915186097,15570.074491430201,980.4086483956535,270.80135443830056,678.0399779676154,965.6385925845445,12782.851492299336,682.8330195141391,749.3158500547759,0.22967886285867398,8.06971353165476,5.991366525040483,0,yes
237.9818946313523,235.07501036361535,281.6974543208805,258.83358001387495,1,64.27345585756758,974.8574710185006,15216.535974484874,960.178770106821,579.0987709922015,371.4343542404072,954.1744132697884,10810.244665405975,117.83860158257599,754.7548260813785,0.24417568245751364,7.943531743111205,4.972696157760712,0,yes
233.87798462543066,309.53079100368797,235.92672972784595,207.37996214634688,0,60.94455618625983,759.3428294352917,15082.173442842668,957.962683065234,418.1261360462135,529.624179300192,761.2455087244024,13575.540588639513,139.4206075578679,776.6698141930194,0.24957608623328548,7.827362468809922,6.012812685508728,0,yes
253.53395490166093,371.56906704788986,169.81779524547898,268.32943497123824,0,73.45971209054458,955.7221898881483,16227.433878640633,990.7425566926981,746.895237364574,252.34443294114942,725.7594529051031,11429.61905318098,473.295438137373,716.1007875213322,0.2774174942280941,8.448805939268267,5.272869223642122,0,yes
262.6243996604656,335.72705069988774,310.41978275181333,296.8085128140366,1,49.381333038066245,753.7480043396687,18371.496286271133,960.6465234574505,922.2136502542397,24.537099513279713,829.2556011212398,13885.319184502481,779.818819136475,730.4222428234186,0.2990198632238684,9.471153192894374,6.413799985940191,0,yes
268.20206444756104,180.23261935500528,182.1530595210321,267.1189917682818,0,43.758855659884986,775.8020754164868,16297.701938515866,916.9026906469766,489.5753210047691,422.9382117184616,946.4421894053695,12397.159081440988,678.2461332527489,759.6682766393017,0.20122995505557134,8.43314785334864,5.823974311708428,0,yes
273.4262869826867,128.95043238445936,341.2050638348572,211.90262079314357,1,86.27943101912214,686.3779216815803,15891.079900344743,984.3118390872324,84.9927475477337,907.3513576339885,969.8385436917966,11391.000201535471,369.87214247500384,657.6898077152235,0.21149107996568758,8.219356684461445,5.305033721943629,0,yes
282.7847137415668,239.70438716390933,379.05849532270304,215.9530118408133,1,46.30714041208001,692.2361973533174,16327.323256864962,923.0130528446475,802.6717845526742,157.73842567768952,810.8053961465969,14914.904028602914,145.0052863826322,637.7634624286853,0.26033315305032045,8.430326317310083,6.554009046276571,0,yes
293.5556944556065,194.41093124614446,390.47382757473076,259.66457493313294,1,99.48465270590611,672.1103483311111,15500.481067995865,932.2850654497148,384.09048394949156,613.5897534262315,793.5147297802241,14180.64197398108,733.8989537733682,779.6393977763008,0.26129197159512524,8.013760373515202,6.512847650356429,0,yes
246.38842917070977,198.0041779045328,292.65567328961544,224.01268483349733,0,83.23552352936815,610.7262929005938,19303.540665464247,925.7289935442465,389.2593391281584,591.1440380043023,805.0274029306358,13505.932549779496,869.3142709785283,779.1854119373419,0.22402148069848915,9.900998740120805,6.299279509312338,0,yes
249.69786739933255,236.88574821277112,196.49229544990516,296.81179867814416,0,53.47105636339747,952.8050190792767,18385.507182011905,960.1550609142932,745.8807120530952,252.6297094275577,741.2076831451295,12055.837596726198,294.2240972349511,607.8425737175785,0.23157760208232495,9.52294463751195,5.443594665975792,0,yes
255.48045366262394,213.69568369441888,262.12157499746064,247.36274689391024,1,22.78961270206097,719.5518856926144,15602.86309336351,951.1901204312232,897.772688418143,71.65714966915436,861.9271190510626,12947.82131987983,805.2229615826556,770.0044428105159,0.2264127511709362,8.077974500583213,6.0704166772181996,0,yes
216.11988826723535,356.1043457928775,247.78063688255668,277.3025462883819,1,56.73728633732363,990.9234471555401,15095.763022690066,935.4657685346476,618.8353541122601,351.55177207466784,942.7281685414805,14537.044564394379,353.47105472688634,699.6209746165829,0.2857891833568015,7.883454476046283,6.548524131468393,0,yes
207.93598915847494,108.43268989437172,296.58535920451965,228.1594933346443,1,81.0399264898731,666.8655990237801,17479.033398750053,900.7322095501328,247.17303001922207,710.534439491416,958.4632181695563,13390.523626787975,745.5296147229025,606.6709759075435,0.18867526415307612,8.997575148995113,6.239096893695914,0,yes
277.5829130584003,188.7496880421494,153.95361639320825,268.5832779470005,1,42.25838336298427,699.4449726912112,18665.133102312477,954.9782997200788,370.74395749502514,568.4852039565947,917.9462171653078,12594.307742586076,673.0217741360668,622.5495123017612,0.20428870184250425,9.60520335566786,5.874931168727524,0,yes
209.65636800928274,216.77214251987235,254.36167542671708,271.9573160037223,4,56.895536540498945,784.0726064254816,15610.021528688163,961.9673975417784,631.6508304135791,333.747828840952,888.2475745477395,14415.107740050114,693.3849420066733,681.7942997037327,0.24150748215196596,8.09733464724574,6.610885065625884,0,yes
271.33823697685057,285.76610730010384,202.37421549971768,246.90324678984803,1,98.64466194701704,935.1091794876444,19217.718033286663,902.8081827777328,43.26354324019562,925.8723559231856,926.8520444188022,12819.839307341515,577.470595402783,702.4191861946224,0.2547421571297955,9.92713696749202,5.945087870095224,0,yes
284.4833020564432,281.2109358351516,107.53089815629161,226.18990619155284,0,23.609644211433825,939.7602924128532,16363.206626455598,953.0084852997634,577.8500736152472,335.11616371195805,777.5709530179464,10740.942717545384,587.7427677429973,684.6891937416515,0.2180401790221217,8.507821529078257,5.047874939532885,0,yes
285.27012591396743,390.06412986234534,357.1274468877882,206.1852272087548,1,78.80668947347246,892.2517355932863,16142.152458205346,949.7775883111068,711.1498098494985,190.82997178037988,820.9566073983016,11616.053098313989,542.4300051903978,766.7714215849162,0.3185377367336732,8.386027748776053,5.406519843177781,0,yes
271.55856120701884,363.9005678194484,146.51419465168388,202.34704319188322,0,80.66093493476004,627.9443207877193,15722.650950289397,915.5331208726717,110.28647227442171,846.1847646326094,782.129772136708,10250.332262910373,609.560850134547,627.6309283346835,0.2596788840311358,8.112905364291144,4.860664639881369,0,yes
256.98728052257263,182.19178290429204,235.69208937769977,250.4363712923207,0,62.99593368658964,885.2742147984161,18060.930473474906,936.7093291679748,658.7341068478828,279.4096162904899,881.9341912504403,10845.74690098744,824.8970074580172,621.3531183019481,0.21038406445654093,9.342039970786821,5.2215468972816605,0,yes
257.65027774542057,386.84832167177046,274.46860459140913,203.2924776893348,1,56.281285253240945,761.2003798079129,15419.44857090842,955.0008300010079,659.6258780992317,279.0131163147272,714.8871238254666,14536.672437234873,689.8901850860334,613.9900681480204,0.2938129816206678,7.996004207754016,6.576202529459769,0,yes
209.93829275274553,349.18799033951075,288.593127580054,239.34163925504754,1,89.20749207300659,869.7585325696657,19962.394477132977,915.1379147507131,937.1429836357468,3.2992422446783394,776.0656011146152,10241.052982852385,710.6289494787821,693.9114414662705,0.2868951728029697,10.286308608595178,4.901449150151164,0,yes
239.94441608892737,159.82174893248558,178.46362800685628,208.59493733376428,1,96.58867984551561,764.8638615080292,15161.721297729595,908.8612707341082,614.7840760597893,301.42569477830466,734.0382623867564,11427.622406022401,563.5052359005435,768.7282762511944,0.1876913766157862,7.8616286378500835,5.307013475926091,0,yes
205.7206427551145,368.6532102210057,255.70728229937583,214.02076663989968,1,60.704858841396394,665.727224643684,18072.81713685448,945.766715655304,896.9215627409613,20.515903036952068,795.517114657217,11620.137220912744,291.92710816687566,681.3628010518092,0.27892388833942416,9.300381298480783,5.288578086222941,0,yes
292.3649579458574,223.99368309395987,352.5283728193291,223.68249525745983,4,20.36009464487205,709.5364040488075,17076.62599327109,980.890958856214,266.3177608606993,708.4020531844793,852.0067561735877,11712.094939299976,779.5799309904613,625.0016833849237,0.26024153591167376,8.8167473453739,5.543502476635436,0,yes
251.70265414028998,355.991776413121,355.0725765828319,287.03360932340286,4,47.38547157324881,723.0260846008922,18958.13810232198,985.6822411849467,272.89821990316705,634.345248617952,924.4049194998435,12584.658215369183,580.0017447955815,756.581163170373,0.32446900054454975,9.761140119540642,5.849731039904773,0,yes
212.93536275626946,207.30083815458732,154.21319327736725,276.41134585246175,4,50.1101019644541,948.1264056125277,15632.200983229804,912.8081391863736,190.51131116379554,809.1664231329021,978.406902955518,10806.294730282536,380.7494043442783,790.8342984290098,0.21814101748555906,8.138722638829456,5.097579243450771,0,yes
222.679057193068,157.26738200641392,286.0182267838971,258.02165417478943,0,79.99251039664179,730.5607095114683,15411.729472927018,928.15996688803,606.1047261974271,306.9996188215455,879.8705765973691,14707.61574240254,654.1062600397804,681.3977827257133,0.209797614591383,7.981675576938668,6.701595004449101,0,yes
217.3823902176462,256.671486783055,334.88969836009113,290.65902222592,0,50.60143076251709,948.6831558291628,19368.29704916195,908.8365524659888,70.62756155762013,856.9482229274012,772.8558880552586,13028.298801485018,286.4229841841818,687.1557423856505,0.2614972619996618,10.00635598672628,5.842726562461319,0,yes
298.3088640352968,127.01998692010025,355.64432993763546,298.56997976352574,1,78.78272324913307,622.917756177792,17184.93244063181,985.1115968459193,323.8562060390022,663.8420951114917,870.4840937581049,13826.883990698703,240.2165676071309,768.851149941951,0.2331497376039242,8.852523715845651,6.201835338831493,0,yes
289.02188465000063,210.9475138154241,111.94986016987693,261.50976680535183,4,58.740329658146884,696.8290435556726,18838.138171414,981.2728992504162,637.1840043192557,308.76539647893594,935.1320837168068,10749.251258301048,710.9055158615089,712.7570498816344,0.21887299940073127,9.694760639549083,5.171709948086934,0,yes
263.8461416890788,138.72967502900403,342.0499355973683,253.0802792753375,1,33.42601962256757,774.091057510661,17886.41063356794,966.4334294802279,713.2288295413679,208.2534616082313,710.9742116101087,12864.665925436671,887.1030810986105,751.2704155026909,0.21595053294232694,9.23392429139549,6.000441593882724,0,yes
289.44540188214637,271.2549628634363,368.44315381496267,264.69678007730886,4,76.89787165983527,824.2014375681965,18049.436261484065,938.5009026024286,755.3563570076228,164.17037784992306,834.849194521652,11215.27893824541,697.8291942216823,760.2705084284125,0.2972684893190845,9.3227786354157,5.315456960790556,0,yes
295.66146830749517,398.7196883240589,380.0329850482636,266.94469518635793,0,27.884321041626716,739.0352781658355,17783.71660731593,990.5211057606833,150.38266104351845,767.728877796693,865.2987156439257,14577.892614118207,463.75967172903484,720.9769356131418,0.3296486835546037,9.178136240209282,6.5736457875670125,0,yes
294.4736224056905,251.14385145321,378.226010954039,238.7770001366974,4,89.06403658721052,641.0177691453557,15747.679301295868,921.747893891255,364.01429750824826,558.8896257719098,807.1821505690154,11319.665896471395,558.6879266799194,708.0659927434122,0.28816375764307794,8.12911918652671,5.284028297585584,0,yes
291.18227233823654,151.24176771716043,234.11085352406644,249.62429899285732,1,44.48228631185821,850.559775013598,18610.13581241729,943.2358366486461,323.1214373385509,598.7164749433459,937.6151047500869,13845.97551704138,707.7717237866566,630.5122859586692,0.20352736323918236,9.609699504979751,6.396022830729782,0,yes
255.66542203877933,215.33585155764956,186.82732336886784,214.56494841744987,1,83.75373217397299,747.6334570408384,18755.66671057369,923.1017663319359,277.40753342432777,671.6663272463801,928.956380319599,12770.935805564728,778.0787774733634,780.6368554972939,0.2131371603810177,9.65672727753717,6.014229971426759,0,yes
253.55591517827676,248.84362640830503,262.00139884406485,237.73754047045315,1,53.20236991916376,822.1683391143947,15814.742462828432,961.1149430035196,57.377976006130936,919.3065293761057,878.5395282152848,12778.315626468106,647.7912492563545,722.5014291148314,0.24210180773334897,8.208086744226502,5.940979076383496,0,yes
263.2556246723654,296.5866239496563,336.6901035620881,281.3226828005961,4,52.31157662345551,824.6231778095867,16997.626826628217,957.554617119091,441.39609515910854,534.0550632068392,736.0854663166373,11403.24499024043,323.6329054277464,743.9598728229853,0.29796877576019876,8.799588428229544,5.206980196191486,0,yes
266.15725838705583,350.81063611781485,211.68510211473335,205.7466046468627,1,40.03013162268721,876.6973760871265,18764.75406593584,910.9295211371476,348.0307856721816,562.0004350058264,707.7440656717946,14523.72084100922,270.9315448937578,646.0201430196292,0.26636566951345175,9.68848191695138,6.400852120079969,0,yes
220.79942971938783,191.2427366301044,142.52032366843565,227.5455362456173,4,62.3270669951794,815.5644469085715,16399.14517195135,948.2017312451833,334.9997214593809,594.4749679089315,739.5211926442108,12439.00737892037,446.7955081556236,752.6680844062798,0.20213458072944257,8.497031344485888,5.66675403522241,0,yes
282.62047978014976,184.142860842869,254.43101396597893,276.65314994483714,1,56.30048992853847,825.9569039213835,16776.107193075746,900.8248272084787,807.1338338721696,180.1235496505525,937.2299034097766,12924.780592612018,320.549403294473,658.7554986742858,0.22655840062469965,8.68135473108058,5.885207900636292,0,yes
289.861564844893,206.75216122920295,386.4556953918936,219.23298235477787,1,64.69187079577792,789.5525549352686,19399.49775244018,996.4257671130447,261.28923056289983,687.2627260283721,894.402051130355,12621.818914490908,150.14886105940263,730.0417475343722,0.25249523729279405,9.998060872278373,5.682787708857561,0,yes
295.2407320819169,298.75496891442117,220.184823360275,209.95098124488604,4,54.62331161783662,678.624010772623,19937.206685505593,937.5409240419566,834.0254957519741,120.18483763161657,781.9324038074138,12501.554193747608,654.7430082425138,746.0090599752509,0.2656017961443981,10.234271597663444,5.7944285467543715,0,yes
220.0512354757088,149.59165207172893,350.4042195069711,262.8655320303188,0,35.71290593767597,972.223289476537,15324.964178468965,942.0439548917807,191.5030905052395,798.5789066884241,992.1083631291262,11528.267353232415,501.0907483790346,755.0834029966929,0.21467520514147592,7.994644025692941,5.433885323248059,0,yes
226.99450696711745,369.86222906377077,287.4709451597745,248.97308754110915,0,78.35906869459023,879.3564213790198,16053.030331889047,980.7739864921243,383.966967188552,551.5174627927677,882.2759022388714,10877.733446052593,553.7530234067949,657.4648416620508,0.29365600253379215,8.342821973066624,5.130381868686361,0,yes
296.2406581735277,384.5687273822198,316.789844892142,240.43388789055572,0,39.876320054496794,722.3071431114079,15545.279106064796,968.4851184811859,183.98769228439258,716.4553110495708,748.2488220104619,12342.958656520572,429.5007780857435,709.0898862415598,0.30761805721078017,8.052173816081757,5.615165119734705,0,yes
223.79214170835328,386.0968315181552,373.8052724096544,210.66997821495664,1,50.847921463735744,943.0909295484518,18802.418174080303,965.6350092977926,370.9972159269159,617.5435599375189,887.5222931144218,14024.926531916184,584.8740910035038,650.0725782082449,0.30989304275185714,9.729929647300391,6.4101523931806454,0,yes
287.00106719971956,165.3361078366778,212.45857016921983,253.05381202308362,0,85.08811963402592,757.4374151400647,15469.175016853449,952.9622683383838,730.6417219070516,232.07458372228143,911.7521251346376,13113.432874391394,254.88822712725988,772.9100774896485,0.20609562466761366,8.019752077414187,5.935918464414479,0,yes
215.98354932749967,206.47180162631145,328.3296655574235,273.229001735415,0,35.498926499568924,879.5081806334421,18224.286927382105,996.3071082532636,389.4840157338483,592.9698101756563,862.5951194697712,13135.359277241687,313.2311610333937,783.10331188192,0.23454458924761123,9.430637626494038,5.95245106553599,0,yes
264.112437542119,148.6992574425429,210.5505264398344,288.6128493528096,0,62.25655662716517,854.434052896911,17664.58169875531,927.1141052400884,288.1812343046416,662.4557820366754,943.7399552031254,12154.288346810066,774.2405607120714,655.0066789646291,0.20040248847475062,9.135583610428519,5.755543616483664,0,yes
202.73389609175993,199.79060305005345,324.52185972375025,299.00239320048615,1,26.560043753759057,612.9896501683226,16071.78968130915,939.2492036480088,28.231479974310847,961.7158523719861,952.8410344884085,12557.32528024353,244.53521891028453,777.1976239236963,0.23746959980463353,8.287468818010568,5.730107066391816,0,yes
221.8547174131776,313.7568489287125,361.3520758178462,241.13818492703118,1,60.97974580067987,739.4845008576058,19891.134439778332,939.4017202004483,10.038221762648558,940.9566911560933,899.8181837963059,11857.982143961151,164.24574625904097,613.3583865970578,0.2855889874753853,10.224891951635062,5.370056602752675,0,yes
255.28251074940945,381.6732697927531,221.04333939797334,243.93059171381756,0,42.715267589530654,977.4835367199565,15372.748260249138,936.5044951233922,690.6807345252918,252.61459906898335,758.6714119331668,11033.452035800223,305.88432690602394,627.1025737543931,0.2831808773500676,8.01898750495152,5.041177155286814,0,yes
224.2885277726099,168.29533997618802,131.6122816711264,223.43736442536422,1,70.70408176383813,753.6806403857222,19147.682039654945,955.855606986944,547.3163544908796,446.49415783886275,984.1998252570902,14968.18366446755,885.0298499937147,725.4810665093679,0.1794461296383849,9.85857105912013,6.95685257280613,0,yes
200.2977861343521,312.65666819684503,160.77731143794773,246.21308896561118,0,21.155107902484325,906.2912642777485,15347.217120530833,925.3267620635463,836.8769751506197,162.6669561891208,972.7057933987614,11147.643567454916,769.0324661612511,638.813596136621,0.23432265191772136,7.988392911894269,5.367028317067098,0,yes
213.12156816532485,244.51511153941448,287.3070278949692,230.91551703393014,0,84.53324894232105,743.3160554683719,16329.72243074279,907.668050036135,320.08620047630944,661.5768713885961,756.3765441120139,12164.30423152029,847.3532057887535,634.044311605965,0.23889755036737875,8.440690302301444,5.715385774737369,0,yes
233.52647301180656,223.50027238126518,304.28006196503804,229.57884599253254,4,53.34598449211182,955.3138456362012,18569.455467153486,945.1899548649253,419.6021063449497,553.3332966832643,926.6576796918425,10992.193853121873,203.51919086539203,607.4399749139151,0.24827473782842055,9.613434786985678,5.052439813910654,0,yes
282.5352007140082,399.821901909381,358.43368960503824,293.4908579564735,1,85.28122888995435,676.6519616486946,18379.562250957028,956.4022617561925,645.9805595460972,254.56807967716554,762.3281138738622,13841.015457466345,252.76114157610508,692.008620349164,0.3406309465100001,9.45761005621604,6.1470841756036565,0,yes
214.28524897052037,140.01364359038686,391.1987907737561,239.3586046260337,1,63.7307656057521,742.9392451659525,17850.562070661006,983.3752882331314,871.9680873892809,82.97452794054686,942.9900036108302,10108.385853422405,799.0302563489563,603.8844924188033,0.2210952819749835,9.211432428369209,4.940708830985313,0,yes
248.64070636095505,379.7878872869331,298.7616873569856,254.17675863100385,4,41.53550697088578,706.823496989604,19803.274085614517,977.3323801744839,439.909561027326,479.83013265526773,781.3882167171312,14791.89677115274,507.7752954324203,741.8267398173809,0.3150314627222785,10.178981808243266,6.646275572415664,0,yes
292.0244872087669,353.2563465691336,388.2853070764783,217.99654606599034,1,31.886825726393546,960.0189111062614,18085.32912979764,944.1048659973412,700.5130746115665,227.45246009286234,910.9917103512487,14789.130224380711,282.3623000110313,783.2096088703787,0.3073662418375328,9.372302807421026,6.613481690327891,0,yes
250.813192763618,371.8386297787367,103.10685696122948,222.22643963698727,0,20.356118013524114,937.9381646190327,18004.932458837346,911.8820075767618,697.123344894667,208.47840666332854,899.3390374293785,14667.032241230092,753.0770891284087,735.0444958608745,0.24794367790495264,9.322629244231438,6.738799876430759,0,yes
273.68208894409406,217.8658809802968,374.2344472546159,292.8981263404465,4,41.33711215745559,776.9241089444961,18297.624164761608,972.492992128565,611.0284862142345,301.46419924151826,783.9500590274928,13032.175425305159,196.9739548411532,739.8521267923377,0.27624463843111297,9.44099778228567,5.817838664781468,0,yes
266.4754815147905,363.3959309878992,272.2173185011519,266.68412995857034,0,29.937015370081454,951.8888795796702,19237.99526353609,991.3071157518417,837.2787520014473,152.89719997230418,833.2437989493119,11185.240973448026,858.1514204021399,681.2591139609681,0.29046551346032967,9.953285444983472,5.366199957407822,0,yes
259.7293633992617,246.88814021721558,375.08373543204567,246.80245708650477,0,62.526584302428546,699.287187038866,18478.293147205768,940.5113420078245,576.1374055966286,337.0485784660933,727.7282328215301,10067.36627625534,347.0598566126383,747.8205675452775,0.26370201100726254,9.509759516480786,4.670613414553436,0,yes
253.52050172570273,352.18112077643093,399.3125652948318,281.04302683912334,4,38.306718161013514,696.2541463118517,17553.44931154329,946.2760084146812,584.7372095767785,376.3461466223233,941.3073267118065,13165.055220666714,750.751251567866,745.4610536630576,0.32968342447159815,9.04746279065728,6.16285627318499,0,yes
297.3834110408595,397.04573323021805,367.5115020649798,245.08318414745963,0,60.45386845915816,637.8231415258142,18901.51479803165,915.2716376546987,740.3569106821786,227.46804516878854,790.3130840498922,13405.083884035961,353.0852509211679,635.9694331322838,0.3264144110464196,9.704454568801061,6.025904092514317,0,yes
243.4051666106682,262.5468142776387,283.04476329536476,210.08357397207863,0,33.238543206767126,809.4727438006065,15991.39590595896,916.6472094490827,927.1642227696826,36.73315497418628,809.9564229667485,14820.854362240418,122.2878364028821,717.8577608284952,0.23846837666215365,8.287467979151764,6.5179795508690335,0,yes
279.08625015184504,215.4638599334289,222.54124353742515,227.26868965500503,4,39.652310447652575,601.294179273918,17737.056088050453,969.7597518459883,559.9736370361246,426.982985243294,901.0779796268419,11373.544575892667,533.711367215149,793.2499719250934,0.23229180210130998,9.121761842212164,5.353290608049312,0,yes
265.19824760795603,289.9254087108235,195.88672187503494,241.74543817961145,0,62.172500990126316,857.5318486577514,19356.643639242426,922.5936607043074,546.8690158831274,426.47757605855156,700.8059900031874,13261.20173701979,626.807269808607,774.9632884614814,0.24471353358358405,9.981693812759909,6.061156488822058,0,yes
273.54533914487536,109.76092772203968,226.91578121237922,245.1543042892096,4,69.99218150481991,675.0030093486308,16766.49570168914,952.9441888267952,473.33600568610234,462.87818028813535,776.963087737806,14747.811249893284,790.6370129168753,677.7865605887256,0.19757487541762955,8.650239264899158,6.733811003089015,0,yes
247.69324124708334,337.38860918647913,193.61306539104748,245.61470212123336,0,54.99659407844112,986.8476222413664,19945.50939682001,969.8758898292426,828.8377876500675,152.95204413054012,754.8595526317799,11120.117083701081,854.4844983868711,679.1938127012589,0.26090178877113424,10.312121883882405,5.305896394808074,0,yes
253.05684006819118,364.7759685568825,352.8416502497198,218.27276933845528,1,90.53272595050353,721.595977706357,15161.173861829942,953.076411949929,608.4903098923311,363.6657314312032,992.6931103077643,11608.248808706814,337.5655363927816,761.9836400121824,0.3073802430736713,7.857840288731464,5.399139012382202,0,yes
222.18187806584427,178.09208039862943,277.53798004569774,292.18831764079556,1,34.721003200405754,600.5658631151883,17146.33924170348,910.0998810219553,444.0546253268865,500.7988937440533,734.9916750681368,10490.606970839119,591.3217440669098,733.8964461111224,0.22151106489122704,8.81805425256436,4.943010453373946,0,yes
238.791604341155,286.3605397775226,190.58911063277196,268.3880651207568,1,82.32917480614569,602.9253805179275,19606.10751859287,984.9710722010709,350.22410428543407,560.2898483935978,910.0946688669403,12687.312683875354,398.09238652788014,637.6201345313618,0.2507516047753545,10.058745411374334,5.797059658317232,0,yes
226.7735850099131,309.58833855436035,380.4509384102566,202.92786919351283,1,22.652856464573297,984.3272251615654,17057.40402432668,944.0415612140347,15.904796035981239,922.4883863753962,844.0586839649688,12444.666173446278,410.00630829137316,790.9121543978729,0.27590330730884954,8.863928784130646,5.702439853407437,0,yes
221.22720972217823,340.16848323919686,326.5069863801747,298.94958619238224,4,77.4800056183666,816.4084483132581,17797.521578059506,910.3935281102731,662.0890644305374,331.52881672104024,708.1417421806358,14761.850708447932,689.9615971130919,658.4108391753077,0.3147421349873785,9.19122813636719,6.677002292653778,0,yes
297.743600007391,222.76409243235574,325.47554963502336,237.1181881434443,4,86.99807115073459,982.3594725627727,18138.331160329115,901.0055862405319,864.9692162473316,122.50394368131742,756.6404024233182,14599.371892141848,235.9747550381563,650.6532510260107,0.2660846779368984,9.398049123080252,6.447946185201316,0,yes
248.51066686244687,323.7010972101891,268.93582161490934,224.7570108394923,1,27.775287878535984,642.8498539862254,16887.394204066302,916.3762923122067,911.9868687261045,38.03357128987068,924.5908406597423,13061.732255572351,495.92229978897603,744.3850613291532,0.26700181487488966,8.698641816765246,6.0112425938088485,0,yes
251.0940868438341,343.4841456199729,180.7963235839296,287.7328441667575,0,25.60964292603945,772.042602138924,15028.843880281693,990.252331641789,800.9931828282171,132.7306776812935,874.6612802863914,10608.354332124763,738.951380385461,687.0809834435858,0.26593678895539574,7.807980310790904,5.097315030791394,0,yes
262.39497426729014,242.61285750237298,251.67166536052002,246.70065229474082,1,40.613554536346435,913.6527255308167,17234.64928421871,998.4166219457717,631.4362014391535,345.70039145631847,928.1016250568059,14329.206381881024,250.51517606952646,762.4459151657527,0.2388719504950355,8.943861807706076,6.427615283138879,0,yes
220.56179727113704,272.6652148816469,191.00668746321048,293.36135548502324,0,56.916751038855324,837.411661328413,17512.23319970627,941.4377263166493,535.6967941825687,364.3315937020851,882.3313152310812,12696.312932404591,348.495183469181,741.1885789072887,0.24085388376648698,9.057544438530302,5.781931565208724,0,yes
295.2755855188066,277.2218072517734,206.21445041084536,274.8393591153183,0,51.087180244641274,776.343868087172,15242.91841526387,925.8594478645887,782.6698625236012,168.74629535774386,989.6410171535069,13983.242657941446,555.461793299554,779.4742626449424,0.2507320642129092,7.907101961858304,6.434546754545256,0,yes
273.45857963506364,117.206817191726,356.3529501868033,236.1967210968092,4,90.73520955915998,853.2058615032156,19882.11106642587,926.0315869304319,489.1626481339109,451.0791798184605,976.954878151718,10881.105587804792,645.1174939991266,712.8143760377656,0.22724648219251,10.243923385413597,5.21408909356467,0,yes
293.12519766852677,307.18991494726174,146.10848926900908,263.3361291679784,4,35.50636484061574,988.9077599866635,19535.067777798824,939.5258044080459,24.799604256334213,888.338381411537,982.9378195210635,10989.8428953415,498.6497493562753,735.6888706402117,0.26216661251828194,10.103198221617788,5.200706904183366,0,yes
257.7524736169746,348.98246887616426,245.0200494738967,221.1279710108918,1,51.769784134567814,906.2218787853031,16266.197423489331,910.0986260369219,374.5777819893707,591.3566488160349,777.4054085929351,13641.666622650693,713.3261207487019,634.2528784616165,0.2757898596048249,8.445785346063184,6.258985023845728,0,yes
223.19901216938044,174.72287864803712,167.8710797191623,210.6968374095345,4,73.43955226399707,639.3516055582977,18181.58841601209,932.9647078150365,80.93247996865358,827.4528140180939,998.4563710618138,12144.274376620251,509.8781826541475,679.2495820754925,0.1989271337143062,9.347246576390303,5.665074539199783,0,yes
296.968632331463,273.28149496374147,319.79845713827257,241.62659041958733,1,48.703389389900366,905.6796863739585,16452.5778704622,952.5262370449378,161.9293865125953,835.1671707071,797.2250449803362,13885.156732327356,127.0558013845843,606.0533356729111,0.26914516378124875,8.544667786549926,6.1304323864051575,0,yes
260.3928220286345,274.77577398742176,275.06242581579863,204.97169513983934,0,91.16096201137633,866.2214000311373,18260.55825333923,910.0447026866657,153.2775048609137,788.0784846147444,771.6450441466366,11750.485430624412,298.19115088808474,782.2381140678249,0.2501710061129641,9.433896081716599,5.350323420360805,0,yes
274.50953822428556,312.32151093875177,153.34938037235955,266.25362662734483,4,90.6003731729744,964.6386719532213,17575.047449200403,992.6051491823426,56.47136402059425,870.2709195779961,897.2972344407459,13744.288287764604,390.67453768590667,649.0898656914594,0.27081911971155764,9.12491931401545,6.215484701636385,0,yes
248.43663832291696,395.30862531927335,366.5529904895446,273.864267198495,4,66.09274677361206,697.4674973786387,19328.44396115644,952.5104981680659,807.9941609740072,171.34988290781007,984.5661311856671,13759.96519693267,504.9824091870254,737.1403648754447,0.34179657063563607,9.936084315298315,6.321233650572584,0,yes
260.71743077909645,389.99400610858476,186.30237407114592,245.20096570351808,4,39.211028313700496,676.1366741057114,17146.719188689643,938.373060083946,511.0377091612781,437.9431518791758,915.467521644075,13310.137765027608,668.1506730507186,609.3661272173632,0.2960621038784967,8.838596781677456,6.157942857512298,0,yes
223.88945148741877,153.4389747793665,251.20657456700937,207.00477163387288,1,81.62664267062851,905.698742735166,16724.196694410908,935.5730365845493,521.7088106372896,409.30325496870626,986.0513553981345,11063.515770965818,371.78151519238185,776.8915586813056,0.19545888180720689,8.678152167309673,5.188601278814794,0,yes
253.15847686608603,101.14595844237748,236.4378717263006,267.519814642411,1,82.13522532942737,760.5576747549776,18407.492337234136,988.3813414272463,398.14956563610923,522.4456672056317,865.6849370978018,11149.485180017258,828.3028000196402,739.7924447264692,0.18745370720406146,9.494494788481882,5.351087646508298,0,yes
283.8333441364377,245.47866055124175,399.9612640737844,216.28431722724008,4,72.45048108641936,974.036903130795,18407.46768894921,920.9976331510288,724.8811467620225,252.49056788504322,764.766380073146,14571.233855920664,677.3539791002571,716.0686675601853,0.2823089325081562,9.533428597470865,6.6237061448491525,0,yes
206.8747402265044,252.9116500463325,177.07401450233323,291.5821871211021,1,31.920986113174603,812.7839687750375,15169.473049642886,908.6118930647185,358.37880740669897,600.8323065766372,879.9428086253993,10129.398345921496,824.3582633736829,618.0513511929762,0.2289406552476099,7.876149585576156,4.936461616870871,0,yes
277.50054592575935,209.83614834852818,172.48597767836787,269.6256673806607,0,68.87880305987105,646.9868622423171,15611.541171600096,953.6917987803494,233.34106497658917,732.7006345355951,981.5431947068606,11796.698759772014,127.04718983551464,744.0406384964516,0.2159740662763391,8.06673669135486,5.382621635709997,0,yes
264.2385923694905,307.28536478919364,217.1745466367401,283.9456715302277,0,88.95654898898529,939.8060256111123,15550.377594818092,954.8609121626282,188.01278494526926,741.1535991475303,756.1658283967504,10939.95717618739,391.0767891029419,639.2293130850214,0.26760139604441924,8.101672485826638,5.03650136764722,0,yes
262.97488510283125,364.26989678284275,288.26267106136044,233.513076547422,1,78.61072538035617,659.7487530259335,17600.57232657511,988.9753275020446,836.6302734666975,115.651566191739,842.2348580083255,14759.955837408932,795.7059188558427,792.3857195137607,0.2970654216586422,9.068914821335865,6.78421191655704,0,yes
252.4860461704792,333.34593818013957,194.27051695642956,251.88193615959534,4,63.62578335544396,808.9386552871815,16656.73400884945,930.4077210910764,277.2170217734628,644.1948046605442,949.5580312898877,13116.008545949508,716.599152245761,780.9227405145424,0.27836042557708307,8.621900956270348,6.132151671730062,0,yes
216.3045678959506,353.4557802818398,223.55343777683052,217.1914839919056,1,94.55085515979664,894.4415482341401,18094.143499296104,984.548742260906,21.41014408926255,968.8757653295352,770.8653194848637,10580.591805530032,686.596218910744,624.37138993926,0.2726399535582217,9.367319131389388,5.023323797754012,0,yes
247.9361933653401,158.4261582561897,205.97242466259345,246.40745214481223,4,35.04059507556782,795.0689888439209,18678.66752030888,940.2070203078914,147.0462567509368,802.7372961726917,869.9669440770227,11216.970834462201,306.2361938762895,788.226685496105,0.20546969162723325,9.631114518719995,5.1814229056476755,0,yes
233.03561762199556,248.31849364442922,187.12183517199307,296.60124768643556,0,51.321439580780705,632.9566953809756,18454.0626652326,955.9779504618654,403.92610649664255,521.0603292880511,839.0964461968443,14979.009425697375,409.25358773834677,738.4800159955039,0.2318583655079075,9.485251676277581,6.705069035915169,0,yes
273.63023998014637,207.47016462013613,341.96559695898566,291.0538238412351,4,65.92128194004317,894.6417065667074,19431.77496754818,998.0645017823564,493.4235993248259,417.4601727082579,885.6930517506698,10594.8875125,188.8003971033359,772.0268913255027,0.268347387762884,10.038054718897458,4.884411687767869,0,yes
248.99859726795037,296.5501787687675,166.54894026176595,280.22190801540796,1,96.48176602812404,673.156276501818,18387.30706379035,933.3354400924693,624.4323884536484,281.03998757905765,782.2867386238452,14260.406537071507,599.605610441934,769.2799268819831,0.2554562782493147,9.457546522106387,6.4724740915813115,0,yes
290.82553202720226,334.5311839573238,266.04712556193533,283.18542154926064,0,41.553332718776275,869.2413796099052,15270.196883349749,959.9039256345513,395.21276679889957,574.1360765327654,852.8971265737283,14052.554844639917,451.1949357102714,773.9126161517179,0.28552927214683355,7.946236264953069,6.36759686818334,0,yes
269.45082238016244,353.093328462366,355.1409826836301,250.11944516339608,4,86.86348325971865,944.194246589778,15125.771437689373,903.7951816470521,797.6998160766443,121.35271796029986,758.6895639288311,14916.615832968178,188.07893167038392,696.7080331310776,0.32314901336672486,7.883376968482668,6.553141668951404,0,yes
283.6902305077365,130.7088928205288,136.74986696302932,287.6369890171049,1,24.78298267852817,639.0659970709188,16389.139196741187,979.5517431702673,601.1523235789878,364.54989844816964,789.90696207886,14436.680925072673,782.3302918867336,637.1563430560582,0.18001956835629543,8.457375966888039,6.609940802586436,0,yes
256.1738244767186,321.8971664512053,309.74998548432916,243.0297743161796,0,21.803321633029196,936.9261894970039,18974.002196051315,960.9473584211036,821.3083090974143,95.12447005994386,789.5512289470654,14351.472897263595,244.1880614817224,769.6274034902153,0.2743161815797275,9.813664542986265,6.37118232110172,0,yes
210.23513747918327,258.82045059250663,136.17378537937316,280.4738201147263,1,54.85420829760899,767.3783892187598,17349.22445248182,968.8486934358942,924.8963134599477,66.83093976632858,702.9012662504858,14928.803294406523,559.309085506181,607.7791144752506,0.22420897588619695,8.964172926457804,6.682542648685131,0,yes
229.25578530652467,255.08772896582215,361.03535959473356,241.31561156483178,0,86.65457001999269,742.2728912286432,16014.736322862716,925.1161193093587,429.72900506600195,515.4856272069885,824.4961110953031,11119.254878864029,624.5700592494859,637.8811825427414,0.2622563600705759,8.285351283458903,5.230975585819919,0,yes
292.26708916346513,170.3353040216432,193.0811037780961,279.7032324571716,0,58.15118958592939,690.7222989723123,18335.551697846764,914.4291322285761,546.0934370764193,401.18819040024084,931.0390806512587,14496.35364649875,362.5532207813516,671.234654322325,0.20683022227137604,9.432934237114678,6.524283387712569,0,yes
275.4121501324783,211.87056938646558,246.81622810927277,257.2356485465171,0,30.55338843267286,805.4896709022292,19648.40325288316,964.6849497056382,119.16664683744234,874.3332487131088,773.9462591199647,12768.048835244375,698.8236928182288,786.6700023769267,0.22409410891270637,10.12167759605837,5.926311854759315,0,yes
291.45734557621546,257.64634340166447,328.70342721590146,245.72696344343132,4,89.94389831072222,714.5389157174573,16989.61375971168,968.0123258644435,692.9426105351598,225.10584199291384,743.0603918367999,13595.271316430099,518.5793551377749,641.8403406263446,0.28197861890986736,8.772563123860223,6.1432059589323496,0,yes
284.61375308920395,399.4461042994874,109.78013230893696,230.32753747822244,4,64.3091094021795,643.7791517865401,16075.615973972013,963.7378108744522,714.1937886225646,236.1536148414881,718.5256794657145,14400.33161313731,517.4537824033979,762.633929749042,0.2877436350884895,8.299458118738547,6.475340534957353,0,yes
216.99908220738268,266.55378902915487,257.0029752384936,237.02566153687644,1,85.44328339829767,843.6254981015301,18865.105542497375,933.6005526599914,789.6890851019482,160.59058771617765,858.6903619636696,10816.767578433759,161.8798073579506,796.5723897889214,0.24747817348135231,9.734301689493646,4.960273188461935,0,yes
298.8711845093318,142.50835135627588,309.11739961753176,253.13478998879614,1,37.37293411001254,906.623663467356,16960.36009236199,915.4733718223877,876.532683204384,31.34851008460589,823.5743560701857,12554.05271095007,425.6322150694752,765.592671722055,0.21581843430233352,8.79369218386892,5.73669553530785,0,yes
246.010697662609,176.40037565854502,263.1736907618725,281.39288567426405,0,91.72455127769265,976.617548837764,18114.04526323395,957.1317152352508,321.824930722327,589.7447631826476,895.9281579827929,10925.874198227082,376.3979226640566,750.2997076643694,0.2219794206693028,9.39227209845913,5.093140473015004,0,yes
200.25133531563395,141.88070458293822,301.18353963257346,288.45050323331213,4,43.425962549061985,788.406579392105,17508.659358234803,915.9810751336151,816.315583678534,168.07008088736654,783.663203462165,12468.949890508138,850.262007327382,628.1459535387772,0.2213340721919122,9.041306492006427,5.848928050067537,0,yes
285.4378298262519,142.6655771980079,343.6146348790311,270.6785584960613,4,58.85489096345768,913.9987582021215,17104.20227765174,928.358700145222,248.80063801307725,676.271318895744,999.040433760844,13192.525923633611,131.14171466987995,661.4070073444791,0.23928726620985066,8.869054487018179,5.93305050229795,0,yes
232.09708384226397,189.09627574662318,378.75581523245035,289.066236521722,1,36.62851738050268,821.2846074977075,17351.914097853114,906.4422286259943,744.3174283510707,241.52520957302488,884.5494315492354,13734.922738365594,167.79361858475212,773.7964962424121,0.24702397788529815,8.968977060339203,6.142110094527603,0,yes
256.1386246841475,212.3454017665352,367.5666228836658,289.28956388003223,4,58.21914418773572,954.0331076259299,19528.246279040843,976.2235945824577,425.35395648558483,504.2969821930118,926.517720034451,10868.238791068821,638.4030294466614,747.9152711608596,0.27188322927854736,10.096814132898466,5.189280660753294,0,yes
259.3115769868485,399.20717886013534,312.00295743838444,296.9669355699331,4,44.623514040728054,905.0636727845224,17933.82726939774,991.7501403401577,99.20408580120382,802.487080221603,948.8461146805558,11190.67182902115,436.02410888686916,723.0182959334315,0.3357431058903728,9.290571471149997,5.2391107074215135,0,yes
247.56432750898034,108.64800796321485,169.3587206582277,228.41656544727076,4,63.949556166762555,997.0898148477858,15241.126077730687,917.2098237947467,125.94747416192021,864.6218903144108,817.6068165289652,10348.334343306913,614.255664380233,768.4946307607321,0.17822420976568665,7.955062160166243,4.939230687716165,0,yes
286.7476307686779,284.25531020094894,345.30731775511725,275.5450641349224,0,42.27585953469914,840.7394825876277,16693.90218937773,982.9551311549037,198.22516480783742,702.3490523084411,896.6268594806141,14999.058549434903,576.2087571448048,693.570345232352,0.27931701529201747,8.654851355760199,6.793609292972846,0,yes
257.02536470742007,234.23607536914804,288.4035372765177,201.55528332250373,1,69.77568630254055,687.2046583504459,18838.72253405364,920.6709080428377,229.79623589357044,730.955225895854,775.6006556946284,13463.447652046385,231.873977093579,671.3457292764919,0.2368250104070368,9.684600627801466,5.99854283383381,0,yes
288.99823994135875,183.84595625534752,176.32072201537966,248.2424595198508,1,81.89348578955887,600.261683883179,15966.68601327885,971.1231495054785,853.9178620430947,126.00647544106994,910.1621063175913,11600.749417688992,112.22436515689952,692.5395889803343,0.20916103594052188,8.236540965211447,5.264865544301525,0,yes
238.48518132609544,308.43635525832974,252.54552526530816,231.04982535367432,1,97.74746331734876,981.0922756139416,19046.90750655936,996.869408854299,443.8304415215834,545.5826035116077,869.3839007354031,12578.039700949683,673.3749851169923,608.6092377901136,0.26640591659845647,9.865230254047173,5.854243945722167,0,yes
223.87230803742057,291.6619112274741,210.21676820121704,212.58533520718746,1,38.8406052567542,947.0293961116388,16239.310193843396,953.697388692328,173.97226327800308,801.2110662719916,731.3940735369715,11274.78255093372,702.6955140298384,683.5410168458619,0.23828538400176633,8.447632544852663,5.2973190304237265,0,yes
232.87160451184636,229.30185528471227,201.15891661350446,222.62365461186607,0,35.57259400990509,730.3541029814822,15669.19708263422,940.8917645074386,833.1883979294594,78.53371694731698,887.1797667400486,14934.815185702304,622.1930703780911,678.4376232316737,0.21026345546521266,8.112109912252992,6.782054907677142,0,yes
233.59650573253447,149.23215078549367,298.63936689193497,297.85199772060446,1,66.6160647483826,810.5137476877653,16738.715730483345,962.1583585656426,431.5761273607932,478.548860033888,791.5039864332788,14871.723165034458,505.56001931608705,693.3168407775912,0.22077099079115542,8.667608439861798,6.67363584215246,0,yes
241.78543997638735,181.01430133163262,119.1519648582725,280.93046774902245,0,58.47729752522952,825.0998136222221,17669.16145973121,959.6351043488422,62.8031612691045,914.498977877505,741.6811636740692,11378.408851845184,556.57341961264,600.1225654663606,0.19021373323430332,9.135749250058842,5.273807109829739,0,yes
255.33138229860376,246.00790603835776,346.4295282588639,288.94026896613525,4,88.4874423285525,795.3263964058239,17326.50276196847,947.409020654319,892.1153395589328,73.76538242021536,935.8106655066956,11240.121880659128,868.4758210003178,713.5686587926934,0.28475453029641873,8.956079064490183,5.434209885304457,0,yes
291.77427103585296,231.57865262038266,237.04222088089764,291.16369800765034,0,82.40554544105484,683.0950551290761,15537.714180344672,983.810327781094,454.103284732293,490.37794838643833,918.6005100284586,12422.52269723934,864.7228504079451,619.0963797287541,0.24539881797260207,8.041883986824248,5.883429757512743,0,yes
214.13048895017212,393.9443682484634,251.60095954626212,279.4418854077281,4,81.40917409627286,600.725134138795,18706.980001851905,979.1952941285434,577.4579945570922,384.47540626104717,816.4999602424514,13891.868418616792,893.0508143629285,689.1005836714318,0.3169678208378654,9.607904431336044,6.4532407615578915,0,yes
230.9038789866893,159.80747952635198,192.68599496139,226.99995472994888,4,71.8283208134476,971.6724035186244,17680.84433398548,904.9192039935662,789.0658863930349,130.8788153243429,943.4102104625309,12895.767503223738,230.80321276205592,603.1107042241465,0.2019551674840233,9.167376151413164,5.823635263135587,0,yes
204.4219937377608,280.34243248492857,215.88585669646977,257.7843626093952,1,40.33129273825552,775.3528135109535,19112.459890744656,912.4772418275948,283.6009337093019,640.8505678310346,922.7975302498327,12661.148620796146,272.21305005579114,740.2209775985408,0.24166326749322262,9.839822230065312,5.756746719074146,0,yes
230.50134323848604,218.28527664373448,299.7830100919132,225.19406932352928,1,71.79252049010748,960.7213250754535,19553.032066828873,986.8397284366476,304.5999415004715,657.9637173536605,878.2807286042984,10532.441166173843,247.8763609186137,619.2482792530369,0.23434916039984635,10.112211984046239,4.867039533119194,0,yes
258.2455703898456,368.28185267598843,114.03487183388333,209.57369554187562,0,26.055253836526546,675.5432106810139,19332.751784966826,946.0651596329024,819.7038742319609,168.95676033536688,925.1967499094458,10245.924327661853,205.26814528243904,743.2197019878133,0.2478322120165788,9.932539527265883,4.77408081597305,0,yes
239.7428128101106,280.5798062510718,209.20459166776894,280.8790802602245,4,85.80354746496,676.5731797159954,17066.65206987329,935.7871352991241,250.88859088194195,656.8790480600146,882.5415526452181,13809.619559281778,518.6678503901767,648.2857969067603,0.2672177281800081,8.798304068081666,6.284212971835801,0,yes
212.0741659653393,359.15767047625695,215.0466882802076,273.59678438726394,4,90.00258607229509,859.9238874383357,16212.837375696094,995.7685330561462,531.4011299874998,393.51580666962593,853.4759702939785,10162.913964457848,477.782080201357,784.7994635149006,0.29539436435831545,8.420414222507725,4.8179517418680184,0,yes
216.0931257107994,381.9449038626554,222.10546298159008,202.07820035384012,0,38.910343681896926,872.8247303056982,16586.343118388777,938.4401414046679,455.524860290679,510.5483723355806,973.9896076288026,14367.944462622869,288.56077819294876,725.3540159719938,0.2697014126872242,8.602166972338363,6.470230348996209,0,yes
257.0268557403343,287.32807853696454,393.1357896915691,257.0880498430005,1,60.81346020251253,672.0359559231516,19916.653340125973,942.4453645877885,54.3046434727506,909.7546003873022,922.6693677521889,14781.550523370173,842.2257951940381,696.1764690418694,0.2889883027394032,10.22322444802366,6.832477174001786,0,yes
217.11750293691077,231.27267169077342,339.9006369666679,205.4275586403524,4,40.19631826801636,750.1745229762207,16834.909936200103,949.1712364698699,716.1649716277236,241.52115793311418,906.3705870548839,11995.105864264027,135.03514578169273,758.4027138816127,0.24995237653144076,8.70048820835453,5.435867765672194,0,yes
213.87539917781135,293.0553615204247,366.63718027940496,269.17965117384585,1,46.457416965774726,873.369120059974,17424.004804389235,959.1299805269762,487.98512483883184,459.7525747393194,841.4269793545793,10545.133839722243,142.94691208604524,782.6743641788298,0.2811408307016058,9.02396623325384,4.834933060276551,0,yes
249.51759404132218,234.74120506895363,223.87760641697852,279.01620661649,4,78.52739549586607,784.9766312187064,15228.111091679855,937.3581867563454,829.2904941472676,119.94259089800448,778.6952127211191,11611.45771343774,385.7718791419329,676.6834908906208,0.25176497767041434,7.903195784938228,5.319659635027273,0,yes
264.07247721851377,335.373941937724,206.69294440831584,294.91510521812296,4,25.925135008901243,770.3185726513665,15834.997034783972,960.7012465895734,358.5474701839351,574.9835187624064,982.5941407994912,11051.643543836923,491.63980384429743,646.058266243741,0.28698977397678516,8.20658841005721,5.213464792376333,0,yes
227.1668513423295,191.84659322763386,168.04367203115572,257.62089869768533,0,31.795711324981262,769.35299974769,16270.127306000475,916.2679895262513,874.8575603486825,70.90790498346655,991.2398064302731,12159.121781846525,786.6765692438795,688.0664123682191,0.19446244309272154,8.417840288668971,5.785126437892633,0,yes
253.40422593527427,362.1820487252256,323.1061349493808,268.4548470282077,0,83.58654135879482,615.8827944999638,18369.64892228714,989.7132085959906,658.2021535828763,286.274747808907,917.2473144736016,13857.03733453367,797.9685741652742,711.6660778574847,0.3056023819300994,9.443989001065875,6.44214913391624,0,yes
249.8997339372135,346.27837865385493,367.54181581116296,217.3150997681853,1,78.56684166153072,686.8961694210203,16691.335593717777,944.547745089713,113.12822663495766,815.0534500916754,804.5366803097427,12861.625160491432,285.6464187578397,771.431938987241,0.30082574544529234,8.614112967975899,5.799668987604734,0,yes
265.45017280382115,214.17499581059855,224.23954821514576,268.24224545426466,0,41.88118332695676,983.2485423644371,17826.407247034844,958.065359976232,791.0834072351234,149.7754174549949,743.1404253233254,10231.779969924102,895.7452429611844,791.241516445835,0.22286460183279497,9.250110910381846,4.971596187142679,0,yes
275.92674928837124,214.18618195981264,345.7997954233168,222.0634746864634,1,91.36668372648626,724.6009806534925,17082.721225900827,934.6542446611735,928.6314903046033,1.8556443769550697,876.6667178043394,14683.88705483259,567.115816115518,730.7853022193403,0.24949284691485074,8.816745855692673,6.664926200890918,0,yes
268.6705187030254,182.5432500379907,159.54629553665583,241.194549340984,1,94.47891793450103,959.8267680586391,17139.822542595022,968.5965853664587,935.6983641216224,55.76790042249877,907.9114501924807,11981.706029009933,367.37727021536506,645.989791968941,0.2028840667202185,8.90287855544301,5.5138918171681395,0,yes
288.35461132599335,134.8408840475478,274.764442913277,276.4373154098994,0,71.49972399597662,794.7671422888264,17648.697898171067,937.5413116171103,444.0513196789671,500.9842765879394,994.6697472047126,13456.668907501406,597.2791494329191,660.537039151254,0.20949829439604642,9.115696472871235,6.22603850907357,0,yes
229.7015683500625,212.29308206348455,275.5276397155278,210.8106621274566,1,79.15411618474349,949.9353780262142,19248.178600465035,972.0053193992336,281.0205713801475,699.2828071910615,795.4874678421955,14032.289581818935,359.32466563818633,668.2349052934289,0.2250491034358419,9.955257481134206,6.2873061822224265,0,yes
231.3697122313614,300.86122659856375,204.95777922413004,257.8958791904754,1,81.82689121629062,951.9593062716519,16481.985909764713,937.1242602242103,795.8590134678266,116.70067326632864,918.1024315974997,10585.8777862366,388.4441188836956,662.8506887711831,0.25632624682040966,8.567822793301223,4.9594155216720965,0,yes
263.46233876805934,122.15489902225269,232.38090846954205,214.37733378413495,4,38.67272743300137,933.5241881717684,19690.852679926233,908.496549743415,495.2653101751856,442.8091941531768,794.6168621341463,14909.053806174215,791.6766666577386,672.8713834702195,0.19225707097640804,10.164117963311032,6.8053943479804,0,yes
207.30148717060024,236.56822483980977,382.2605963454091,235.15205303661858,1,77.38407323522367,649.919566865156,19759.496996520473,996.9890969448574,280.2156463652405,676.6420408348752,749.4182694576572,14818.04199874098,274.3960487677015,661.729086831493,0.25792327071234344,10.147340660634192,6.545116873552887,0,yes
247.80654392317174,110.99839685395784,236.62852207068835,226.96520922873663,4,61.10443696720276,886.3457366567324,18668.70514428121,923.3083686181096,308.1501707635958,646.2439980448632,892.6576002970124,13684.352888053032,175.51789471622135,722.5933095950307,0.19200101097495684,9.644333676376375,6.117068521707744,0,yes
274.3128273299922,397.17999146165016,128.74913857191987,284.61476768144587,1,45.269595718207015,879.5502672148525,15559.609209280628,998.284661768112,731.8627965414873,246.12543901709716,996.3574757988322,10247.325542843171,432.71943396766596,613.2527578478022,0.28579066227146116,8.098582881668856,4.875509020205103,0,yes
258.5449334474271,335.71380531142063,194.34819338632036,278.02590696771307,0,85.25669819231254,684.7489000124651,19340.70296298382,900.5453175506752,302.8207500074355,650.8631438937286,795.4811928546666,10567.966768638344,135.15851099466448,652.5468343781533,0.27203793021396655,9.932303978837787,4.806175425668395,0,yes
230.2705628931724,170.69339750209275,191.66979054455282,203.2656446919639,1,74.21455445737485,937.2213047597971,17596.250605647274,932.0720753460112,653.274432508343,301.3515882289539,891.9189170667288,12447.70924766702,853.6570577136317,663.560306005704,0.18957944867039525,9.120886885004996,5.885621498597572,0,yes
252.2399456849016,159.92579261830102,209.56800294218533,283.65243738456763,1,27.338061644868546,698.2288121222288,18944.721214401783,910.1847335145447,555.6174561179574,344.54228372663067,974.7472937359976,12351.471384727058,366.2611529673144,793.5592801265627,0.20181381354219585,9.73858873671387,5.695064713195382,0,yes
243.06156212010973,169.9577438372176,179.55934882907474,298.60858153570007,4,50.675263721131444,633.0646662759377,19998.307087884958,905.2181269694631,887.4653744005976,103.02032795662456,963.912144798585,11784.034353483145,410.7815124333238,708.1466521289717,0.21658878453126587,10.250440725993702,5.482624635833663,0,yes
275.7277205272477,129.49466033929946,114.03006713471578,271.2999292512771,4,95.56395481773417,910.6928304210182,18178.8184105217,969.6793582647971,347.46391679033667,618.6389242417952,963.6157697394123,13082.109614474793,755.9869379039216,688.4692794065716,0.19161228381855844,9.411292977321406,6.133849950833849,0,yes
237.16521260590187,125.5872464358873,343.1857729965325,297.76811405057805,1,30.344684920933123,994.7943367826597,18241.192725913344,994.1813391229282,678.1870870132182,297.95950141435276,707.409385189763,13476.985393504901,713.7726503732375,633.8547400508443,0.21609734886052523,9.465164726990208,6.16665121023026,0,yes
284.8898005335389,273.8563838618723,333.28857703704386,247.866594626822,1,69.47705732782663,647.0967303991537,15251.891589957699,938.1696663307072,540.3404012948051,442.4004997315378,930.055291973198,14693.34588077552,678.5980901382368,665.7619456567197,0.2744019260499857,7.884802383138619,6.733277768701771,0,yes
275.8547741004504,116.3283089990513,279.505188268447,208.61968515220957,1,84.49240688110821,688.4814895332289,18582.989343786743,971.3571872187198,672.6297828548675,235.20500878495045,832.394488771194,12531.39401827484,576.048405757977,743.1705712731409,0.19352839847453443,9.563981412877634,5.788338217435428,0,yes
270.53515540540076,368.4319877176412,163.80357420426571,273.4306847414555,4,88.04215051656215,633.2596409731017,15044.08595550949,969.1971547281961,439.2139291833428,525.9627395971736,727.4685346680388,13175.133851071016,892.04428864295,638.8597833603625,0.295964717214629,7.782152204144455,6.124382585465248,0,yes
274.2769062451854,197.84295835761972,347.8227250867557,240.48976128682636,4,37.62073859922036,825.2789594418066,16841.282251541958,924.6680130306981,259.4565328121415,739.0796996747308,786.6523382888539,11092.095078250792,591.5579551387791,779.4908023729395,0.2520796702269336,8.717047040758695,5.217846574453985,0,yes
261.86747570343493,120.57860916813202,287.3091938068493,211.51708593743604,0,38.35685986086405,937.106265338164,18387.904514737147,947.8907195995433,619.9671300183146,352.82311061448866,740.8286995980777,11998.414789677807,680.6762623653807,676.7036131964397,0.18579867630458688,9.518859312354335,5.580507674050535,0,yes
244.34959251658546,300.8621803384947,298.58951338299585,237.3006615314837,4,48.74298000175684,951.6157084394097,16957.289307439434,991.3109230591868,212.34565424469216,705.9315928866214,723.2730010526967,13457.083942499183,666.5415506707294,787.585176951302,0.2804149420513276,8.81287034612176,6.158506237919081,0,yes
273.85825769934814,372.9602258049746,376.7746974570248,215.61072856804572,0,54.661570354475884,717.1139791569979,15845.850413497279,959.0603565787856,658.3417994323194,267.7062945263433,763.2462024129121,10041.710876924899,339.7137353602782,654.5575081927216,0.3090300334831801,8.200014336016473,4.6610706632324215,0,yes
237.66877023966725,359.5085392522541,172.06494748112334,260.89077334379897,4,43.4616781147094,896.6146707752695,16899.45746956658,924.1701045850158,188.59687347973588,803.9399427107018,808.3930076640393,11563.461182389376,889.8249659366652,726.7561752874847,0.2817784188849594,8.762156435436493,5.5265510608886235,0,yes
292.06873630258815,100.70156506759554,135.95913196516824,223.53667678939377,1,63.79914739192505,694.3723050926338,18944.90307536985,987.8428159814716,19.54239869412192,968.270853724843,821.3850970767563,13408.356652004692,530.2824829418681,755.232150843638,0.16100388825573264,9.74851308965799,6.1290137238174465,0,yes
261.38801401991503,139.0787676236013,332.2595937400405,207.34565456373915,0,60.30321679497257,649.441484304247,19317.82116033369,969.4365496957624,507.2566656837339,448.1374751553583,895.3084571577888,10997.807914124067,519.6811899875636,778.0183108296599,0.20405240754329337,9.922583385590322,5.188680788046267,0,yes
277.82254452766097,225.61578081928076,292.0868262135966,278.8666986954113,0,52.93736116882836,743.4305609393956,15723.214604364159,908.9784160361866,597.248345892554,386.7859813518352,975.4782983829084,13868.389675013826,590.6253840480483,634.2952822170897,0.2460910697110442,8.137640565138126,6.382330647191556,0,yes
218.4752454406133,134.32868792802142,192.78113925015498,224.8225198729697,1,72.90436388223489,674.6290086742595,18304.60558492202,913.586046446787,468.22642164791137,446.62653350426626,926.6523169448008,10935.89500522294,102.16119478992134,792.383937878727,0.17791284396878956,9.413815500092632,5.0058039435192025,0,yes
233.90527100107556,382.71510387123607,335.15813154648583,298.08859688748714,4,50.60112292136472,947.5621217768221,19591.880286476568,991.8751605129235,288.81734626040816,659.4686587298819,995.4318891419649,10790.782821028466,829.2323472658461,671.4981163109701,0.33154107175126973,10.129314834317862,5.254656556630977,0,yes
278.2732463787173,104.21383249631575,360.4057784797942,252.63745703234673,0,35.32975779260036,799.3467132847824,18171.574518481717,957.981618847409,916.5041279790594,54.13228684474382,986.4700362913711,14646.177035089693,144.05124283397691,632.0016750687515,0.20379223598033974,9.38096717378011,6.517059804018229,0,yes
283.5429838725957,338.143837573929,265.7478994759825,241.16477843184455,0,24.71655021711556,738.0929916379591,18262.0721227072,977.9693749390407,1.6919230178168447,996.3132806567099,846.9119254154759,13899.44026110084,516.5870890091696,603.6318530042705,0.27547171075146054,9.415367360958554,6.311643691316227,0,yes
208.43811646609265,271.5712695508715,217.79932237522092,208.17496447488907,1,66.32510945302688,994.5419684362433,17549.550719459257,936.922308495999,755.3632771295189,205.28905120655156,882.8516783670581,12679.22203410631,691.6050767229068,614.7594980496135,0.23238983983037076,9.111384785233048,5.904222422067318,0,yes
261.8829467163071,217.37485884313304,257.6683849776746,254.7124677040519,0,79.63474851983428,768.7464455774509,15729.250222712491,953.5553662115242,406.10797961008353,543.6268089956716,732.76729933365,12361.19604725501,478.74115020374654,733.7855302640168,0.23241903563889763,8.152381392916377,5.64598049169846,0,yes
249.8844493056841,371.44995669953545,341.44683040667405,261.94629275453974,1,23.389825020643016,666.7146224933862,15228.84560662798,962.0303175777128,400.9561214328495,592.903363859552,769.1977960609937,13492.271582588686,218.36328201895174,671.8122811421579,0.3076639846165346,7.88085052988377,6.00674706096227,0,yes
228.06796268350757,111.32681837242292,349.51176983041995,240.57140805267807,1,85.28301563918292,822.1202809890256,18351.926513058315,945.6981800833947,426.7570399627359,551.0491777658984,837.7571328718676,14505.195248510972,814.0567007205616,740.5376239119121,0.205975917654686,9.47454591566747,6.684469824356245,0,yes
288.7659605163819,132.93908874313263,116.90777068884016,272.62621834604624,1,28.150371102534663,767.9603366634317,18978.175904676842,995.812380257934,754.0116715244566,168.63843642314828,938.4172254026157,13545.451583676506,778.8385280059969,695.6509460088438,0.17500728167641397,9.782510651178068,6.313223607971282,0,yes
200.3312099151201,227.33222723865651,208.7552538476683,278.97879654247555,0,56.66022943701904,655.6142728858475,18883.604491693164,983.9855082822613,367.4018451623948,565.5765615357647,796.893130540844,11210.221819434577,145.49434854111894,700.6273741008234,0.2208082404877518,9.708835594772479,5.07125554822208,0,yes
282.8092680169194,288.70612516060555,276.19165182332165,243.7686140247447,4,56.52544403226517,794.8538475828395,17323.355987160387,933.3586915339104,110.75529817724131,854.5567914121793,749.7972344317151,12842.073887049119,521.6839660524114,682.1161741756139,0.27821111615115435,8.95247111257323,5.8576414168649,0,yes
279.248805775365,120.70987654256876,250.8729893495728,201.91196884800712,1,71.45418346504829,995.2701374525825,15556.264921574528,982.7822020173937,434.7884255812403,523.7130164583051,759.2684973056159,11463.972536146875,540.7910176061148,720.0579363231468,0.1870033910306135,8.121230893542336,5.321900137171322,0,yes
213.10353251302936,113.42389421798453,244.23297802068313,286.0704513344683,0,63.41931503261091,648.5916751432771,17398.058489879706,900.3699429653284,245.9151041378322,654.7525385264887,987.6237566921706,10477.29657920312,311.5396572971741,741.0145966866336,0.18622026519762883,8.953042850854343,4.9217238145475966,0,yes
281.3828713599511,230.08558373523925,124.67035860981895,227.60692974385793,0,80.62272725594178,709.6686444251541,18044.882882030008,911.2032807898753,103.52911566168069,896.43328320106,704.3715812481402,14951.952494038622,721.209561483696,759.9933176896102,0.20807521680935845,9.291325708546541,6.778336797867695,0,yes
291.7503219613874,162.43481221863865,131.0927936653886,239.70533254262347,4,49.61204217827935,895.4394398955789,17826.34311593306,993.3286473061153,743.1289275198092,207.05364394561582,762.4335983929648,11124.017205422822,304.00118343840006,768.9259219744565,0.1981339259889563,9.234862431026002,5.097812487820143,0,yes
206.070792905882,104.77868598249414,141.11884316506496,263.3732855512019,1,60.45932244628012,933.3808392689152,18046.355457669688,910.1908648333825,796.9664941479185,159.02682546168978,843.5821488655968,14333.073009572247,281.36482442468355,787.2711499179073,0.16034021418905248,9.342067873202312,6.408088242493645,0,yes
292.31940576138777,172.14333127428995,136.88824923420506,239.36041864828294,0,48.58661633542302,765.7563292406942,18391.35930024447,916.3763720107459,725.5050843556235,250.2979755783199,804.2902133945597,10400.501894785082,741.816766637925,799.5776100393231,0.187050670985253,9.477672258689493,5.007903924512833,0,yes
232.3345916451308,209.27726095085217,292.3669337165959,207.7537089637027,4,28.04938958368559,962.1949535389333,19501.801287967388,926.6268529301406,416.17441398134685,563.255827919472,818.035838373117,14822.33865105093,770.4119004165004,616.8553235560589,0.2325078987406159,10.078641355998943,6.769932118532182,0,yes
268.88636022717526,301.5539286328702,217.17417559969505,225.1749394626199,4,83.27686704138925,881.8115044843855,16051.477187354827,943.7302884520575,337.0398520942583,591.1340398059584,901.3447617329681,11446.519795832888,853.1887225505011,783.5481774188456,0.2694285192189887,8.337493189393598,5.500983080108468,0,yes
200.52815957998428,240.21542716316506,399.9450890397121,234.37361430905585,4,76.06298854565324,861.1772975899491,18834.021318565414,952.5190332373518,431.8666189141934,558.5750995125168,914.5763304890567,11025.835561334598,747.2262982629256,621.3026236244903,0.27374258910849564,9.725311279467197,5.282778558094478,0,yes
256.3676224817603,371.46704851972305,278.62059414037185,262.2309920500033,0,47.86585217029423,903.5414861674062,15132.427611432406,900.4377600780026,511.2739140697403,396.1156696583739,938.7225418002342,12689.621083755712,706.6432291097769,673.6831330901645,0.29505853635177504,7.876973369361427,5.937157757429634,0,yes
257.8608976429182,157.73748803590678,155.84439231236036,275.0671950935646,4,37.78679017225076,656.2578052514641,19218.280256189817,971.0688546616426,799.094992430897,157.4963804221087,949.552912428452,14448.998232658221,541.4841838574214,732.0929244778013,0.2025007899365417,9.874527744664723,6.5936321856365865,0,yes
235.58874408923106,201.10616039816264,310.8863286984939,264.14606632714305,1,28.675444002711412,986.3782576968922,19682.02905096112,909.8770873794963,451.00863924993644,534.9154824372048,764.7060505641974,13032.86991905964,564.373364069505,698.8480749699427,0.23271163363745304,10.172035810433869,5.962053455662868,0,yes
230.2442197029224,186.24391458732515,167.2692519655639,297.7219671170893,4,70.29512783846315,661.1280283016965,18357.24107392272,951.5887111044311,406.6865648490659,526.2196376406013,763.7101984464311,14603.095496293572,353.22877726298907,758.6325943220645,0.22131470089839603,9.44238757865742,6.505901927248592,0,yes
258.4120226710462,213.01249946102322,138.23080565527187,290.03957529134624,4,45.984980484207554,752.6914670229304,16653.67225402276,975.5177391122428,861.466789731462,53.463618372270275,855.8403983915027,10631.163829856614,299.332679619244,797.1359932326812,0.22518266105716406,8.614059905181872,4.935101875551463,0,yes
223.22345537822633,143.74570654571863,168.9541025341862,253.10298516890606,4,42.1218066416136,932.7104352043334,16071.60249240785,903.0757921332207,135.40260825644808,852.3259494092239,707.6384274214666,14653.14391311664,650.196564603621,633.8401323968512,0.19130035293227687,8.353567436888913,6.6133771143267825,0,yes
279.9107445069172,345.7983660591972,187.1887545876223,296.751218560153,4,61.28866014624003,611.5677950815087,15219.009333284568,921.6405605985148,915.0798821986684,27.219563532847474,808.6408395901565,10060.23913949111,348.60577157435654,734.6323256573551,0.29407562254854935,7.85835639743148,4.702983275738476,0,yes
244.97185994955683,253.2813710302302,144.7897119511444,258.3514191947182,4,71.8514234051112,629.2268915035713,15467.903357855608,905.660549384578,379.05619586403856,561.8702599543426,956.2648246220308,12609.258557194069,289.5148249898903,670.1278435559661,0.23781641748288165,7.984462980553766,5.749301637976701,0,yes
255.65102241238182,248.854713250472,206.0260367357585,290.1721578839357,1,58.04914984393898,771.7732727019616,19249.960795681778,954.0086896211512,596.0650669244611,396.8328413206692,962.559467454168,14474.653092572986,538.5621804382364,641.6841127181889,0.24227231457305437,9.913471639867131,6.601038574544399,0,yes
211.25539056580288,182.24774766849816,270.8354143880724,274.2752897113618,1,90.43853148130981,601.4774687668765,16534.501161116354,994.5594448752645,446.71090990552557,481.6202834740046,824.6131754924694,10643.830599196672,836.1056515113856,737.3004692581706,0.22387532141658953,8.523957216746165,5.136246586675552,0,yes
225.09689828574653,141.4395051415158,146.39456607722457,204.43132147988655,1,53.50902559021477,995.0687681498662,16535.613835963228,921.7673139404951,187.74013772734426,714.4055862767154,820.0855757899926,12273.534599591241,160.49055174132087,622.3281231027994,0.16579951213359442,8.602461728378547,5.497363452198357,0,yes
268.5162122956613,175.99515302712047,194.92716296786904,215.99898068637938,1,68.90078046151962,609.501583173886,18883.79284018243,952.0055187590563,713.2952092000545,217.4042003553178,987.8468736992045,11707.78959266378,775.4439486567047,612.5092832597741,0.19906597944063853,9.694465485805425,5.5867726939071956,0,yes
283.58109557818534,278.13359967396815,186.79409476298554,290.4590059929178,4,87.03426060730598,837.6777837080367,19761.11813503406,968.3579973043627,272.40053170110366,686.6760191556934,892.1572590804387,13193.294210136042,107.93193119441949,636.9827894869169,0.26937426604505255,10.18575329960179,5.882790577090542,0,yes
224.9743745344273,206.10777661022442,382.9796399500252,239.7858666137959,1,54.03698262820025,686.6081553563606,17063.832891425594,913.7621903941549,592.1270154825436,344.89896783098743,990.8867347223602,13361.884280301818,566.5874351336342,611.573280978242,0.24610563449795414,8.79608042377816,6.166829406206355,0,yes
292.4667538859552,368.411574029974,256.17062276566463,242.6686638276572,4,38.55504509734337,630.5892857585106,17252.5231657755,920.240566950584,335.07380782238926,583.5003884691146,901.6924911174317,14615.062819045661,117.48550628940836,769.2237693658957,0.3048339235742209,8.879061264555615,6.471032722774483,0,yes
284.9008954156469,265.5215730071634,104.4134402167697,257.1107389904606,1,81.76628802777697,877.3609342233962,19297.7392250871,911.7608723646393,246.90672409657347,669.0725890419201,749.8842089291633,11350.639180676684,775.1171500572622,702.274331844949,0.22868839281481662,9.955238105040184,5.358358387576062,0,yes
239.99414615524987,302.2932019428745,399.0379306932037,262.204636551399,4,91.69587859776449,901.7280511653162,16403.167682016243,936.9972781962415,174.45958231663874,804.2621946247141,756.2407786742691,11937.862859606481,136.89715616288095,602.4942153078175,0.31090765732443415,8.516930634305051,5.336047335326026,0,yes
284.0020846823981,303.6432278392921,181.75314271656322,272.79767535351215,1,79.33221586457906,847.1185716543438,17648.527906464013,972.317102874825,630.5751632116306,308.7287996212697,800.4323983146534,12567.315880588587,780.4553249425777,718.6366847553212,0.2621224573364497,9.132127449975371,5.872740522479999,0,yes
295.19433544166606,337.25977250034697,230.8264824609664,238.17298512257108,4,23.23526787102122,641.2575963954488,17271.29779921806,993.8554926714352,358.60188844134103,545.9903946082006,799.8011535107948,11265.373965388872,683.8902518661308,653.8131678066826,0.28482560944965785,8.900915233987778,5.299798815285584,0,yes
218.19890128739553,115.48870939263675,317.24266609810377,203.58894438282036,4,75.61738452052899,798.7756818164136,16119.539111413113,915.722449645283,686.532696559009,233.72049717062953,940.7160645375677,13564.697746168074,562.8916169923873,778.3982748004903,0.20332866637147892,8.349023509302441,6.2461120007469235,0,yes
236.6284763719895,221.75996345535356,248.90801812962894,252.11808501448007,0,68.62933303873851,854.0220411175385,15256.799052169612,957.4133706465375,127.10303284348696,863.9597985422436,947.4736774467099,13001.643811479335,323.10554062833984,717.0767038792042,0.2273252674976576,7.935761179987494,5.929283035459015,0,yes
239.5806122852424,330.91653510039515,288.62082951151865,224.65314483221616,4,88.43180434279675,965.7968377999839,18229.073000503355,941.824826723892,428.23694227420884,484.1755527468252,912.0348638898621,10759.97592965195,537.1299726923231,774.0431667545895,0.29230050553541087,9.445189521379175,5.100793300139434,0,yes
278.5595447392442,308.57832386234406,100.13452895885037,213.20371134462812,1,40.9423239146114,920.4995617908346,19366.13934011485,950.2247748253048,109.43493911680808,877.3985840992544,991.3738482283679,14745.163171681115,418.81291708769106,760.1715340213268,0.2303386847422743,10.004505828966785,6.687665485497007,0,yes
269.53144492813686,127.67536068164483,193.4628855444425,246.37153024540592,0,63.24423400970797,736.3999777775396,18303.81041753398,914.4104846731351,316.2843999396483,622.0069386445679,952.2572352803645,11874.543381372043,768.3439705560502,798.8816564857385,0.1809370813380921,9.427125292733354,5.66205786752619,0,yes
208.0984992007912,271.5878170734874,267.19865810819635,287.0912353022528,0,79.23252823696701,746.8728472076507,15634.048405595306,976.0373732725594,795.2959285551336,127.8471885260841,897.5138540492522,14958.354231339807,729.8800949796902,695.0660257063543,0.25563956389347897,8.103030975198328,6.842430287386705,0,yes
237.59776390975557,162.64672431995885,109.91094744853227,289.9893840592696,4,81.95937884511446,792.604026476609,17319.68092995079,909.8041783508734,226.99982183374598,758.2105221160351,829.6477208633492,11234.16418705651,217.96168152391033,638.3640503963575,0.20125334321100058,8.946909191080415,5.12193790328512,0,yes
215.08083772049,144.27331692239005,159.6292481380554,219.55322852878712,0,76.44203944982553,715.9685542087904,19819.463571163506,966.1577677249453,361.8339764225089,597.5635151178794,870.0553654970287,10281.724282661655,639.1733900036634,707.6413218390302,0.17022272290712573,10.187547135492911,4.931150501761695,0,yes
261.46476243134566,376.52985451741637,153.6823590385295,284.8916210354637,0,75.97149464302058,794.1792702479972,17154.949384108248,956.8683090482583,126.68107617282952,794.9219550723407,791.4593840423524,14765.336801818083,241.85606112112293,702.086560155615,0.2808061388117673,8.871348229150458,6.528307297093069,0,yes
243.71602261140822,114.6189411625962,366.456881138594,299.59493085239836,4,94.57800758538471,644.9986194274727,15174.649797433773,943.5565672550181,360.9022851032711,634.3877119597286,965.1676712443616,10037.235315292975,874.1239756046779,651.605659206442,0.23763270663219574,7.846463153354167,4.962971081002973,0,yes
246.90420654816185,310.67612828150175,230.11071199074615,223.94544642572674,0,76.28771257732555,759.5602998703916,19683.240943025557,996.649933338141,395.8533583184272,508.45540128341196,803.8771215664202,14435.286897368991,270.0035215012794,661.9778990826949,0.25575938966252765,10.133294836430279,6.404872135355261,0,yes
280.7746243208536,129.97846283107305,325.7539653247352,278.91499190335105,0,72.84781827926405,767.4978328161901,19747.13024958275,906.2336700844604,444.6004013976703,552.3761901832884,931.6835531850272,12201.079000276044,789.3796384323624,739.2588441221693,0.21745607615068202,10.154559449439114,5.79300992380914,0,yes
231.3356921182103,182.84985627360928,273.488850525221,290.3739760731495,0,96.88653381136288,949.7872636176418,18235.383336237606,923.9285480871309,971.2806692694817,22.68675801484028,895.4355164034253,10640.11345809073,405.76877780599716,759.3154659659178,0.22721318074368893,9.442215039005003,5.002927851971023,0,yes
259.9362645524141,104.06403979385419,236.4536649255976,231.21079298432488,4,56.870720334424156,604.920297638239,16921.20059676658,904.8176192798721,169.92770346356517,742.0484145996368,872.2446103746665,12357.399027605119,621.9624742404098,652.065534416652,0.19104321082715628,8.705709617808084,5.741593720830919,0,yes
238.08205808655117,101.39895594783616,156.2048647207198,246.5539935550297,0,93.2956639615895,850.7513201391683,16952.718198652565,953.4575078638168,220.40577164409189,680.8293497585948,721.6974224428207,10008.053621604271,582.6212957838588,731.7850489911793,0.16281278171219618,8.782439435818342,4.734941917972323,0,yes
215.02884661282613,296.443191524359,284.8909190800538,259.75651220845447,1,31.356627276166932,632.4119261328095,16487.824789514925,926.7754245919209,467.27381147556116,513.0352858358747,842.4790691636497,13355.704207053315,170.65032111561172,772.8514696287955,0.2625097807643984,8.498003628306671,5.973845018433366,0,yes
267.16409639902224,294.83138299069225,218.50618639731255,297.69967228101984,4,39.85373355043972,692.0872679786044,18804.800455363784,993.1630154319229,575.6877848058655,361.55487649775785,998.0481090999292,13074.277198630134,163.1726289140852,669.0806813621549,0.2758340434352148,9.678697479188848,5.900842270606714,0,yes
229.80844222880873,323.64909934682777,157.03609483843795,293.03294426114417,4,92.42560577534852,956.229890058048,19013.699603135756,901.2348539424579,611.6495346875714,348.0906780028687,841.8823138699213,13675.054134940092,555.4296793501302,741.0231958950937,0.2760201171977383,9.82975141932113,6.248182848985178,0,yes
242.09920106900407,243.07183651995402,127.86090937967963,233.4022949878604,0,45.03454667749263,684.3930270103798,18517.29211297227,976.6094415316645,377.7723129383687,550.6997133910851,742.0865014270911,10896.036769890787,758.0970777935513,789.7341390610745,0.20562284362899527,9.53096130802892,5.179917577563089,0,yes
239.05488886240525,228.4961192696577,379.85590027127097,220.41516780234798,1,68.40411997498101,648.7794441008276,19865.53205922923,999.4453271224215,147.07348590428376,802.049710241668,960.8555541182857,12116.027780140652,704.3355262373915,676.8910971733928,0.2541470292969813,10.200450306568001,5.721789447970375,0,yes
270.9001982308451,379.88807789702594,325.56540458071964,276.57223203343966,4,32.62329103410554,973.9091059415373,15630.072143108197,996.7080771180204,594.3230998650095,351.4002397388467,926.3506551306049,10214.003939464428,696.2228157405302,718.7209063475286,0.3266072169065406,8.155134435802717,4.948982945014539,0,yes
288.3798531488562,236.92889120269507,273.7835615612483,212.42970475205382,0,93.37852623318143,766.5726767317773,17003.334772746326,998.8053343314368,225.5036426313503,750.9072437578744,718.4791652464113,14178.368665736454,675.5021880563047,669.0315731124825,0.2400902242321343,8.795197476040254,6.440971737772018,0,yes
296.99449736680054,159.90158148216688,343.36185380996983,252.82836584938457,4,92.10531696631774,642.6872528063318,18297.730067822707,912.2485090769802,206.06220028944614,777.3585466784377,703.0502378140103,14350.07557277473,165.77618547730816,770.6077732264336,0.24820631236910787,9.403210287341684,6.314003902407661,0,yes
273.11214950616807,229.37444188871729,327.27956184495577,227.1983229976832,0,72.42845686644966,716.5460579020593,17140.575947787314,939.9533969087773,551.3210220920432,379.3744505588279,929.0279330588286,11438.83076470641,394.38784090673084,612.8412950902864,0.2461533060527743,8.84462386330913,5.303281910341065,0,yes
296.89648172664727,263.4226424877085,394.20131252223337,205.83822746233585,1,51.36575231599008,697.886164110211,17530.140824646085,902.9661805844023,545.8640055596178,371.8659632021486,756.0100824955864,11531.260939019281,606.7422603960915,688.9885483557025,0.27325002029562717,9.030238350674948,5.36419490045822,0,yes
258.19155473936416,170.3849842879565,264.36700690981615,236.12594081245598,0,74.74232729361292,885.9587247598665,19743.585851254466,925.9173189531948,703.1065629933294,295.8375149042579,778.7308221868983,14772.89019622369,257.26179698646695,673.6885881938268,0.21016335959110607,10.182043499825635,6.5393196474252155,0,yes
216.13547245184662,212.6170010501197,303.0461301326376,245.9886365250508,0,20.75819565914843,680.5952869501227,16354.852075962284,938.7458301405676,740.5155515094967,180.08877361803786,945.1556098404151,13111.555229032967,364.60509190535663,713.3898040244827,0.22466454550341497,8.443691929483842,5.978729154320131,0,yes
230.98395395295083,261.36563275670926,166.82974242610118,209.37060703369903,1,59.22963301582152,719.5962504813469,15079.299777849445,906.748444894349,179.40401356224368,746.6173224474585,770.3768621256879,12972.003453967687,191.6626258509649,678.7743383490522,0.22030755337306024,7.8101137546978405,5.779996535518766,0,yes
249.4935854550761,121.94153181915843,256.4359602936753,259.8248499742259,4,65.21358282304244,672.5176269307539,15612.073699296454,906.4867629207802,526.007364002453,380.56747254589607,980.8404958740505,11175.092004444477,722.9661529518534,711.6645252264556,0.20764155348919483,8.066117735072496,5.359617606206943,0,yes
203.4463302154345,149.67045467952798,108.64856690842373,236.23337049912365,4,88.8040056053773,830.9589998189772,17941.942786012274,908.6819911409389,518.3915434331312,383.65085330671025,732.2711238361408,11067.908241811174,678.3864526749331,797.5905780243045,0.18160759552308942,9.266466094875172,5.210295309982066,0,yes
209.16069989946877,203.85547163764642,388.7937266800226,207.99843392288741,4,69.20665559446945,779.0188533816031,17059.675048424528,928.450493031602,499.6109826818427,483.0598764316533,871.4345131839684,12479.31164685544,844.6037560041932,622.9327822534849,0.25192055972362265,8.816430210141892,5.884999457611275,0,yes
251.55864392912505,390.24940748327725,367.2345209134218,270.4428709150322,0,23.51917010603063,894.6033674320902,19866.78108251792,936.1896030711018,187.96348971963897,790.4370301061251,933.6867749944911,12141.305663547311,312.4067881098048,637.8253173362135,0.3182685697182562,10.247008919142786,5.563175045676472,0,yes
285.98809705212216,375.7733123153557,231.92598279799756,272.91941592426804,1,33.96538777653344,900.4839842442948,17949.449220109946,909.6587969297718,98.83775920631976,817.5301832558586,737.7639560421985,14346.060799811436,285.9857456199379,641.1967326384599,0.29558212191317335,9.28604722411199,6.348051748179639,0,yes
288.85088229718224,304.37977936220705,369.807453144734,254.2847728764281,1,88.75787294325676,746.1404982770005,15453.790004038323,958.7650147898374,106.56607043029972,846.4949618043963,819.6829572267013,12176.9867267893,815.7716275371213,729.1909654502432,0.298124927957164,8.01035561459623,5.741723921469759,0,yes
262.1025153671485,223.8450448988315,382.9800154563653,263.6464457490676,1,46.63882632926353,770.5593268491052,16537.878918968243,950.7530033757974,677.3760668174975,291.3637383300479,947.0307962456185,11372.656281686968,181.04731208485268,755.951506407842,0.261735952555602,8.556712878051,5.2227551740023745,0,yes
243.56109901611757,168.67563306644985,386.80393156969063,235.24107166414478,1,40.34364772189975,692.7446446074522,16449.82225930758,996.0958696575977,808.3320078989947,147.6030948233382,905.6700099859335,14083.903824189621,558.3955438183914,795.7684076578997,0.23161592094307815,8.501759805209987,6.445196626648773,0,yes
259.52865909862066,260.3644197514872,387.59840744346343,202.18564588954646,1,78.37322730839315,692.1080412147819,15031.224985907675,924.7697720791793,673.392347276392,281.9465228721705,846.8889688662646,13220.45086029754,375.11295811583045,777.5996506601197,0.26863903298368946,7.782489480537503,6.00047938651715,0,yes
205.8887427875277,373.40091447064486,238.38430166856233,256.66597072781184,4,54.52020567021613,690.3255604008087,19744.381636406204,912.9717645078237,921.0432070020066,29.459830455557153,945.7444088425132,14249.415963851583,536.1386040369448,672.9239571663646,0.2971311860165811,10.137062979762115,6.501489667653596,0,yes
295.8778845972177,140.61013433357718,375.2645981662432,214.04662875689772,4,51.316777956978456,849.877569721825,17195.63645591109,993.5870911428468,403.73666036345816,512.0279285204679,865.6170858656642,13700.20110106761,195.8375212295212,741.7276394424899,0.23384408161863307,8.90924754182103,6.117957121487222,0,yes
273.60257082973607,279.4463307270056,113.58030959183463,205.05911701212358,0,53.69273196925373,893.4479169299807,15436.707829462563,919.5255097369122,523.3249453095075,435.48036637840084,795.380539010603,12639.680629300046,372.83398707217685,627.85801247873,0.2167211231231464,8.02942755749948,5.72736476783024,0,yes
292.6059822703334,263.6179529305485,382.57906442711715,206.66028016219786,1,88.66907571838095,916.9024692556906,19925.02903482462,980.1202074279156,608.4240164216095,292.14756603892545,737.040640145845,11445.011955353722,763.9143270889152,711.5620654189424,0.2753142921327392,10.287255430496971,5.3856127715044275,0,yes
238.77511514409443,341.96368233130147,194.608042794214,282.0533026293456,1,73.50570483604116,974.0471548002633,18543.189192444752,987.5033499285165,71.63240351845533,842.0715965634141,943.6316481913601,13569.975742157572,352.269399839122,739.8982024055889,0.27541815663542596,9.610447992028515,6.159121184255568,0,yes
247.9380350066923,315.7551700909936,153.7537360452119,276.1248757729373,4,48.334606148142825,679.710759644551,18999.244347280244,981.8144078453769,705.3972437897806,285.84097228262897,847.3776492420903,12030.662824668696,889.671868682265,747.156515058698,0.26557213990034345,9.771630433394424,5.731490288648842,0,yes
267.4999137259668,306.69035592498983,364.5526626873527,270.46972306624946,4,45.628096752196406,643.9424639174472,19327.322615100522,936.2130023807064,313.01368040635776,635.2166631794275,875.1686313905473,12374.15682457077,609.6110850853657,620.8021002019772,0.30510919605879727,9.92156084415354,5.745403992297901,0,yes
204.2971560692757,219.278207436495,216.01084797894129,241.45669841231012,1,72.2953657322615,967.4216714662501,15361.865195771416,939.6005276122094,446.39731548490545,464.36761398582814,978.1040453627149,11147.266138526136,230.17639545670195,606.4989747256245,0.2179993055917006,8.01165391804528,5.137048580477214,0,yes
279.5099911865011,326.91817857504896,344.59523165293785,266.7494327731147,1,35.50438983040091,669.1459441183267,16523.965544223924,938.3019835352995,159.70121248404408,799.0831118389915,800.4770560566708,12161.817001158859,186.23072445241596,723.3208904476356,0.29671282094673807,8.525678691244515,5.4761680636792835,0,yes
277.3970531619806,209.868515564409,215.03306063527242,263.906122404665,4,57.52873585386824,904.4180631307529,15171.722773157144,980.3074287132882,125.84198333979302,809.3283067685591,758.6660052894617,11462.652034550934,438.2641416359273,771.0984372618224,0.23791256066047967,7.907787218223379,5.283692054978529,0,yes
219.05762367112072,329.8730511130821,193.981465439969,295.667806085239,0,84.32958323950476,680.5384756276143,17512.00894380229,921.1521770179442,905.5080903496946,22.432719376379396,799.8051385216475,14681.284813384733,597.4511926717348,629.4698889844614,0.26804985541637183,9.019847026115164,6.631593578233342,0,yes
217.37627164448216,280.03556746768106,310.97118217308764,211.94552142882742,0,29.650595020597372,699.0590926974525,18700.094823637402,971.7235098961257,74.81838624828929,911.4543262801039,751.7626884044867,12028.398470435153,370.42847119308124,720.724148417552,0.24768253080358202,9.62490879017992,5.480448260641055,0,yes
267.14639315739396,246.78629431131148,273.37479111334136,254.68192383100018,1,26.517880026633645,758.9926507234254,19144.03280250618,912.7089363630997,289.6308499194577,650.5092763078571,724.057495831097,12578.86020062819,180.65408268381952,633.6617928453085,0.24530792142062413,9.852006852676372,5.5958268756512535,0,yes
287.03328452237986,324.647329150054,269.3319392900971,237.4349280481514,1,31.156773249632998,951.8107802653989,18125.785699899337,998.8760780345488,536.8271663720509,451.9149777872708,772.3727783591326,13491.899143311115,175.7359774629294,751.9763250051946,0.275295456516191,9.398213260586347,6.0007029784166726,0,yes
271.1809020092506,387.0765076248432,281.74549758013177,231.11453000660538,0,43.12124821206679,697.3127744121945,17915.993885626656,919.5357047380472,428.37611406516766,474.3854164212676,941.0080129238321,11267.681483255594,870.8305723051548,693.8823162340365,0.2969819984354678,9.225301448775474,5.436998937116334,0,yes
299.1537281457767,194.50048681739298,220.59551943042277,278.6638020600701,0,70.82500445600056,689.7709372478511,15336.739843076322,949.2326248911435,432.0725294299966,509.8963246650875,983.9203257272754,14661.289595048047,142.1371493271688,666.6289414433415,0.22425749986983146,7.938090290246576,6.521908681221258,0,yes
278.3584035745455,348.5958526073005,158.07502570814626,269.5676900786117,1,72.49668662686554,721.9892207202832,16153.786135778006,950.9929599493072,806.2725666576838,148.7583217997925,830.820071463052,13173.685303543545,445.57358191386396,720.1311760591009,0.27314765073445835,8.353946464823933,5.99585056509664,0,yes
221.59237697739465,184.5153870090142,374.75595643219566,247.885151082834,1,47.842871323484786,983.4132159466968,17762.7862713158,955.7577397936825,459.7835575770023,458.97516833338557,992.5400206456052,12450.310886585805,795.085864310903,662.4436957842701,0.23623813177248626,9.218020569468578,5.898414255893582,0,yes
263.86001541633567,129.60903592417915,124.71385241973915,284.9614070510054,1,89.15985768743087,871.3884506691713,16895.799350025172,923.6531615516843,287.340438780562,636.1378198134028,958.7156752417468,12601.674725993505,463.49625886333064,799.5307355867462,0.182219539036466,8.754543818812529,5.831611418299261,0,yes
249.762519873766,314.26704523888657,183.37956248728253,248.9050847258054,1,42.547471447967055,714.725226040536,16273.629320366044,940.3099771623303,247.3821792867045,749.4802002012385,899.1266765215257,10023.910488605357,159.86661828781897,688.6909636638478,0.25296139436619774,8.41079820811037,4.650613250270803,0,yes
280.66693520781416,198.4719525405195,272.99375953416086,209.60281513875807,0,81.55609439273354,920.2444578931611,16563.998051613304,921.9847712858528,652.4923926837461,295.32968009532476,833.5239907612091,12083.780717528185,365.60801207753155,664.3117988378697,0.22152031601946828,8.599502728838694,5.520635012252084,0,yes
283.2029686100652,300.57995033552845,252.25683561973852,257.4892848598756,4,26.31961360181233,975.3728009451127,19265.52492832511,976.5754471284753,325.2182352851373,658.1010229017155,918.6210913079931,14356.861778726565,318.5099043217834,701.9551987768326,0.27717123620311024,9.97040853861913,6.454920046808125,0,yes
237.18096571375884,125.17080556300189,308.3309956090111,240.48336139208288,0,33.863630676166316,960.5593802160114,17192.60503105643,967.0122897377862,199.4004355574741,787.2068320978232,857.0005323811031,13281.409927204248,726.4691606451596,766.8134437965361,0.19394710592316303,8.929219403000701,6.172330579432104,0,yes
268.27823123607845,241.1745419151042,291.72052205723116,246.51928492614326,1,69.92888049254714,605.0902920067243,18525.870085401202,941.6583943472889,716.8693168362743,198.07197284260837,892.9022783402431,12146.509071359846,840.3398975604365,694.882449439212,0.2506996047664681,9.513123297046546,5.758885706735349,0,yes
205.64432980322977,325.86817368616096,176.35711049616293,254.67757644192528,1,61.864862985411804,901.745970043764,19034.15942769743,929.9817736533794,460.17120483855587,468.69807665531124,849.3191871493524,14354.726325186202,683.4793525253823,666.1851477241133,0.25420739587429153,9.831468593661734,6.560124604072337,0,yes
227.0783535692697,162.68035125918476,211.35725340514867,235.02557612183716,1,88.72244483626444,855.9657273232142,18205.070953240014,989.9338156920102,565.8624054653529,390.6454855489691,800.7787401412651,12267.662668786837,282.8126486914738,660.9751684251231,0.19808479988812072,9.414829308292653,5.548728839930018,0,yes
271.3906604963764,307.55049801740233,308.10464901491247,205.72878700070598,0,91.56508236398994,645.597135450312,18031.7189633389,961.7800831867963,466.31699880042095,489.48603914571265,922.5651160737182,14785.604487890792,567.8295624515204,779.163738310924,0.27148330277127447,9.277636458557433,6.734170643810186,0,yes
296.9810943340935,321.6015126273206,323.7512433846106,218.33187346638107,4,61.03796425772047,737.084050975824,17242.280638907592,985.3523931861091,129.40372347026346,861.0537669892684,846.4202909345527,10882.277318836164,170.0699619150609,606.5729075241851,0.29815683545215677,8.906270472340765,4.965310901035226,0,yes
248.52620578625704,167.2164106089515,184.81374676675824,288.3318957194058,1,73.74954587828331,612.4163409745514,16408.526066103997,987.3531295833379,463.24236897639076,437.81191191536715,920.0085422940823,13344.721668033022,486.7791749016072,786.7446054199352,0.20607933259854044,8.46234672406923,6.11788707547294,0,yes
215.6315924526798,278.72302288451357,230.43939645846777,291.31210037089636,4,64.70774505702295,774.0686375250642,19020.11549154136,973.8226908942736,206.4478322701429,736.3410020786478,828.9185899010059,11388.58588058632,144.54117249998194,610.7054521599198,0.26711063525813156,9.801792186778458,5.144582291397823,0,yes
282.3375185028594,112.32950901889714,122.24884648398054,255.98410267477902,1,67.5534550265527,858.6863970653601,19245.41308743323,915.6964277615903,443.21939945842496,494.3156162939233,882.2949047850907,13778.275162653328,891.9931783221552,714.3326817163293,0.16864160360646108,9.925395589093755,6.43367237622503,0,yes
254.47165366473672,338.0816891012876,342.49604202264294,236.08724218645398,4,22.952738135643802,991.0326770447646,17066.075641260937,987.2314030275826,82.69211876809021,880.184804233548,847.3103556662672,10331.82926506674,528.7628475223687,775.1908800912175,0.3018798593448863,8.875772687724899,4.907376564249348,0,yes
254.53755862977007,210.67027404622394,129.59148007838726,287.43229131761115,4,82.8634288277514,859.1591024802256,19408.571457373833,908.926686345443,557.7754255449721,368.55545485030575,942.9086348336109,13050.821233021643,410.1662755709551,767.7465800470188,0.22614262808410204,10.006156744083466,5.979759375992942,0,yes
293.71148797907273,193.53874856721637,298.97044948418534,253.1088886205967,4,76.67599591518268,834.4922742096466,18501.206554191092,925.6038467803155,363.1372402256234,624.3812560046622,941.34620577179,11445.713864613102,765.0672769553377,696.1781453983217,0.25048260235626785,9.54920429145824,5.477993418674119,0,yes
274.6796503004211,252.3806191893045,184.51242458455235,281.4434381749529,4,37.419858599720556,725.8993925050344,16197.315635056704,981.2920671027558,587.9933260573612,346.94597735294826,999.5026316940482,12413.56621585189,165.40557064647555,627.6000161033771,0.2494491515056381,8.380755057669107,5.632281786431228,0,yes
285.62217358607495,208.90072241335855,257.5801496063592,270.873287393965,4,37.97640407583866,832.0483093972462,19090.793430390248,909.2257752997524,92.95960218992863,889.0416237810228,969.3380589041644,14166.575335336523,772.8489093533253,791.7880536912387,0.24601244120589677,9.841210089912455,6.592580079251988,0,yes
203.24390607379374,333.80332095662004,321.13715138256197,286.0945226069337,1,73.08829322999593,858.9329469847728,16880.84229414567,958.6116829713321,520.98173810588,388.60163943970724,880.1755464188204,10414.497681754361,434.8707375747706,767.2773026192003,0.29372897152178534,8.749054643936617,4.907666198963226,0,yes
281.2548801682263,260.3138233350948,149.79487178732842,235.02361465075745,0,94.97542731406752,889.3524120327938,19511.43562838282,934.1134591423432,503.5629674106592,458.30454072104044,787.6992218806578,11045.696474694592,557.1977746218356,716.1861033408082,0.22846353159525867,10.067860569097558,5.172476470038403,0,yes
203.05532202325318,384.56970100074994,229.15298915539768,204.48654648131043,1,44.747789395895595,748.1415826955904,18249.647472823297,967.6449502361809,820.2293560322345,176.9751289942418,956.9960798696153,10013.141447253765,552.0746834819319,658.823618215057,0.27573068417427,9.409952062466576,4.822457537667715,0,yes
275.79524821204166,207.76386467343212,362.3318633290883,277.7551311717689,4,24.702531094834008,848.0748828900311,15784.740102916958,929.1407383057502,446.6451639377732,538.8148657361882,760.1674243226996,11144.26372050957,341.8983302966243,657.8678889717879,0.26497165881833196,8.19450858039326,5.110350262721493,0,yes
219.45259361041536,227.7776028022634,102.8629676457692,292.1788812443421,0,74.90481550609552,981.6467969474122,18521.524916964805,961.568332094575,608.2562075495352,367.9050579570576,723.5270560585088,14384.389025219663,610.7465252583752,761.5745132424943,0.20715496781040801,9.597782952462676,6.511700159462979,0,yes
247.28956014504575,395.00264328771556,266.09836746940636,214.987949511294,4,69.44578229859383,708.8492781850942,15787.935804222807,945.4185519781807,664.927233026743,247.1514458973769,900.6299297681937,11329.479849333495,769.0362888822101,614.2237408884995,0.31008451196834197,8.167358900672726,5.39567508594744,0,yes
289.2201237120682,128.74907969062377,305.32866367108505,214.27302098800266,4,92.55372022875333,829.6055584613343,17838.954788280655,900.8696763847908,704.5946609001193,213.8736301299865,882.9703889140727,12978.199525420967,553.8789708610742,635.9871934843295,0.219498712167258,9.213602916326234,5.965752515846558,0,yes
279.55690194691715,116.01386001008187,162.93768832677665,286.35345010522525,0,60.44411894261419,895.4265279833897,16533.17945961261,984.6235892506384,518.8846397863955,425.4743842729689,786.8453219092429,11418.37663842874,192.13061764958033,606.4656040375503,0.17908107584242283,8.58707097757401,5.158368032639319,0,yes
228.91201805764146,293.11882175946494,145.70505807483016,217.79404570783683,0,81.60848964933854,909.3043578595361,17062.994614378615,957.0420180129462,141.13615905691003,815.6476373297188,726.2119185452701,14792.921256083311,214.68219004755102,782.6072704646454,0.22902044764347337,8.851322269169286,6.517892049525872,0,yes
222.36907848459728,340.2082581879324,196.77969161498976,255.81439862379827,0,68.37129069455233,767.8650920894677,16949.886248182207,914.6875745577634,498.3910400166101,430.5347543329159,781.9392656446328,14704.282527673306,392.15892534293255,607.0842044326766,0.2631845022519519,8.7571732544151,6.548742401188459,0,yes
290.3403816172863,175.0430317441157,343.52942933331394,250.98444451138545,4,77.69547523760005,883.2388617536142,15386.385991311952,991.0005335326059,823.5354356965287,156.4062785122843,885.5100382011133,13358.972688783859,241.72044101748372,635.5431132289327,0.25127219828518355,8.011795323222715,6.00261126516628,0,yes
298.38268162496274,149.05630152014785,167.96599121151917,219.8120545176447,4,94.94000553608862,846.9050159117921,18224.272979468566,982.4962333158899,858.2608287956947,72.66653769539516,978.1925060119372,10577.399555440576,563.8671973358934,717.316509726538,0.2027182698371363,9.421359699084212,5.059919175253031,0,yes
254.4086222787986,188.28472014896568,277.29985396892783,272.9913404002653,1,39.58498146569492,622.207336424692,18973.9074790827,990.1794583947805,432.51005927273513,524.7235428268992,800.7812563681724,13093.605059766178,628.8954240054136,780.6968533276654,0.22638495801045785,9.747558923279982,6.033485408622648,0,yes
295.9591443670986,131.19496923503505,125.61882192766399,210.45681654306352,1,83.6056421013981,716.4262623369852,17902.359183948458,937.2760138522921,505.30343225885656,410.63506636518093,936.5453222522403,13433.878919820763,703.1502894296285,614.178434465931,0.1715005943064785,9.225121588183793,6.225967897939395,0,yes
298.4107530553599,328.7366576132332,160.48827116150972,268.1904148248501,4,32.875995834490325,886.3791678291914,18990.411310431577,987.6765543081816,796.307562710993,104.49429347897603,973.5221144074184,11176.176572251466,434.5653226759067,660.9712153383236,0.2749715134160499,9.814058440227443,5.234300484421669,0,yes
234.48233425020697,293.2218498172091,337.85182736270383,278.76446367322893,4,77.6256218020756,978.7809774577155,15843.622290033212,952.6576432146537,595.0637675872192,399.33765936038515,874.6109688879533,13203.42110180691,175.45459497614493,734.2016509262884,0.29588798973954894,8.256943283219844,5.924519455491064,0,yes
266.0345276648139,324.751060922311,234.82530831027657,270.5303353906278,4,77.02862956865164,658.1346395107166,18136.035311861007,916.6606299000343,230.44192280895425,747.5767630919247,856.3836703135577,13747.830055690236,503.6208018700572,662.9701889583648,0.2901620888467591,9.326339983993599,6.254591850269726,0,yes
254.4848510381032,391.14837735852683,272.3603868506799,201.52674099614748,0,99.01462746595288,827.5201713353872,19096.64217822509,937.04727482753,566.9665709718446,351.8666162914477,934.1379267783428,13035.132483260757,899.0291194524018,745.7774992881353,0.29573115608225126,9.846926151997936,6.161571894086772,0,yes
288.781830218041,227.854274804039,115.83636652337827,280.75463412265066,1,92.5249310066919,641.5326172192968,18236.37543508649,921.6704326649452,570.8686253145938,362.61521177741906,966.8810168567281,11106.596848861684,688.7314206827962,632.295652410855,0.2224794984803843,9.373568982520855,5.306189928082688,0,yes
216.35130665172116,317.24826800864594,240.98593100179008,258.48568867082355,4,92.89615453946462,872.9708677092692,16832.990902334048,944.0309643554501,248.74392255352637,689.280627210291,933.8011348252455,14951.533210662163,282.4295087321695,695.0763278281331,0.28170007261383884,8.726291654180626,6.677277377377033,0,yes
201.27322604003993,230.22424346831704,100.92119176196039,205.32374069033213,0,55.88173624910317,867.3304043763073,16431.185230531773,987.185922375952,213.82086688116433,707.2191465876967,879.1077505079045,10195.223658706343,166.5948415027213,600.5387998846265,0.18568821405550953,8.530069081397624,4.691828188282629,0,yes
277.3786083402527,141.24033297926468,289.54078276930915,253.404687107248,4,43.85226505581993,789.9959381903644,15722.687477810585,941.1181380680771,613.4087917479918,322.86960564218066,797.0318830212441,11924.539599227995,455.7029200212722,701.0618456290991,0.22154113488019123,8.152118418616917,5.481631522823718,0,yes
260.26558302718337,122.73947232396463,242.63795048626523,207.48299111156558,1,96.2528124777529,632.931376516779,15785.149863243592,924.2591342484993,16.69357781103281,969.4756611460931,820.9977063031866,12733.607453435518,169.9488095709393,691.4544243164696,0.18799816861640203,8.146434851268143,5.706154393364304,0,yes
211.46732644368484,134.2592833020161,287.00095844632153,222.28748006387235,4,43.55656905068677,807.6432665226056,18060.334989101153,901.0619393697341,498.954093415999,420.3980905975175,948.1734190994955,12971.481746237476,531.6836812758834,690.2181035189695,0.20364815440447692,9.319401258074514,5.987508939526174,0,yes
233.84904861477793,272.4327242715375,149.902377990097,258.76266969338263,4,80.4603941361508,641.0820685782695,19491.58531367264,957.137727582123,559.0295281718624,386.3486248542098,841.7774843800705,11005.55012347017,718.5499668360753,716.2284894089926,0.2462585253642234,10.005944532544838,5.240325894736751,0,yes
247.4290378576685,240.57026029370465,180.79938173881754,245.16677033194574,1,49.4227732820744,909.3294931826442,16562.855101057787,916.4712123823571,282.39313502528654,699.010091401846,988.1939829352503,14240.50845380039,849.6726939185041,793.6807764237142,0.22278810808525548,8.595691505973035,6.660595667259603,0,yes
224.0451096377527,365.22450478854114,241.44386856578546,209.59423097418073,1,41.761530908652276,957.604621177658,19286.24331270757,980.5294254453624,64.2053809182844,929.4819479336626,735.019253485062,14335.671804449878,679.7779723313844,757.1459834484059,0.2737465566076081,9.97722799064885,6.5262607988175,0,yes
282.0607594723672,185.3144645587391,267.5816222647278,298.91042806748584,4,68.81700351727827,645.9154889063411,16987.55662519175,906.1994261028701,88.95558597743356,817.3624468702724,989.982658137887,13044.845965081335,387.1223576864701,712.127571449884,0.2476112077699617,8.74800245400193,5.97686469962139,0,yes
277.0034796267439,302.7536226985719,323.52830372184155,274.0311010893947,1,92.01035170991382,668.4110378297935,17732.572837447326,938.4518416316296,153.66951175337525,777.0619453177462,779.37126700169,10171.834115312753,146.96472009598497,604.8676771214194,0.2910763347838857,9.129841987953618,4.63661669947837,0,yes
212.33303404165645,289.71512281679054,262.639872023606,204.43969266621642,4,37.92576863638579,680.7673551876525,18437.553095209696,940.6815954749651,721.7163229116202,231.6265734823413,766.1553619487044,10214.247223578976,148.48466515598426,641.0756076828343,0.25679028364437684,9.485345928404067,4.6567380805444785,0,yes
281.9244704177437,346.63673932764704,389.8878241314202,277.91069920851265,1,31.486446052278893,609.0734620548793,16219.871193595596,974.9941906044244,493.13675311818673,465.92405167758017,806.6916675953221,10605.612336054766,134.33072303074346,685.1538742845624,0.31569183583535887,8.36558222151742,4.83041121578889,0,yes
214.98087351745826,138.0641373772833,107.68806298244927,211.13430722771864,0,74.85057239105963,835.900729250678,16368.055389782576,951.601718267993,937.5906149964006,22.113971286751507,880.5285980391134,14537.44276204418,642.9333444566239,726.0958770499058,0.15545430777950872,8.486513364116718,6.6416142831326885,0,yes
202.33534700315266,159.49608237844944,365.52381901947155,256.1895805215488,0,54.027088748859995,946.3267051044365,18759.291306727624,993.7983785862305,557.7945138038812,354.5118539868423,763.9788684225825,10164.67981751734,548.096071733183,699.0183754398747,0.22039151963914272,9.713004082513232,4.7978726184790705,0,yes
256.62914859171127,189.82848840752055,156.52936105532038,251.09557763735395,1,48.5840363798131,817.7596587325361,17822.689440142713,908.0859612564047,696.0554513409587,227.15403596765407,711.5312660811517,10622.260571913637,153.42191089865915,654.8323713513383,0.19988113188277004,9.203799575410084,4.7977352941254425,0,yes
298.36828101836403,387.3332522502753,188.2640618141187,257.1187867637382,4,86.26517032225581,760.7003975696929,15047.211059357869,963.9339805899918,376.51000240728445,603.7871241017286,910.4560439001733,13428.918216527414,402.34021910634004,612.5935101935512,0.3084571887879729,7.811005595513607,6.101867265543432,0,yes
280.6292986808051,263.2763045106738,262.30009219985686,220.63097099829366,4,35.47972542215267,962.4837468481119,17895.238255985758,982.7313686636975,755.5863512219266,198.72568343032322,713.6656621041159,13695.953107691837,805.2997387888004,663.4455417057105,0.2577120021511084,9.283151026680292,6.2942165177699625,0,yes
252.9196822452882,152.10274700246956,238.00653258614574,200.1767974905316,0,29.86709471854614,935.617832060664,17847.801436038913,972.5892759392065,431.6563589021549,510.0674798209808,933.2645157771861,12295.370228601878,662.731810175821,703.4004468355172,0.1840809649085196,9.251871671438053,5.768324518031884,0,yes
286.3414327952938,102.86404466472783,379.35395416738095,271.7818632515862,1,27.78582398314354,958.1284039624179,18870.082529433712,947.9456437950495,484.1601777136198,450.6804286855617,789.0757031980025,12453.800306645582,475.9790247660188,600.1651820476429,0.21494464067714333,9.764773242675666,5.68484143241971,0,yes
207.81648780995368,218.70547017385337,376.26569594599505,287.427818422275,1,88.8777902036463,757.6827788038794,16240.964970460836,928.1616403702595,921.64322621011,11.215421472279786,721.8913460585741,14875.370210616562,261.8585427554785,662.5601466785737,0.2615446649114062,8.402296134853032,6.548833491512447,0,yes
260.4768327450876,343.63697187126604,254.1787559274015,231.6328373106274,1,27.663661223890827,695.8367648869522,16121.309125843689,933.9400949324124,598.5939146545342,366.0252071351365,774.7609811266229,14545.673526613504,197.70223505883973,749.4080095901179,0.2748992562067939,8.329607296511723,6.4282774122000035,0,yes
249.87390109615905,140.46577140948813,377.4419683064459,202.70152486892468,1,96.02967741460937,845.9179338773217,17069.22686218363,998.4330378482039,7.648811151081209,959.5037192645877,892.0998831175551,11365.197774933298,624.0036521101388,620.5471449257723,0.21975085331247515,8.845824399466492,5.35692338685023,0,yes
229.031633548378,185.33948489625334,230.92532765302315,204.63711915195012,4,26.641727555569634,952.0309569477587,19122.682623321518,938.3168182958802,498.3338705563733,450.94679827920925,976.6107334714771,12605.434442883607,836.8169823863718,717.6075693992309,0.20942699446961235,9.888351241421034,5.982238666894176,0,yes
257.92609671610904,285.2382638737897,363.71905604201055,255.43076202248443,0,62.17024970409064,807.0577902618021,15306.90787572169,914.7354015271461,902.4806081074554,87.55593948427224,914.4773134577492,10456.107501275961,567.7422232355757,602.222552231456,0.27822187998496645,7.9444228335466995,4.9805094463562485,0,yes
291.78703712993035,102.63684947189341,256.0177965770339,226.94238267368064,1,97.86305053655579,804.2895703158583,16483.930770627085,962.6555440349398,29.387973756359816,938.0924806978559,863.9698016449173,12060.615146391026,182.7432174732821,758.0952085578986,0.19071857612036872,8.538893321592074,5.465504054098622,0,yes
229.60411936766488,149.73714826246544,197.77255148911507,209.31418240215712,4,61.651274518953166,909.9136548625731,19527.877131843226,919.3472640161781,456.6453542157331,539.7260773003754,742.3323812233438,10559.034763997386,219.49513113934813,726.9676852383826,0.193963552743222,10.07872864700157,4.830784467327462,0,yes
295.9529735349122,337.1404807017126,214.54033956747142,253.20911783084654,1,54.22857985745047,991.0449156376278,17747.343094144297,959.3646795593055,559.9982680951383,371.53750434891333,835.006575494516,11940.128867425981,620.2713766711158,726.0960455374884,0.2765193926739656,9.212558424921134,5.571543577369511,0,yes
228.77340366784537,320.6272726369431,170.78822333043775,284.7292720410662,0,83.60596255890508,791.0274040767993,16367.447590748823,916.0698584507867,620.9492960076759,294.68581383704634,741.4057730486363,14231.441855290392,890.124572178666,613.3848682362087,0.2586611761595163,8.471296869422083,6.541581978003147,0,yes
271.2360037747145,202.53850767623186,320.70890225761,209.17787609089802,4,21.00582747825672,978.4281006472188,17785.969974612497,938.4836132905681,498.56540867127154,449.8812997810102,776.0940851140949,10525.13232796442,853.9992546115392,784.0928938804719,0.23979972449017425,9.22608769445656,5.085507233950858,0,yes
245.49433948034073,175.36680600579334,212.35246415326628,220.39875230853573,4,39.12483431962424,851.5703958496076,16697.118962710367,901.4320414428324,4.518708354629881,952.0485707055274,774.8835504875832,10587.357832183152,872.5486874841555,714.5965320390701,0.20852482579183945,8.647698322358586,5.109214528987811,0,yes
259.306862054848,263.02622290204624,134.38617329111406,265.0538259691143,0,92.43509573360835,671.3299580598498,17116.85075368034,931.4477231700283,125.42640610336676,825.5714392460541,863.2221317388555,14258.36745764464,812.9079215025503,650.4733281670584,0.22937522770666643,8.821659488344899,6.5798903966420745,0,yes
277.5668955772514,215.43948110725688,174.94980263903682,212.91349542180416,0,36.863298232115305,666.0342715606121,19289.509354747457,966.0585237018067,186.4309820944361,726.8421651272097,990.509024327242,14219.87098984438,597.9351054449722,669.6845776357832,0.20334980032467428,9.911589105049035,6.526766813603027,0,yes
282.92246817273195,243.02757185994255,108.17960787567269,291.05122167560353,1,30.083564760766464,890.6640875655241,19855.104736272202,947.7396596270775,939.4975383749318,51.27143051797793,915.9945515670483,12757.058087548969,293.66062877466584,667.3753778442338,0.22048472691797555,10.241863600456826,5.800487630803106,0,yes
285.9307313657453,363.1426376918429,193.01383145448,254.11118220742821,1,68.54628816844347,806.2125956237016,15160.870185101467,929.3268089106122,383.9748590589508,530.9057445040025,872.4929213822674,13322.770475922098,846.8349799025596,740.6961827465781,0.28332524162085326,7.873211597159331,6.229876480586889,0,yes
282.1322222255709,262.8974292727195,361.8393718782124,284.262536164584,4,55.168402045278825,936.8628837180379,16198.166410762082,955.3788730183633,676.9306085976401,283.4988909652569,841.9159638522597,13589.30356559075,617.4190840992707,758.3352862248844,0.292859629186487,8.424964974645997,6.2410876332324685,0,yes
246.01568195807658,181.98003489793405,208.71059532635843,230.1791756304864,4,84.23193167652165,854.1957322992223,15844.75077406006,924.6627614841549,559.9285197268022,377.50700153128184,750.6672911602659,10954.673427473539,103.27173414472384,699.9983357877431,0.218134282947059,8.225278806644365,4.9341851799514815,0,yes
225.55307286959845,144.9928808607128,363.6401773821432,246.00022435107087,4,44.87322257760991,651.2472320830004,18935.72201241448,973.7828514376173,737.657289146743,190.5916610633932,718.2339027752612,11346.160849883663,831.5387809085029,695.6908127402778,0.2299559111670613,9.732528640111175,5.367285906431963,0,yes
271.96635665728496,119.25866948883834,298.7219554235903,231.85702857065837,1,22.72483622335349,824.3741684601891,18608.321035934943,989.7742760813541,497.7669603755486,446.18319705838746,820.179055866887,13694.604057607345,406.4221349283839,640.5782748937118,0.1949347078585335,9.60933239171458,6.172308481007083,0,yes
223.61573626803667,178.26958595041003,210.58682487174966,270.2949041298118,0,46.514760007309654,844.1352124874852,17739.127705506802,960.2858201604911,327.1697975463996,656.0748703067391,846.5047788830645,12234.783931362663,348.4181579918549,643.0835007975809,0.20147651399474809,9.175095998414942,5.581456750672377,0,yes
241.23983783072958,338.5032925606648,391.9643087495775,255.47539855342058,0,32.95482277176863,627.5278869021806,17730.78358952711,974.3239964483773,624.7770768408725,293.5141118200214,935.9310028678217,14380.452109550442,819.2170154507043,756.5753512200811,0.2994038984421984,9.124960463540296,6.6698533848618,0,yes
230.14380602845466,295.76958021949883,210.30936143629893,218.14319511348515,1,89.47368376530038,992.8675629891957,19992.610867877404,999.8057968986323,678.5939947863557,302.9812211415982,789.3665025439533,13364.626578975898,185.4140786236627,708.3846724857813,0.24821612435288104,10.341209141573978,5.953693298202695,0,yes
248.20174744646198,205.11949934752693,295.2084462030583,231.65581016610824,1,77.60988699773453,793.6914979916747,18108.419830569615,957.7042134411794,481.696387405494,455.0909620747074,969.8075046616665,14445.828869876806,863.9386983235661,606.5599308275526,0.2324286481489289,9.348089812044782,6.710229674996623,0,yes
268.01220874455896,201.29534085438175,178.05899204605748,240.7163457783756,4,95.75185024835919,907.9454408515201,17983.365217362953,993.1296771920855,471.76821144429294,457.142723000761,753.557789448042,10351.09888903033,166.8896713210401,635.1338223551561,0.22606858956237735,9.316187090697433,4.709669150836299,0,yes
261.81422275041524,248.513875846644,206.74960960900523,209.2605802964106,1,21.886484345540396,669.0455320064896,19792.557607175593,919.1695387488382,887.7194834602162,22.944499038675417,984.5547274654687,12949.708518991025,456.37468793344135,664.2308977379087,0.22233290915715523,10.157331594066807,5.95862328322227,0,yes
298.81386100764786,164.61365646755405,356.00052524060794,287.8898357173283,0,29.718734325398664,966.9896456071681,15777.844200325699,920.8504299436315,425.1059518486646,483.0667588699676,800.4300249017626,10115.115180894243,589.8715958150284,673.2323122603418,0.23601896085288343,8.216974558246722,4.805377340292619,0,yes
237.71894665796302,137.02389378458037,179.37008837336015,201.55797246402707,0,53.2992209234338,779.3761473837368,19802.42901762654,923.2882065117706,193.8449051819085,776.128545490213,736.9247062284028,14207.162869063548,494.5685455514428,794.914160970924,0.16762187804888948,10.18717984789965,6.4032929362164,0,yes
269.47653912580785,269.8106687714867,280.33022053992545,247.15308022795324,4,92.01013199230653,669.737907627587,19951.17452196415,924.4845271537706,201.09168026463627,788.8374803548169,777.4240577266419,12209.220227859741,680.0851920612724,760.9492418366358,0.27493103695411636,10.237518873987176,5.692749895819655,0,yes
281.1438458161104,140.5355460754721,291.1800911699396,250.6485369986382,4,72.68761021794565,982.5811177179119,19474.951836476568,998.2996078256074,387.4370166808067,587.7077583838582,868.4900049987921,10643.661207441522,658.9238851613195,736.6105864525489,0.22513746187924588,10.07979449796954,5.089207186723656,0,yes
291.3499779886739,371.1521096619994,251.64852546668098,291.4906721923155,0,70.37894797112112,758.3484978385827,17303.97985071336,992.802034701809,609.243916524676,327.91479929409104,701.9422591257413,14856.532458965507,788.1758992480169,777.2279405951108,0.30264890904138236,8.942861481119042,6.759609902927819,0,yes
257.55986790399004,227.6137671439064,319.5921197817298,206.73528483375,0,97.46418226705711,741.5636572800162,15962.784979252132,908.6761547288247,707.2225196909254,255.06300795077436,792.3001017983701,10353.59965709077,144.45121173694346,699.7141820888328,0.24099927566753357,8.256971421890691,4.73026131418023,0,yes
215.96522304214312,332.0573034884907,157.51614267376345,222.76637178561208,4,37.640669406627545,627.9239973156172,16942.33974459343,979.5062521966439,487.3931216951373,435.5551347620244,881.0565524568084,14648.96019435109,670.7446867136141,778.9123028792383,0.25679042073082037,8.731541443564726,6.699531749560048,0,yes
272.22184474225435,204.40739177442904,224.37476418764172,240.97459678522628,4,34.59803704183212,618.5500428091589,15852.18770701292,970.6726198947923,680.3507704895754,260.1603150563109,968.376280504111,11459.403879766849,798.2535933094165,645.5771003745532,0.2294727666150233,8.183203798482259,5.494422046455398,0,yes
244.28468905875437,116.48136355009404,259.23966484164293,287.0436698169643,4,93.87242740608576,781.8740821628595,16097.507265094258,994.470309755312,841.2569728194568,73.17093227182602,939.8340870742759,12966.170051895399,555.0057888208772,799.3693477588237,0.21440711884622912,8.345083923863827,6.0052014909160345,0,yes
218.91691859402368,310.2256689782933,233.9781057606754,287.5870233432751,4,30.48178380900201,705.4467824605449,19616.589292481967,957.0567454585506,180.30842287763332,803.0903185704836,978.2775779740615,11449.428354262265,795.2228321042827,666.4764062951089,0.2757872316612101,10.082537965525683,5.501834482082904,0,yes
218.85641524551772,119.17716395168642,140.1558784014424,288.893253063658,1,68.28330103150785,972.3206248168874,16067.290292903715,967.5052110860125,206.0240192799182,715.4279351175949,809.327237025137,13452.348303808245,189.52573634871177,729.0658259231784,0.1736084691148967,8.36933513186714,5.992873858526427,0,yes
266.3596784321563,340.3049813347262,204.01119421399648,280.52042675205985,0,93.38886586106818,914.8507258052609,15608.377840131307,908.0709805633649,929.164434110085,21.52619863448365,792.9211017073326,14444.851435813085,258.16171557342875,673.268909871815,0.2783173656012371,8.118562344473721,6.407414931817881,0,yes
281.64984013634336,322.9770350083142,171.26432689860178,251.68899591413955,0,85.78310763592124,928.6319680148938,17544.049558215276,957.91624700068,463.6871901939734,529.1683533710312,957.0305904038361,12858.480338594243,246.45802226884433,726.157947601582,0.26004973221285826,9.096375221585731,5.846631963016291,0,yes
218.24961081774347,179.67934487975774,159.65078530289927,245.3406992440375,0,92.35006799073784,656.6318644991153,19705.299523573478,904.2195920173984,280.28565677179205,662.5763837247359,949.6608875385186,13948.03408587214,848.7903116037227,739.9625802502235,0.1919474580706106,10.108944931482274,6.515367450227125,0,yes
287.32120233281387,300.29441328846303,332.57398621543723,271.67164479303545,1,65.79228883271824,920.8882162767579,18635.187032704733,964.4967887527289,410.1948183893976,548.4573170054654,763.4951766208293,14378.814982452615,404.41679571997054,787.5013918414418,0.28943999960610306,9.641084307631658,6.4439680679923,0,yes
269.7013352732014,335.97119777530816,314.28123789693416,273.76302991096605,4,86.76938326854753,829.8252431272933,15766.080771408111,984.0609534500765,139.91998720334456,853.3564386630171,965.6034801286673,12137.607536411038,607.1761672395535,622.9136538760974,0.3128768025811353,8.188642968007692,5.692481713675994,0,yes
235.13889953551728,202.8298797711045,269.74824055034037,298.77702835375663,1,22.381439523815327,961.763309806098,18127.666517022473,994.2831276594306,325.58653820689807,649.3072452265606,953.0571827407463,10719.973732011662,357.22110640838514,627.1737406768821,0.23125187777020725,9.400800753136709,5.018438468736105,0,yes
219.0285121270586,161.78409424988502,348.9533982831514,239.0868687838667,0,32.33505207997817,964.1632346791288,18351.3488365665,921.4837381303977,92.77342300803795,856.6096033943105,879.0295781368068,14200.28022714789,340.61419506719045,759.9011103919197,0.21395263043482388,9.503163557900036,6.388289219222451,0,yes
266.3693111457727,168.47174989289175,356.07248717881515,200.40882380924577,0,70.81640090446155,931.971403324641,18539.61157047772,947.3826871729779,608.995517481597,379.59760265144166,759.9780599022029,11952.149318236206,731.6132545045793,744.7213790168853,0.22113679053428587,9.593469245574482,5.601211423942004,0,yes
204.59523121060153,383.3852849568171,370.02836366076843,260.30448699770363,0,26.045665681524994,720.5542708068537,17897.40863788907,945.9005184627507,351.3131528668454,573.3849763456765,703.4255783785654,13013.741865436694,748.0350522809631,601.8298149322469,0.30843941149900556,9.224740915518206,5.982207454260114,0,yes
240.47418441661057,330.25770973950205,230.04028898265148,266.1799852483009,4,43.48665286525659,909.3014354547297,18536.303533697137,952.5802424313956,491.26937232639835,466.2081475595675,912.0529099555424,14134.62341582315,281.4864655617084,740.2346367111556,0.28308867170231317,9.587361743559203,6.35008508682311,0,yes
209.87594779070673,140.6896884999581,111.495242851812,282.99760678436076,4,77.59991331838269,797.9707197768894,15802.38101813784,936.2574763425416,562.5404561066089,428.11307796238384,820.0442435984073,12708.555230601196,499.123066651799,608.3478260442705,0.18733994508180998,8.193076645826661,5.817151440276547,0,yes
298.0502754872779,205.1030568848404,117.59716137886912,293.5869984050863,0,94.45927020300546,676.7632968015614,19364.168603366707,993.3182476833252,102.09282839737139,814.4270478121495,985.622696530798,10382.079413544385,760.768990522391,701.6729636839365,0.21371559012325694,9.955040559197261,5.059485127669837,0,yes
299.98106441050555,283.3972962407963,233.5904386394289,299.03109460968864,0,21.569272320720316,745.6326689419076,19150.267007947878,923.6629287435953,914.0841612444161,7.579469912334275,824.7142036508003,12759.522785469511,478.54678037660284,602.7974774439019,0.26040247302541814,9.853661255311012,5.820950733769666,0,yes
234.17331612759068,142.30983658359816,359.5599196149413,253.48233173439155,1,54.67270506693157,906.1599259769084,18102.247198719608,998.1492080115898,362.6226310752092,565.5057440953569,958.2309374488038,11617.888428045346,636.1603537426528,706.5547006754393,0.2198837258245747,9.375918781644085,5.4952414987624785,0,yes
208.01052702251192,322.92020249714614,218.58476238232552,200.9896335688886,1,76.70113426316621,605.9626379522003,17540.330391154348,985.7351136366651,913.1015181292184,80.93793424710032,997.081438585474,10131.563551989135,671.7130431960732,788.8008220430678,0.2529000210069556,9.026622304236708,4.950487278512919,0,yes
257.5523053804376,356.6522254358263,327.54063234145565,269.04712724610357,4,50.42094851417555,823.6360129827112,19010.417651488155,920.0938276192284,350.00706456044486,570.1906573118144,885.1865394082809,14261.864704511832,303.4339814095446,681.1109786361192,0.3167508472702415,9.800620573448187,6.386083909038053,0,yes
293.9502830041606,387.4900727189533,163.89915354916724,238.65473848591645,4,26.607367086694047,873.5706714926743,19437.793194419035,987.8069927670758,910.3364300417524,68.44843382159297,958.8923262673752,11873.170932838828,607.6946260412979,622.9608479530784,0.29189471215384627,10.03486891160281,5.582228526037581,0,yes
277.2904989960263,221.91650235314177,266.18725716292226,286.94586144293265,4,47.31132431753294,700.1172773761592,15671.509222953411,928.3840142206863,154.24606556660555,752.2081888245635,856.478885525645,10800.751254826338,228.1066312676125,647.1235014130012,0.2562727431483535,8.104886851534578,4.9536846097394625,0,yes
210.67188705438144,337.92647008282574,344.42212748777325,275.88003512817124,0,93.69993822065156,962.0509234153996,15350.432628227616,986.6891840672001,264.48576149351805,666.7519631815046,784.1243091062503,12976.613553669282,819.0869571340579,792.8012306831597,0.2975216374093137,8.011196907069461,6.054148600242207,0,yes
226.1065758885988,188.14253964090756,391.38762540281897,249.83553311011883,4,36.96587375230355,765.8961681511737,15665.911175569534,928.613921322744,363.9264673264854,611.0063596904947,798.8968762368074,10289.97534916245,214.77567527838505,653.4830658434536,0.25260840105465987,8.116653818845386,4.731245851250884,0,yes
227.99619909275944,281.9437841137991,163.95579501580372,209.64550321462877,0,43.541452167918884,979.8661847176792,16042.761591812714,901.8861855125846,870.3328583941499,52.26917313387196,962.0548800816864,14686.744281291427,692.3203411141534,768.5362181774038,0.2216696401516592,8.349809247228082,6.75424351975552,0,yes
243.83927735342394,243.3187381562687,241.6391453906947,230.9925385496803,4,93.98616478008465,633.3946796755758,19687.21736659678,940.2888124709393,477.49627132122583,510.5506181426185,963.8258977440864,14469.667830102171,114.64131128267914,670.2843908348059,0.25036974122078787,10.099767109805375,6.433061155980042,0,yes
232.95561413837368,295.89795945079885,134.00787351257082,276.78495755016723,1,74.64125969989269,959.6094318735695,19580.67152725568,919.4506762697431,905.3257217886004,27.760801476004417,905.9144685040466,13895.309365660967,287.45485776496037,661.2019275171704,0.2432256095798052,10.116500378648317,6.24050989571364,0,yes
250.89618346563577,107.52118184357288,182.93952662243132,287.4337094535372,0,83.6143979024439,971.636445388544,16131.945803900435,968.6161462773582,375.19964906550825,586.9710727370987,717.9835419739222,10599.936501742759,187.9092045197239,659.8624087303992,0.17918683302529442,8.401658711971367,4.8111932624292635,0,yes
252.73290352098732,272.4235402630927,387.81615841011273,254.93920170259213,4,25.2658874365612,868.2576640171221,15703.034269530875,968.4796837963418,606.887154628991,316.1989804480361,709.2872614860573,11983.790610442411,296.53046184800615,608.4968123715773,0.28852181998514553,8.163615708076847,5.392617975428309,0,yes
262.24619272555805,364.15862967842605,115.21446105849213,240.64375099047692,4,39.254380838630034,890.9215534193073,19434.959424995384,956.5734637724803,382.98856176785665,539.7942820965679,968.0252126305083,11067.076229010818,338.93240291574483,651.8616562096864,0.2707977885585581,10.033064980491334,5.15201545454455,0,yes
228.1565998913157,340.5055933426755,310.7131642613904,286.4343418156519,0,43.378928489867654,954.0585491131862,16499.106659103945,935.0136578574953,492.1958494044701,418.7111937741298,852.8048245111731,14995.711880241104,354.06874131111726,685.123227115776,0.28980343867601494,8.57657517067735,6.686182466377162,0,yes
229.04784404413647,189.04194262833798,294.6903508908373,209.5657586595789,4,54.429202991162036,739.999571974493,15246.12219357359,968.367028026166,578.7365247090975,366.95666623649254,852.4952687254248,12314.20112702099,499.5573310461837,700.1655783372473,0.2281412234421324,7.9064871579219735,5.67839781392419,0,yes
212.61230304786937,398.14131175159963,240.79291185078358,294.1533028152728,1,25.072975158300245,931.5780395899293,17249.438187321437,954.2390524490532,34.448694391553715,915.494434811781,723.4896073625773,14486.020901060412,308.1356536044456,740.6697347340418,0.30015404998859546,8.949235973052462,6.424899027224328,0,yes
219.20709521053524,384.4307153925437,221.07169692904696,292.37078296990103,1,35.00087243188872,680.113107407833,19577.705302034945,926.6654660402556,287.79110069853033,705.3674111281264,891.1369989192181,11384.463404363702,790.2718843658542,609.8381511646357,0.29244930391488416,10.053356550473016,5.432953092499802,0,yes
273.29572197299746,223.3871539080362,215.28911379442894,292.3485289891351,1,99.10902128972266,665.1460712718319,19414.516094553277,994.4317193844106,608.6755079841816,384.8401859154617,876.9067262351338,14223.771646848498,652.4166212197831,675.2349966017133,0.24176881533051786,9.977824307887873,6.516454250408762,0,yes
281.79507438389066,119.37248541350061,266.1873353119266,225.43473925349036,1,38.46129441000702,923.6460647424326,19079.144334804787,918.4828129615821,557.9404107946949,392.7908570731714,818.7650362640703,14066.449179402982,867.2222935884506,707.3899122153648,0.19041104742916645,9.857372575432038,6.514517413328584,0,yes
208.67726449926352,247.1138853496216,304.6406916071731,204.54527144799047,1,38.76851580134026,723.2974965213111,15143.203640555917,993.9725369598475,263.80205464424745,698.424504715131,900.9826416420979,14330.816243738873,343.33129539197694,688.9011892091219,0.23581557380435575,7.854882169263552,6.442739309148046,0,yes
270.7139383382447,138.50662506994627,157.11589212963315,257.66663957532126,1,39.64279905091179,746.7275096397486,16760.888741814564,992.2875775007047,649.6054823418585,308.8513074353539,915.9350118743863,11985.758749367218,630.4168023523912,677.2338454675897,0.18144224987551089,8.66866939200526,5.62347605288918,0,yes
275.54599612829725,296.03633459118066,244.86569192948093,273.3630113081002,4,57.47700101951338,884.5522306841605,16182.233683171742,960.3922776066725,693.1526957685483,304.18776862240816,997.5481604262875,14774.353636128464,378.46643313660724,602.0841073900938,0.27999671462982006,8.405784906327472,6.666321322047202,0,yes
224.89648001753764,366.07864548782896,215.32224980202176,294.31888496438955,1,87.64472489821257,808.1731177992376,18990.48894710136,964.895498199545,50.351866744125914,908.8226904367361,928.7121457763133,13619.992810233918,714.5096145077083,795.5213095172269,0.29168467536543147,9.793349223029303,6.331707891648355,0,yes
237.5199472203015,140.89406287846353,291.3377057411883,201.3968877625759,1,34.83181558500739,886.2894473069949,18706.336934806463,901.8591924146127,103.72519740418517,885.0419062194958,979.0476861248749,11371.871821758526,249.30753227597515,643.1412714830448,0.1931849714213367,9.66020714439233,5.250437445565211,0,yes
275.48584163868406,186.27337880776443,173.75876839567485,248.78329624532918,1,47.16422456231165,932.1071906364182,19349.182599502965,976.7046896281066,842.534589492812,118.8508095664589,939.4108423937579,12894.106826066718,742.656067858956,669.4727869222617,0.203650295404405,10.002328726885986,6.040484686852814,0,yes
233.96729431726962,358.20823293798327,231.90357262789172,233.4329239861958,4,77.5836996868223,713.390005494326,18808.709871387073,978.0880900102982,312.3058974585347,630.9435133452358,979.9365256032006,12128.788159981905,251.52953557138719,669.5337712879142,0.29155623934459146,9.683250289464517,5.5516290366549335,0,yes
201.5074920643641,113.80408078769946,256.84778192507144,244.513638745414,0,76.90095136290395,911.6046854681924,19641.241921008386,940.0430086342736,911.537132181501,41.34703672741125,882.8039534566915,11909.482779876156,156.95904679287773,634.2949754165032,0.18081551501607124,10.138631692289493,5.3839311398113505,0,yes
289.2794850682715,328.48106814563727,267.3484790386858,287.62757243815406,0,72.207494746186,691.1474765386087,19173.045476057745,904.4173288525624,295.0397717493565,669.965156612184,779.6477947038302,14536.649640563577,286.81428793842764,729.0004679386365,0.2879153982740131,9.850407829992609,6.459612698983905,0,yes
202.37144027539898,235.3583556669711,143.41744593208452,256.342035051813,1,45.62049676874091,838.5834148012664,19095.941881540486,914.0779815338128,680.7789203242479,274.8421290583874,882.1384755552592,12089.172430169721,457.34239771603615,763.395528631245,0.20929353625240701,9.845914414668547,5.593104694128627,0,yes
254.8506785911003,260.1351060636548,242.90637878611554,280.4395769342866,1,56.735118602015746,717.5996090976047,19527.821137580384,973.3514831337229,59.25365497201858,871.004202094596,943.5704152281573,10098.432296030507,669.1926018447933,679.0352405115278,0.25194762050738617,10.043078824098725,4.891472142928597,0,yes
247.63750481565762,160.9967065591656,329.77376815229616,295.06124861112824,4,39.964945964082844,982.4944772619681,16567.99517099311,916.650574842781,35.80458003938325,925.4130912156891,991.9863507298907,11159.195953141952,425.5793962052176,615.765194050518,0.24157007447097625,8.615047689362038,5.233664740073371,0,yes
268.2844985072476,274.6745852012484,312.15069587269795,258.1449632098718,1,75.41163763125493,770.0369726309673,19349.50224048814,934.4425924202878,856.8991525849076,69.59080287653626,701.6536788224771,13670.09008606866,514.6845271987968,650.7320651716319,0.2712009286734229,9.96016805164526,6.157332652160264,0,yes
226.3260056904781,182.2963301138907,309.1276553385289,214.31781494664713,1,46.31222172558076,818.0369076243875,16902.665229478946,970.8354086686097,163.84372334701013,763.0650562522252,987.9202479944577,10373.551180288441,342.80656916679976,768.6824323543178,0.21591679227195743,8.752464054239947,4.900115985377262,0,yes
242.5293627130275,201.537151896774,381.0040479080379,205.3018951825534,0,65.03063851673579,652.7225156780811,19452.55280099733,910.0765754561396,438.8684433804415,464.15715383106306,798.4728647339407,13996.501623167147,301.1407507824523,729.5363369115398,0.23658543022768136,9.982516342715565,6.248385151597623,0,yes
214.5216116967348,154.45950770492993,270.1197201545306,248.93296580619213,0,95.01359772670635,896.5178608261708,17240.43020558396,964.599799220986,325.48243084142337,595.0267672960053,729.590699473535,12133.197985131872,297.967978130427,791.2938765147977,0.20453611675901606,8.938176292288885,5.484850678185856,0,yes
237.33885022981661,188.0526094390723,182.84386275016297,260.32885749543254,4,58.22197641607164,826.7884955880276,18314.636426461184,954.0771005790075,457.62348543623665,491.4183849791662,912.8155388692561,14506.776729706384,235.45913910586665,770.6820629263826,0.2170530665990705,9.4580997745058,6.48372946730245,0,yes
240.16580884124116,321.24175627317845,313.3552290884285,214.30279323941994,0,88.04487413918567,771.4969616311628,16628.55078235465,970.5936838825036,555.3859857176996,426.1896445371731,707.511897557542,13788.739093680722,221.27526326316155,659.706139071055,0.2753327003026716,8.60499207852966,6.098532295864377,0,yes
231.40806450536013,209.3245314350823,287.3237785604973,231.26361586109851,1,97.22619992352372,933.8438757785113,16820.98216784229,985.5418107010008,726.9068421221826,250.13122393343338,754.0257976518465,11828.143774689128,614.2964646795201,636.4359400261816,0.2327998305868584,8.73984844100564,5.486431552004874,0,yes
277.1371095338092,273.9646339481927,391.06607720105563,225.52685933010451,0,27.456742972711545,721.3601619694685,16471.977308051217,916.9535788210767,792.355430752693,183.09153740420936,705.3522941517587,10557.403724114925,747.8781580327477,752.6495309667838,0.27126918439783043,8.508235237523001,5.027202562197716,0,yes
208.76424593835995,348.8058716605643,253.53305262781663,273.81522848639776,1,79.79614243608228,743.2378665667945,16742.93358109683,990.4738013078505,324.6856119953275,581.1559730357867,969.1554291832852,11875.666556672933,866.4587998781615,771.5447340427363,0.28529335327436406,8.658667851874306,5.700419165298792,0,yes
261.8678204150807,221.344805994092,255.39471682876615,254.04775697503015,1,30.281252759307176,630.3534017463517,18380.636181183174,926.8599029511662,673.5206810371538,285.36958019954136,825.9369608777599,10772.318209079962,529.7062733438627,696.3833873514827,0.23121350822204098,9.443972339131385,5.064398145827501,0,yes
285.2093308543242,154.85202730497352,187.060044590241,241.6718048392426,0,51.434592643576515,617.6339808346772,16654.297362212892,972.00683240801,63.53208234094354,896.7460918819073,815.1160324068453,10948.046849844377,404.6793057135005,610.3582743297802,0.1900878889576082,8.584243644247994,5.06926213629558,0,yes
292.01736340237755,189.84019263291356,383.86293185421613,278.91219666399223,0,41.306726904944064,944.1609057284929,16704.842861634974,998.0909801368649,248.29735597136235,680.4102633598872,735.5336325160889,12741.661677718097,857.3212595236314,651.7832596826008,0.2504814296029399,8.6858796612507,5.937009501165223,0,yes
270.46449829402945,180.47507941891405,315.8514204236455,227.974189935887,0,28.52167387911237,873.1373660122022,18648.936018240485,990.7426757621495,487.7734790985222,480.3414404058118,948.4403332213424,14988.480918663663,630.2352633438403,726.4642158492087,0.2186089907157001,9.640749351002777,6.8453238287698355,0,yes
291.77991707368056,153.14772921120488,285.6712845470401,226.7820048873238,4,52.25162212057471,822.4801369373897,18202.902612837595,923.2972104919079,770.4814040826927,144.03993769132762,948.7064780385601,12862.226398027213,335.48644876472633,622.4837132502621,0.22308566023902135,9.397042313426901,5.855996224090909,0,yes
294.24740016114305,310.5371237047538,370.7116217953889,215.86971371950426,4,58.79103085808626,830.9722096516587,17633.958156735516,932.7707618798238,331.3152338193175,597.3925107066298,964.7488769428037,13826.390913159763,620.1641664509385,600.2104278664029,0.3020017594275413,9.115771946862312,6.360986213300584,0,yes
230.99060661155903,355.55428256693676,190.5190269301034,295.43476433306824,0,91.58998598852098,734.5994705514127,15869.090980023277,974.5310926375488,651.6528726393055,267.2458194338169,984.5851762404727,13216.051862689823,125.00875505045678,692.9067213015214,0.2800033822480968,8.217629112202976,5.937524027495,0,yes
275.1519918392063,136.7941850676869,102.87467854345637,252.21074222721222,4,23.80642727335153,909.9471587200943,15550.63500622472,997.0210842409564,217.31422558950868,714.2169552104492,822.2899845906248,11228.543881237669,597.2908226951058,656.8280007431296,0.17938941553195062,8.10081745001515,5.263501175816016,0,yes
252.88844612215263,236.46396748738658,379.183929326532,266.9791258050659,4,33.99539156818631,617.5275347652773,18751.694299707746,935.0884119690617,959.403651452704,2.986357387316616,952.8791597718778,12500.980548782663,596.1751089432205,673.3632199458444,0.2759362773465736,9.627837013520274,5.83067893014868,0,yes
261.15423658206316,328.3424904571051,223.6804966701875,277.6070863710786,4,47.11275255222268,867.2668624688351,16645.450403347677,989.0458636199824,374.3711289850683,526.4831894890663,958.889289452783,13301.173260914788,384.8212143822167,777.4461792507012,0.2864067504861587,8.637445100729462,6.073967618044502,0,yes
213.04025270961665,351.07922855672524,231.3650269733447,207.94936338656623,1,60.8829852661401,923.8409811447195,15234.122832174737,983.9889664729076,126.3201893358131,869.349067026534,982.7492455501035,12270.936447867023,459.31773710885733,730.1069490883676,0.26675775726513057,7.943919669879605,5.707959355146563,0,yes
280.7118898484199,259.7995180843807,254.538689803548,288.91862198766864,1,90.14778889140624,975.3104545089695,16437.598597680397,957.8788988604306,733.4569963248802,243.05993420598656,815.9286496879298,11918.686322553363,246.74267647774232,758.0085777009417,0.26330963359080417,8.553850499777717,5.416352711882709,0,yes
230.18745961141414,234.0744012209084,306.6856965911963,243.57808360424866,1,51.35109109956645,688.2354018461008,19824.78026094,953.1705204580333,734.8911602155575,252.77483790212273,975.3795223741222,11225.198579620408,833.3490186950212,788.3853727375347,0.2431127833368516,10.182315156171907,5.44297554341809,0,yes
246.8159411825438,176.31799793887905,270.0594593898352,218.01727658770687,0,32.87674619316334,843.3402430182656,19066.30294337116,919.3815379995328,736.5735402325721,191.36160097770073,713.684353210638,13074.376533312172,225.69358872321246,607.4289009210578,0.20335222238672582,9.832889071767434,5.802801124259025,0,yes
236.85396081302127,376.5700020725053,241.214608701338,227.1272963201857,0,90.75079201396288,671.1403200344159,16326.929004250773,988.0009826318711,110.75261205475879,834.9745225140682,728.8524559817927,12044.50800311949,777.3419476369443,747.8214529861687,0.2855225546484358,8.434451343663014,5.638491518694724,0,yes
227.76062518346538,191.84250461889363,392.65533575092854,297.82516836009336,1,75.6330750842388,624.3083097072583,15801.570170732173,934.7045296634902,619.0265939355209,296.17174514153305,791.3804102503598,12166.90500036523,139.52643907560162,789.3588929687398,0.2570094142232307,8.15419789867911,5.458687866821625,0,yes
215.63295699031593,286.1304488632974,152.0824368712788,223.6322673900757,1,21.535416134007235,659.2095903058612,16351.639253155216,941.1027413751698,862.0454427077213,69.29989043818625,739.3524619234323,11902.829187416992,329.2916045803693,623.5717113387412,0.22344014554787203,8.437725678697682,5.388462259521696,0,yes
222.2267637773557,102.05623441272597,111.21631698073207,272.5840047809962,0,51.85411432624322,902.7899659549329,19600.102153178286,908.9081284750118,768.0156051971557,163.4219683825711,791.4042731967637,10664.785726416665,567.1152076634959,799.0678473103487,0.15207061305903963,10.111795107612084,5.032406999624913,0,yes
274.56479993451273,196.82330022934195,344.30517080313416,212.78428214118608,0,74.28829153837853,634.69704981134,17332.130298142405,940.5794121001237,813.6668769411067,90.08584416429187,909.8920281016086,11776.408551250639,668.6594384205493,682.5849478684768,0.234072904056731,8.92254735936929,5.545821903777418,0,yes
295.63139042403253,205.6956878918328,135.4905138077575,210.41703124014794,0,98.88805922630507,779.279189269344,17678.341975185882,911.2728498978728,485.5934106749378,477.6522896209824,837.0639690131629,13182.482071555958,746.0743651610697,717.793024276618,0.20114774643911254,9.12347218598914,6.122889821384731,0,yes
278.69509113354957,227.12979579414485,393.5931667994871,257.0305785320642,0,54.7182274812084,963.1779522776455,19636.135838707374,911.5014090651133,655.4677449096633,290.4943872000151,757.3690652795794,14463.183173852969,512.6385804916034,640.4778191998141,0.2629650636965755,10.14396613026746,6.49736605250609,0,yes
202.40772243573193,292.95138199272424,373.16036089022,297.4212446438477,1,87.76153631234322,955.0357865137013,19390.914199295523,950.32714949708,623.9637562220846,283.68392357146774,839.702970372528,14753.011898016095,204.433185139151,752.5440251127162,0.2917977515070985,10.024806691543368,6.532482533436537,0,yes
248.31283324956817,269.99457988652796,268.0439818881432,277.4041866552785,1,79.21786177730995,868.7275256242349,16268.85870501865,970.4796627072196,354.63535767381006,584.6866925983371,721.4315664554464,14048.775499999834,530.3126862307661,713.132681897062,0.2623116942591308,8.446910198780774,6.33294161253787,0,yes
260.34226068934277,384.3370193536221,186.81472288344216,275.86729782029846,4,27.718463582481316,705.3365424368752,17341.12410699327,921.995148114395,653.4467951998905,274.5037553090706,884.1791281595242,11067.380251500175,246.00039169557758,614.5785293588929,0.2985432233691241,8.939967785418519,5.07725773718888,0,yes
261.41283710322443,126.74285520616561,161.44834267747046,219.46020328854127,0,77.00151397289846,836.2153102386894,19623.306198390605,961.0629649558509,293.19410415993053,652.9908271098727,869.8237949790365,11088.136499811895,729.2158272305121,744.1374750049926,0.16948119373131434,10.115512476913988,5.292654599437251,0,yes
282.4632059725275,154.86301127542717,242.88920363886425,218.26258694393624,4,64.19856197134393,917.4367568422235,19601.49820268621,935.814517156374,332.60293863014533,589.3855132606524,909.6691250064362,10423.0979366071,607.7768077072483,631.8969893776903,0.21383292316529096,10.11950763278586,4.975897070403691,0,yes
289.35597468512583,344.4403230783517,191.43578423335808,281.0838631412347,4,45.297332180609125,714.3141316336265,15240.757028558559,969.2245762691414,434.00565242690703,560.0068983033091,828.7353008516956,12617.149463227213,473.5093383274007,797.6979472939342,0.29043470798536164,7.898252586853748,5.799288434110905,0,yes
230.6500275614528,119.26012227729294,301.2335139379335,252.47462378673336,4,44.48763136905609,845.1294244860844,15950.916202216813,995.8884292754898,670.387578207006,268.08896105859674,916.6217134017037,11000.533966419616,529.6745078594316,671.1207291759424,0.209071693310825,8.286138382247799,5.185812569864193,0,yes
221.27286961797932,263.7022489115984,186.37007215170678,289.17344053030655,0,87.24186599006637,984.6003178326919,17401.641292387318,907.6497424107331,802.0400350348743,131.40862794964653,826.3627162801725,10962.856552989982,861.2373472906374,631.0267322241216,0.23940632903222894,9.031127446619166,5.261318131866869,0,yes
299.90179477066096,299.89802596320294,372.0498622678048,272.1097203982254,1,70.89200609839293,982.3787463247534,16989.02563777336,907.2728007814748,172.64812370972356,737.5277863269084,889.5179633175951,12415.925262211742,214.9397706949812,731.7849446447924,0.2994998337597229,8.824255492422825,5.619365806918789,0,yes
207.03781459336986,115.65488622050091,155.18432611244125,245.45461642667252,1,61.734599881509055,906.1273541591092,15034.916531143308,970.5082380033699,514.5256992505019,405.8971983342226,994.0872844855871,14878.402733078623,798.2273946223418,661.4780703449534,0.16420240486403734,7.838418004008205,6.871627364361855,0,yes
236.35260666768664,380.25742313576535,311.2337385019184,262.7405995289134,1,99.38071168687068,944.0606934223363,15837.153345148576,966.2598254293746,419.05647727041895,527.7731308381663,887.2364416052901,10327.314751049542,255.8300078083895,619.2140134441257,0.3131460945153288,8.247605502770242,4.789581935155527,0,yes
208.71134301819404,115.90676805546362,307.3586250172548,242.44841750113585,4,39.04748583393808,776.566328200491,16775.67897506908,949.5855497607765,687.6886457870968,251.71568471267017,831.0262211877671,10661.267184291202,485.2618121287934,688.6336688793266,0.20349630531991195,8.67678774323298,5.000534215959727,0,yes
268.65228447203157,268.26867338422585,275.4966109047038,231.5749815392129,4,73.82097683753953,609.7445284194308,18247.48198669476,952.815860792991,643.7715740350251,340.8752696606065,882.833304534091,11529.317536857021,239.16477307225898,797.50163244393,0.26784030008745885,9.376474374439976,5.29073238595375,0,yes
223.36193742459793,358.67968647385163,311.36537828732355,273.063008644391,4,80.01156493469009,981.494970868228,16733.068276488804,917.0977196589672,25.991804261359604,880.1249420040647,758.1171942452863,13241.80107368036,628.3513960787886,706.2492798071094,0.314528869447242,8.697414769258904,6.058588107815907,0,yes
264.3838764689074,373.35622520380974,227.68490687421843,276.4185414573313,1,86.97658751018444,811.2632161380704,18400.552474751825,932.4945301586195,428.6924829086952,533.4016973252761,886.673754497172,12422.868307392362,778.3029416224629,701.6121003570256,0.2983957702197902,9.494616029493717,5.849482982869986,0,yes
212.1688356173136,389.2905222506428,147.41852233660038,287.9590835982607,4,52.58263991820063,865.2158508976213,18446.814395434634,984.1640422398262,787.4908602327864,122.29909262123033,717.017147649197,12277.616283431355,528.3202076765986,694.7796039762904,0.29210153821970053,9.536987687174225,5.615449530389124,0,yes
261.636319718503,356.975681479706,187.89654749611975,226.83131799823403,4,78.23845267405187,731.105557788828,16791.93833372127,952.5408746114414,841.2319781453897,102.78937906741999,776.2850653664287,10442.042836393382,569.5704953506863,787.2883310364912,0.2845219929986841,8.675247918735419,4.938395074862608,0,yes
278.238648992746,197.18845161593003,112.8729683523986,259.6252487319189,1,28.51916302888961,973.8238796047492,15345.416157810327,989.9154075796547,503.29714087191917,406.3059156828318,999.7119341115215,12120.37253739997,368.1939069980667,615.2172631225803,0.19601276791437114,8.011844386970273,5.591119607697819,0,yes
297.371839379431,294.0075563418436,321.52912957968067,217.57962325595395,4,41.507320173908795,753.1091393130341,17705.29666807963,902.9633094991689,186.62720766621104,789.3567321223832,762.8383169843214,12648.812742404178,864.3364758002364,794.4690486885802,0.28411897536427033,9.130004374463203,5.938996443025097,0,yes
215.89173462634398,300.04502311104807,134.5682042669518,253.20919667850123,0,51.52728706906078,952.6475871173835,18637.178325787136,906.8210411579329,270.8798282262713,676.2998016624865,713.6371996761069,14865.74067940544,258.67115394376856,724.8091018146791,0.23122059742433196,9.641430583883823,6.5505775698181345,0,yes
270.77270646725367,337.6745368855368,298.7659467815199,268.4896190483122,4,72.48398270123971,794.1863906020963,16424.090934542568,957.793374054266,457.9540078875863,531.3425637415129,921.242210837356,14437.118718118298,501.56639543935364,755.3548442761175,0.3077397221325988,8.506048022670633,6.569196880705766,0,yes
297.61454124579234,356.06818104801766,166.48664787517262,285.5720004837151,0,30.156986572689704,925.9001889224537,16183.941156882509,928.900331673293,774.18152875222,179.3109353736005,878.3132299069221,12497.478801832644,457.5116584092317,690.6690766918365,0.2741374638703053,8.411711131733252,5.745038370216862,0,yes
292.9297378217548,202.07380467475508,165.16083394343855,277.2488721492651,4,93.66721048721648,921.8175745037847,19146.671293423446,992.6874230005149,678.6551198063972,227.0980425446329,964.4950056326941,13704.289629402454,650.0548104310282,673.5452186799864,0.2340003353578367,9.900938029671567,6.330457398408734,0,yes
268.3153262738218,156.42649106121567,359.61358519258226,258.98309830516024,1,38.43317794769987,868.339047045545,17823.290165793383,919.7113836398255,138.1476477401949,783.5239858709554,925.0077996731654,13060.24891997681,784.7250283691059,615.3503511910834,0.2289174085281007,9.21706108122331,6.1054676580386555,0,yes
241.08609167933693,237.96245531513657,103.7695595596523,226.67110412393373,4,23.82250378592768,690.7899924594088,19090.07153945822,973.7806194889779,344.53811913526897,596.5262596079071,832.5782108530351,11143.352863885448,254.53637714424397,606.9814032556368,0.21062063005948062,9.81836426250515,5.091228646976246,0,yes
247.09368753181434,243.8516929020043,152.58691118104315,211.3178625165776,4,65.48774421423835,927.9198418355529,16481.969073791268,974.5602334964472,844.3584683482477,79.87254946686858,947.4586532153675,10974.399991833217,580.6917469963646,738.2029462175605,0.22566545472991842,8.567469156013026,5.215005237301943,0,yes
298.6917634279995,365.44494990700866,174.4996578414077,289.1025060353331,0,58.61449531630754,905.597636880006,16169.832393335757,993.906190989948,419.270075609892,553.4768632084492,719.1693586427181,10321.392249077513,539.6770305306406,748.3689562257897,0.28391023217422284,8.408994528476207,4.854102221204825,0,yes
284.3902365404695,384.0346608568197,277.1517809299621,201.51527237911762,1,98.33351509217282,809.524914750499,17222.754284712777,987.3285494483138,175.34289969303995,823.3071617523304,991.4816820816122,14127.445886235431,409.4105384119364,635.2401717438156,0.3015410865370714,8.912885789044786,6.422019140029163,0,yes
211.35675570429117,241.66526418955462,289.9344073812923,274.8895799195533,1,30.198930251702805,995.484781786661,18530.26312702658,928.0627040840651,395.8200764793197,516.4569327205096,922.6881417166601,14145.357707034498,182.23324487046744,641.8398881480915,0.2440249021300473,9.600744453490744,6.2997644349852235,0,yes
200.62583971747875,315.70828670577936,250.4385431596005,270.9524849745656,4,87.50358977344581,717.2816683508374,16469.032336621036,980.0894042448842,278.8460443614049,627.9840369317074,911.1492236807911,11344.919401913854,851.6834390707038,779.6658245920579,0.28280514096630316,8.514546052531399,5.46022613535219,0,yes
271.09748421008726,397.02577501718827,154.3037874982584,279.8648038779962,0,77.96213706603557,889.1571784224178,18413.90931592405,956.2816053700395,406.3303919105453,561.1737041585895,911.5998363065233,13789.44048481782,302.0800082424473,639.0761787016583,0.2895927223355515,9.522099732121642,6.20812154201002,0,yes
211.83702097290563,175.39359165969145,215.38808948671578,274.90451210988465,1,63.03783959314043,754.6889632081451,15667.904409291614,973.5770392948416,322.6712086486816,666.8895380716126,918.6310399984441,14003.428146311751,214.39358526486404,614.7153664175011,0.20679815632493537,8.121350453788677,6.261322460937691,0,yes
285.37177248861457,340.1575383212408,349.81005884026524,211.7749108322111,4,76.01395772463432,836.9229592948286,15037.592063093229,949.2539655774849,145.92358999247816,832.9127347303973,796.5192756557044,14504.704807823004,866.653101336575,732.2204270674888,0.30989128301596924,7.821188310528459,6.687856389665497,0,yes
208.36958010481348,170.23510355431452,244.93018119107472,270.8544414326874,1,91.33647468225817,974.1511165894881,16125.734144950331,971.4752786855353,932.7743876960827,32.678260408646906,933.4413800511667,12271.210782729991,270.1438959813039,716.0474324694947,0.21295375657613141,8.39952682653448,5.606633640959933,0,yes
292.63207198378774,367.10903332685075,227.63052899389146,260.61975333667124,4,50.6489264607788,761.802750598241,19921.08113125547,981.0253184792687,739.8982864875155,180.40296862297828,884.0186778990468,10475.90301466284,346.93502155125157,662.7977920999602,0.30373611961067415,10.250546637695706,4.8862396758306526,0,yes
268.5618365691023,336.72481905145776,224.69965850856266,246.81983280147634,0,72.66564490419043,640.3851423838456,18342.186664486475,911.5348727599093,594.3365534250632,350.85628774690485,753.3155905546898,14566.28651307859,805.9461255309213,708.6731765930707,0.27195563059636846,9.424838844427853,6.663170061524254,0,yes
224.07249216868038,314.3877471265132,132.40915227448122,275.3025556519402,0,61.99978096579368,919.240110149776,16810.06664694444,990.8839517005418,313.7276860570592,668.6903485460068,712.207643717815,13019.103920846643,529.116890580056,756.6404557771142,0.24329393112640268,8.731797956004028,5.928615450880888,0,yes
232.76323891345675,157.232454313188,214.62065500728758,267.36806108047944,4,63.03146153669892,756.8661507633417,18788.273557114237,959.0576447113166,815.9891235238019,124.6510523018245,736.5645141636535,13928.438601009486,453.5127549213857,764.5749112159918,0.21251466571962033,9.680014107718842,6.267146820222052,0,yes
290.3219576450267,296.060321470653,121.86577000899811,285.78118253141565,4,25.857903961050795,614.5021479052446,19090.910776462875,988.9419706700875,313.29608235172657,664.3568131997121,760.0733972734088,12086.84537243911,667.6248074575833,626.9052110504762,0.2557874260249758,9.804212773956046,5.612501498245782,0,yes
241.09851760315962,247.99364358882866,223.20946559975246,227.2941389971428,0,52.42162555621091,831.7655548510785,18952.263005386925,947.3780475805222,183.08976769576833,810.8925633885106,785.0129670356275,12092.904142480835,743.5584054830407,750.255754173202,0.226241675389021,9.777107906181008,5.673788055448356,0,yes
283.6040254541596,204.24167037992763,313.90148919731246,226.4882821686982,0,69.08370658147294,893.8133201934304,18022.66139531434,988.0906295602445,420.73485193685116,538.7454407222351,763.539824595076,10631.50373103407,307.64908177634646,770.8373719811099,0.23419063667128953,9.331926263629581,4.904243730376892,0,yes
268.0049510233838,251.4874203062522,395.4437367234822,226.61953195829003,1,70.83440887427436,659.7965966769594,17211.637430982726,910.1179089590316,153.76391851937117,842.7427529295018,712.492146283635,11399.923221120967,184.28442115717792,793.575704367848,0.2716687099100877,8.863610698694423,5.150005104784643,0,yes
240.3439268071516,260.3848175126109,325.81262053521573,231.9189101078445,0,33.84157235520944,665.2874833757494,18458.108762647644,958.6817369163539,74.4244983784337,840.7972635189037,795.5964040899833,11598.465803946658,177.2656987671999,751.3275399886614,0.2502130873774735,9.494708183436131,5.243027043832353,0,yes
214.4420468150377,119.66666982702814,241.85907271622764,286.91945973951334,1,21.396999902065403,924.7647717831285,16694.365946245653,912.5473855076253,449.7759024338203,471.94812444125296,873.6183848532348,12927.509580896076,828.2876316682385,663.9096986603822,0.18729966561872913,8.664427461574373,6.055603839970991,0,yes
234.55062548737402,357.7587781600997,335.2735632214951,248.3072464159129,4,75.61753531356133,760.7388578363016,15955.561107154184,981.1429528013946,507.77221243914767,419.7762393149196,881.5709695340257,11175.320795610249,852.757108030471,737.5486056295498,0.3148518034073299,8.26756683802521,5.378212063553456,0,yes
252.76755523944598,365.7577571724061,301.68825960102674,244.9686366419439,0,61.70280785657924,924.463938265902,18052.631655940204,962.1301644335347,344.64997363844975,619.687512526754,757.2095120145224,13934.427326388619,724.6111947427553,734.9012677935615,0.29521989912177504,9.350295751211762,6.385557299100588,0,yes
220.3162813543326,266.5121905666616,156.86313991490331,214.05481685043026,1,66.69387525060505,615.5770870830313,15092.122210812038,916.0533274886894,491.9669689937252,492.7449668825736,836.685687609401,12544.476213144819,738.4905223176379,627.6033366523345,0.22090074987381797,7.795020502071839,5.855613255501617,0,yes
271.31313146280854,353.68485088142035,311.18145823162934,237.85311252180563,0,79.79963064400206,815.5292833376482,17336.45222673952,973.7875234737108,91.64405153226458,830.6048784178869,798.0350388910375,14634.049301782547,487.8541244328308,662.4514675424621,0.2954878933847096,8.969204060564689,6.571693370245272,0,yes
262.8457542157585,137.50048773106906,276.92704204907204,283.75298432335455,4,49.54953294901935,833.259475200593,15097.614839058768,935.5564633588156,222.62567926859592,763.1664408742754,821.8567574354954,14988.293626577464,878.5731040963913,635.0960263742991,0.22246873253578717,7.848495651909227,6.884370898965658,0,yes
252.93995869173958,257.76031393646093,323.69575127387895,201.45405257441865,1,59.597378135882686,802.0483844575817,17950.15500120579,924.8999375611852,592.7498234472824,399.7734917989583,751.9860891134488,12889.957474109673,256.62170933361347,628.1939427311733,0.2514766333023766,9.266317445059816,5.768338312569441,0,yes
251.52658982403725,247.45943986295745,258.7943252196402,292.82437799032834,1,52.139215665152314,725.4312393196059,19822.931483651126,975.9433224574018,217.65864255409323,695.7233269544154,713.5079771180535,10240.145214879984,132.057805861845,686.8153313995913,0.2515338249003838,10.192719750984057,4.639993525601433,0,yes
265.5466283882885,360.8897558828322,310.12650013526013,254.2180892201194,0,88.72278332638912,787.1122899275783,17256.262694245073,957.0007110482162,958.3302462178647,21.435161630975813,777.846328727058,14580.550533988608,600.9237936550196,742.0992207829383,0.30182414423023624,8.920447806226113,6.6058727587713655,0,yes
294.9602501181365,103.62479858704819,263.641442380376,207.9748523686694,1,84.66915185163239,630.8675356601134,17866.591391118,996.7410534971295,522.8560522020475,384.0370263668651,853.942947293059,14101.366551710136,214.76010738872606,729.1212199643192,0.1875877828045036,9.196697189121707,6.278439398435405,0,yes
242.9114695989302,113.54514235038815,388.09105758144943,288.5651392368628,1,91.60814929811112,885.0329151651266,16252.560111914087,998.658436781646,178.58394018745176,815.3035111836817,878.8179820254804,11330.980653720066,716.7925443953994,780.4071972911192,0.2268488450874667,8.446351473720974,5.3998378970191006,0,yes
205.7918577442907,299.4336115076011,326.53959797939297,255.6828982215739,0,31.604024292525786,635.9719242650287,18720.04365561978,953.5999111511775,788.605872848985,194.3031451637471,719.335160515106,10345.166316116523,885.9704157431166,769.0300256403302,0.26608621177060837,9.618572029629817,5.0063506782958065,0,yes
297.1321602087513,396.375495754264,109.2133860340927,234.21873372016296,4,78.41251714242604,871.2085911162602,18922.817085134797,951.3674920815181,241.58553538397,677.3132681489433,950.4830081401201,14749.076548458843,838.1477970228822,631.9240974891602,0.290539783170437,9.77181524461205,6.814343387573363,0,yes
240.83806769793284,172.85652427497172,336.29207724746084,276.3909401453765,0,69.93379408965461,673.8659408275709,18991.72211884534,918.8388934870962,755.9000298601107,227.1347956470654,818.719399965692,13732.0814488192,469.8120224297366,716.9414003351455,0.23079125549508198,9.757924509600413,6.227508666696011,0,yes
227.36102116820967,343.6027940530717,211.44418250827056,204.04927951407942,0,48.9344970679016,797.9675944802098,16699.223537835307,972.5051469813804,456.2140945790829,488.3620193600556,710.8894396066897,10186.84417508351,398.74732169633427,657.1489407653671,0.25530930150425074,8.64648762708905,4.724676085147125,0,yes
241.9473681153836,245.09131954333225,310.4590902578338,280.57146586858653,0,55.4072750691206,921.8570659340588,19485.994853412776,924.7071133666377,906.4963958848126,32.7162999174551,715.3896362524567,12291.534373225437,143.2393285843295,653.6082153267441,0.2536687177371921,10.061241389632125,5.464948071763235,0,yes
221.6113677507757,169.81117186132974,145.76134171396626,219.7936719656747,0,56.73177632710071,929.4514988973892,18577.911811393646,934.0527732225695,885.425814777794,63.87173823563944,888.0414250852225,12419.10188471339,195.79647453157492,719.8813715850017,0.1760589399335921,9.61021342188442,5.616172852034558,0,yes
253.89107811298265,102.0967936488302,109.36293188399338,264.57872724500146,0,43.558857154906214,824.8999857059124,16109.910574031679,917.4145698360757,881.0371795067219,28.56502178578478,891.2676301547729,11384.7879791749,757.3465336611116,771.7551823629681,0.15307388466745964,8.350283967187456,5.429808958177532,0,yes
238.71721672557345,208.61567376342146,143.94495883312123,264.28341869945734,1,20.20124454643571,841.6881522143821,17498.830684598295,916.1821035942704,455.2534984374896,504.377276514918,956.0549845942488,10714.628565600528,477.51713747573285,683.4109906959936,0.20168499859550426,9.048344088927223,5.070886686965375,0,yes
256.22299251267737,387.7464050631181,136.36097439526327,284.0859986513528,1,80.24917572983684,672.4021290272362,18019.48442054243,940.6037771272631,256.77092682060356,659.5469137972915,875.4000557808832,10513.684470754099,270.6100434260446,742.6682310792917,0.28554215537305294,9.274467293757004,4.87737314591854,0,yes
282.3964431325671,323.5669379912283,267.18757175897156,270.9456402231449,0,44.28080289242645,744.8209544680108,15005.467710209125,981.1789809072877,657.5379415318253,313.1940669755735,878.9421187857245,14012.883799225543,438.12596029454227,674.9672315832265,0.2781986475786994,7.788997642558594,6.344007852911494,0,yes
226.4861741870891,252.45704074186153,197.63824304407612,261.074427454796,4,75.46150172467179,608.3266458346643,18621.322696601197,927.3198897199628,537.6506079994384,431.68761859339156,749.910785723265,13274.910129854157,589.4807850503389,780.7087459295519,0.24671911886964365,9.559586146997006,6.07156437075191,0,yes
263.3000583090013,253.64012749028,169.84181187532272,239.47478067733695,0,29.971783243888936,991.6140491147335,18869.59027754932,974.0282676507743,618.5097485491187,368.1435215552724,795.7459687442004,12028.061161054355,406.82011838709417,746.3033043732061,0.22024877869170642,9.775837230547326,5.515907348303229,0,yes
222.94898040764528,283.4242028817001,357.68558923130377,277.3118674815278,1,87.17470766274538,624.521187516362,19060.810999922443,954.0923254680774,47.55185480910255,860.2634106685935,882.6053000964101,13251.66114718749,898.1291918608164,659.7884601211948,0.28338910890005403,9.786528716194885,6.214354396419917,0,yes
211.02037644744564,176.2846661491268,327.7636523477718,210.90810817086748,4,30.237468839010397,907.0176298618528,17064.59875429448,962.2331806458463,671.121853442931,304.17466944644195,966.6524704658186,10719.192418544677,502.33488189279205,746.9902269199348,0.22460460361269668,8.852319624092802,5.097447862924201,0,yes
298.8358822701548,191.36611794332651,140.05722265752345,262.62874512512735,0,82.84059232879905,767.6451193687677,18832.926043676704,922.5315575571242,649.6058617318666,259.5932802158178,870.2814189078968,10678.865801965929,179.02773455865307,635.7624553155324,0.20515959055981386,9.699716874408542,4.8897072128279735,0,yes
258.3331539660729,281.2296217452979,197.43567443094088,260.6067365860679,1,96.49470718133655,646.7700267291898,15939.830322659287,980.0241208421227,681.201241688026,235.28824268358346,939.8511251871548,13791.031199685056,494.59115715911975,656.0579415194145,0.252764492726974,8.23446807623647,6.292280815090476,0,yes
288.4067550993495,259.71384274849083,141.04247081459482,297.77021227495936,0,99.33056859631958,772.4041141207869,18197.94323914766,915.725085977672,880.8910908652601,34.20681471620412,793.2929773863219,10263.464124243974,534.1492350881023,712.1335133749002,0.24047613840927223,9.382352073855795,4.845646421175585,0,yes
296.86419458922774,165.8895022563853,290.2086098192351,255.42552637013387,1,90.2069492727872,771.0300429998093,16806.026801945056,952.5693705514872,842.5207228323585,101.76692425181011,771.3816465617764,12264.999646462817,102.5627283594301,799.1915286610397,0.22823499466310943,8.69114135475846,5.480442594128203,0,yes
204.60537153463935,286.4221379136169,217.7893215954849,262.01672897644914,1,74.37266718388159,946.2936970295149,15270.972575410591,986.9778757408316,679.6094208990492,254.35980258159532,818.9995683594244,14999.897003219134,852.5783236466546,682.393883300186,0.24962465035653011,7.967891427328465,6.876534720904668,0,yes
218.92977325415262,188.6193923576028,282.76436755919343,202.88031477344248,0,29.393263010054575,906.7075184913779,15326.688336215622,926.3159378103132,929.8748380285308,49.6717520426721,743.0665593730764,13469.513155133658,364.9091493707499,781.8513961535174,0.20382545502848398,7.978358612956123,6.058402808843952,0,yes
235.397111636029,117.92917411304177,233.81631355999616,229.7654682450986,4,59.310370435481936,977.5677522369581,17896.642920167258,923.8960556205967,360.0669657451124,600.4987690285822,936.5180075011128,12253.24314439747,601.3297028656199,688.9541899185524,0.1929769665176948,9.279226419074737,5.7289015962112995,0,yes
249.07539877871142,334.0912406513338,242.37333143492597,224.68117178390875,0,49.09607895869718,918.8348459650362,18695.04908181718,902.7839096580394,190.6800381418507,749.1363398249528,976.9925658774042,10098.607247773583,471.3176471282673,606.2679095267839,0.2645812583518227,9.662084454290163,4.817544297553171,0,yes
228.3208593476652,122.9807528980952,108.4673166319726,297.197364615192,4,54.809979049758596,786.4782698858254,18457.484540044323,944.7552132236319,670.3763809714115,256.97167702646163,969.9358178493737,13220.436736230004,862.8481229884196,616.577718079255,0.1819544969645507,9.519232744379483,6.219700435860798,0,yes
209.91159138570998,362.5547779112215,278.04658332538753,248.9410272579856,1,54.756692785670246,610.5004173823842,16426.487709014447,999.1904547195062,552.0079864268421,446.78367227024216,866.5561244380717,10298.095051794093,308.75388696339576,627.955851392893,0.28771761443330535,8.472553413507779,4.799113207367746,0,yes
233.73662946164538,169.89297162542886,249.81553972508956,214.3158242235869,4,79.82106991163273,902.4964337934659,15254.497227423395,999.5820125687234,873.4825887126216,51.3981474669439,876.3381398015708,13261.556456839913,568.7806276136648,765.7000837850594,0.2162412932673824,7.951410107650592,6.100399768689829,0,yes
217.60433729200327,162.70814054892193,287.5661546137626,228.1209731649904,0,21.109932668717732,674.2035260069694,15690.94284262524,962.7601115087527,181.82338861068035,757.4401172070777,826.8996156544134,13819.10412490532,440.51294252559836,768.8048542122237,0.19826111849756833,8.113639948636175,6.254721761800213,0,yes
261.16069611350395,163.19082264947082,100.15415425883964,271.76088493044847,0,90.21430303797429,952.8447722230455,17528.79710600386,954.5006484054891,769.2243790253411,186.64599934121395,943.063162366957,10943.743620672065,579.142288845441,735.2790577247144,0.1838912963942045,9.093819808012427,5.204320814530462,0,yes
294.50880275182874,118.85468366776115,127.5565046776981,240.23440117019612,1,45.40644038409185,635.311503888076,17818.674343694922,933.5071344509513,527.6452204556304,419.7586038808196,970.7139450359164,10704.067413395363,439.84204703055855,632.5769671735808,0.16792141847579453,9.164982908887643,5.049103638229793,0,yes
288.2156877172575,220.97412998443832,373.6379931230523,213.18621241833043,4,60.180655635930776,720.0603466549217,17344.600790751538,919.975557666911,2.415450212835124,939.2055153254936,992.5777545989024,14682.459352905516,684.1680318018279,647.898300753935,0.2656354742625133,8.944673510913004,6.748147081631449,0,yes
250.8595431160782,282.87703007177777,264.77313790588397,274.3364959011084,4,32.250851582448384,984.2252471607212,15933.347950006153,907.267145348322,240.21522850245586,672.2822865121825,937.3088292804268,11133.667041447485,888.4401875934893,690.8554198650548,0.2726150064575226,8.296841993192205,5.38988696821509,0,yes
259.57977735094374,279.68426566627966,219.4769603113624,252.4750802146083,4,97.36992003417535,990.8928338869171,15935.463624217915,936.9050559935698,146.0806201926205,810.3882864559307,725.872297897818,12107.39257692967,372.01120640147957,773.3345260695999,0.2671960574591588,8.303495161290426,5.5051952423068204,0,yes
257.09611222336315,345.1545435751776,322.03232631519006,269.03531486034296,0,42.66927531613718,903.4369239672151,18235.086750943883,967.5791532189619,872.2475910205806,60.95739734220422,767.75308808184,11179.423050726838,235.36081534160783,750.6413426625155,0.29401573486044424,9.43748711771571,5.089881050036786,0,yes
242.86565602584142,180.68895272618443,387.9975473430071,239.718066735396,1,37.70880319381264,894.0912370829551,18352.88674359599,985.367219672949,983.9982385121606,13.573515851523439,854.2746381524671,11816.904528368841,436.88197840029346,720.2053041447587,0.23713631270944144,9.496724640233454,5.464935415878549,0,yes
271.38279281540997,329.9367123769013,371.5754332059274,272.17377121478773,0,24.332883735249673,826.7647600724404,15261.132637527468,960.6567371243182,774.7315313269012,196.57080138135393,969.5406776907386,11381.656417570519,252.84626137258996,785.2436565092673,0.29796818376423,7.932248927244867,5.268338079319382,0,yes
225.01855579181168,351.25575170138313,139.15721820957077,203.07370516225498,0,96.49611562218965,908.0848818784011,15031.414234984559,916.1661601945907,713.6906218814256,284.85472270332775,899.130502434786,10148.329077744836,312.1563454819186,769.6004207889025,0.2494021233394036,7.82964625325633,4.772252603339287,0,yes
243.4698685855975,215.5027718388925,341.2197342724138,228.74597120531334,1,24.696364903403285,969.7854432312379,16904.375115376468,977.8820956534189,254.6262072258493,696.26354283709,722.7828508802246,11676.433545291677,893.5762016922487,648.6324387487932,0.23795288042748458,8.788727693881011,5.522952319497135,0,yes
225.91736743067125,379.42703246912396,177.20956431122946,240.98023850252127,0,32.73857086510616,970.0498528016612,18181.33371410172,949.8682020682968,24.10265277256199,900.8136447118911,717.8305693579048,13429.641090637773,457.79226900628896,613.5861607058366,0.2679603478197748,9.423403884500189,6.0397944264550745,0,yes
240.1217828514052,363.42463559057757,290.5887102439205,227.40388373121573,0,57.44289412306778,904.0816109924077,17320.710494382085,969.6444016057943,374.4086337997396,564.2530874191611,870.81679026902,12475.71672601865,693.3510771465237,760.7506918641848,0.2864196052669146,8.980730633422073,5.834913455628994,0,yes
285.1343938863949,278.7740672427765,210.7398388625568,299.4906160529783,0,84.63825364911368,976.8837201306098,15361.337268858888,946.8830227042733,791.3690069313243,186.5491736431385,745.3284156757154,14225.464359043082,316.1869457338933,689.8411866873338,0.2601213730127741,8.014569118213469,6.329769947792045,0,yes
266.8335885149701,157.8043047655886,346.41591631926303,269.5318392203928,4,78.17331016922509,744.0788809008667,19259.011400990334,923.8870508293339,48.32865359401902,856.8216804518631,775.6316468803938,14678.674126535669,717.3143760637759,644.5823694035784,0.2457468588416807,9.907720212396294,6.667687242300414,0,yes
262.2848324335893,104.28492802556548,254.93115649306029,252.8014377213439,1,23.560994748435284,912.711767198658,19772.219114029063,937.7961123205029,917.6444530452744,34.27226050654042,862.5575543247139,10384.37259826412,161.01352616554374,689.3337036486932,0.18325578798673386,10.204063870245564,4.774501550007643,0,yes
279.9128331146233,337.6343442814432,170.46181942430144,272.08224192637306,0,61.623688401755565,976.9232672838655,19137.426940212572,987.6718780874141,143.82906186247507,818.8643942056004,945.6246318440006,14066.028982218662,845.4314234289573,687.7813520640015,0.2665732125700872,9.908252905143707,6.5554381182998895,0,yes
254.57886295500947,130.26520752556704,266.1182893424333,289.72697528628197,0,63.186870574011905,688.5804225836187,19388.051313668264,933.0865979479643,752.8450596336688,153.69452275291792,756.5688829122494,13649.182514548256,199.00663773006153,701.3033170746764,0.20327618495460792,9.961267392115067,6.048588213806219,0,yes
292.66266310850455,117.72279426163422,247.3751851048886,232.78731118097468,4,93.01864066848401,974.8703510741941,18310.94077677453,944.6252189034168,364.9553091101997,605.3912481252939,791.3301143130598,10716.656248616153,495.2475287468781,707.0836428943903,0.20769507023961212,9.488596613978778,5.01749967784009,0,yes
218.62867827883147,270.308761380443,315.8943518784673,240.39327689290891,0,67.66701653301595,974.7264442624436,16353.11128637077,913.1063947249247,126.18595945966717,811.4298704965107,798.900910606566,11520.700693782372,866.5540925781063,700.6593925116356,0.2554025737790284,8.505330508896819,5.485314446428938,0,yes
202.47442310822572,173.9011469896995,193.74384740224832,274.6090927069123,1,95.2718014784893,797.9869711489996,19224.023181606593,952.5496091003959,514.3156917510564,441.3791243322829,893.7028634208134,13890.665544529675,477.5116199580857,744.9917513287534,0.20468488902040183,9.906140039367813,6.323957996788975,0,yes
289.8094723332204,373.3158423962288,328.42905140677385,218.39188362693287,1,30.23710583384755,999.2576652865772,16846.236609182302,926.1862807708486,874.2023031466431,50.70388908068708,772.4019352140045,13168.95315299823,123.16696967784387,703.3315405771597,0.30300984187718827,8.759347349623575,5.835271614111063,0,yes
217.43212124960888,242.59721327867035,354.00039427893,265.06189878693044,4,28.613852966429533,739.926864199723,17335.467723160848,928.7146528095976,163.0981390763193,758.3666918366439,848.56120839287,14512.036587689154,859.4914336004829,754.7881380371874,0.2678130663670424,8.94569083276837,6.7038453527602115,0,yes
297.1512705212698,110.71950098258367,141.0665205826452,242.16498945201428,1,70.13086645404252,975.1790853893312,15849.692604972066,955.5329635357924,924.1723661027032,71.42704652434224,907.4394307685333,10674.993621645892,157.15300799468287,797.7549126914895,0.17119841553153056,8.259544116564129,4.9275930752407024,0,yes
244.32868261285404,396.9573977914516,371.7938147620459,293.391931914597,4,26.731636599434545,798.8667681272539,18987.19671527078,989.9128732041959,346.72009733778486,558.9507415423949,903.2327624431985,14471.533568072547,866.227164110055,699.6630247923167,0.34194307339647156,9.793084204513082,6.702747442258682,0,yes
220.93221737180363,126.51605293577492,115.20461868173287,277.3702057027791,4,61.5896339731929,782.6993323023812,15388.373197426836,948.0602186787397,123.6070728655326,840.2679305685538,730.6822494304702,13845.095893428765,391.7648289116131,641.4293040963599,0.1806697636455754,7.984289823145332,6.193697859026383,0,yes
299.46897587766193,130.6855873175187,381.1578387826847,245.02186830676663,1,80.61724444964156,992.7530168972273,17642.82131867601,971.9868489547896,16.420161183058806,908.7946596985197,805.4145890547976,14997.397166425202,865.1581764169498,656.2344784416022,0.22938681148879866,9.162433982186185,6.870496145974387,0,yes
291.6135235109871,170.67087489189564,328.56868968437226,296.4806219594072,0,98.63258526277667,801.2683712228641,17582.71432038262,947.528606045627,953.4889041276375,40.50531314667421,808.4511342414411,12190.093528941963,531.3877377920289,684.0849575664397,0.24242481903147448,9.085527447467602,5.628420014783841,0,yes
251.78803603111277,319.6735726096713,387.0030389341242,216.58567291166653,1,90.4274507175286,693.2971149888338,18170.5643458762,901.3547669395267,225.1483448382032,726.7421006053034,757.4975804182792,12125.630898502131,804.6578376741829,684.2343653764826,0.2956604536622539,9.34922190876116,5.685763407000304,0,yes
280.3671022354827,153.83758364119979,303.76801820923595,293.7245990635327,4,34.44268985132855,895.6842443088223,19263.46483882191,982.3158736815694,849.6950188165858,68.84442685928718,979.7063720681526,10434.521408742974,754.1308481156183,768.9649607185597,0.23668528539770384,9.951952610521081,5.0846405981062475,0,yes
245.89429776834695,263.5491699867765,116.88935987905842,288.65469630626467,1,70.10466393873263,733.3637612517421,17744.50324385961,969.4551505157731,147.1123682679533,806.8921304875623,834.730490023327,14341.953550792674,869.2044648846269,786.2830130683083,0.23030111746679224,9.15436093200735,6.642829731231421,0,yes
211.0774575680797,149.70835778131388,300.5497769094293,279.8538056538632,1,29.544114027336732,649.8864153337075,17912.836047428107,977.681188280342,362.5874401465121,542.3816683350612,840.0410128793674,13673.254628908502,429.19282270118276,703.7614530011352,0.21024051210627512,9.221327359342894,6.183790598553114,0,yes
273.3822834449973,168.78276425379138,311.0064701930185,260.3066632226456,4,26.207995737164502,653.292861150462,18383.748461876894,938.3219107519709,238.47327472354345,684.5397728321376,862.8067358281212,10082.343502227777,833.8040156833334,688.8398338392842,0.23550815099825317,9.452105117683125,4.918874339803312,0,yes
273.377403711985,270.87179540924274,157.96923401821903,299.9771621359601,1,31.360258687974863,624.4081901655786,16472.747887421214,928.0248568291688,677.5743453040283,239.63239057961812,881.5212854493736,14613.388078443706,664.1540729353837,644.7966739317459,0.24231730380269206,8.488892936325366,6.664338935019428,0,yes
226.46632794520227,177.54916083853314,302.60509796225773,242.4913324559428,0,42.60369479573121,833.1364446301043,17413.622760888713,953.9551171958483,238.512298207002,672.2823691574412,978.7734970384591,14467.813701142746,220.63524617431094,693.3096799442782,0.2138997212940537,9.009000308800916,6.473100440725837,0,yes
201.24727575583512,197.51746116449397,201.29539850582188,254.11605821892837,0,29.05368410695437,950.1696386628169,18611.476591212533,982.0785457950997,857.7861860660912,115.98476319404085,887.3712172330683,11200.704547349884,357.7378766113003,639.529005378831,0.19906359931459364,9.638353198663111,5.18612366357898,0,yes
295.80134948459425,140.95545569170216,353.6906040327158,243.43874516295787,4,37.493973037846715,814.420867799445,17968.997973308386,927.1829509421405,632.8457891630987,331.34389742515305,861.6827296475703,14263.322335722489,105.87845015737409,608.7911426335949,0.2337987676543148,9.278817353657,6.294813671171292,0,yes
247.21910035631197,355.8908764984184,173.6487298019005,292.43678563476726,4,41.99384597973402,989.5769409071488,18580.666595268824,948.5362703062458,28.05061763905294,962.927813163804,865.8882819732526,12196.320892394457,185.84926739654168,723.8871204477527,0.2879799463172251,9.627390269363454,5.520506706669501,0,yes
261.1432441620707,183.74730338361408,134.75643019451473,259.246586061719,1,57.7870314894426,618.759976562766,17596.525949968076,911.1711662223801,773.0980249527067,167.69037538668988,771.1361487947901,13715.64761468778,184.1020973784559,673.7639242951163,0.19645210658568543,9.047247733653473,6.076099648061646,0,yes
251.29300406164828,333.859488600433,306.42048165876685,246.5609085592439,4,44.428105320391964,781.159804287389,16018.08036458509,919.3541706791145,17.459224275244193,931.5398749663916,705.6767954447371,11899.408530575149,715.2187767764689,601.2732901271128,0.2973676144937087,8.294864257628575,5.52750996401118,0,yes
208.36639582796388,229.5737189117454,279.47818447734267,289.8459079141428,1,44.068444189125245,897.3315479931615,19282.425794598297,985.1236583772245,509.3877295947134,417.3226315647804,756.9200289527894,12631.51420745441,629.1845073104872,720.5824052581204,0.24145402163520582,9.962195785357702,5.819037307883855,0,yes
215.95662357051103,123.46830367119345,140.3946786427257,252.67219232323632,4,78.13776411932437,644.79142184184,16222.56765243132,967.726694869462,717.8239177485049,223.55269580618904,801.8154751286459,14785.758435924949,145.7228054788496,762.8270142471431,0.18100137376381473,8.373705280187401,6.512927493425304,0,yes
288.8096680400185,350.86641448809,171.96319606037812,229.4085959902558,4,48.616833280364496,723.5913548069348,18938.817828502673,918.4071206245386,714.9504653196586,274.64986385177053,915.0863127140808,14458.708821641983,808.6865592963978,606.4816957109418,0.2791235848519798,9.742346444730106,6.6786658164997235,0,yes
259.3816930529663,257.8143333738397,102.36293743150404,260.2823697706061,4,30.77994005245687,775.60446237467,19950.614849912803,927.8549463211233,865.3556487888466,94.87740370104586,952.1987350836241,11542.147020307977,100.73004106074386,793.5433047016427,0.2281900386991902,10.261059023048535,5.264333543225468,0,yes
224.44079017133038,289.5324259886807,280.64397548107354,292.70676632631967,1,57.596956969611206,704.9619330380001,17052.52409775996,905.6908593713283,769.2291891266059,204.61441458310458,801.9581635846068,10609.135011343278,822.686215795701,690.5550984319643,0.2699726510442173,8.793357876659243,5.108020544703793,0,yes
235.68428526983325,282.3291012117787,134.63638533438592,225.18514001722087,0,39.101404459124595,986.7564171671913,16260.302297677112,913.8251803730412,247.92727306101193,719.7000890256952,787.9714408116415,11548.773226777226,147.51557694994997,610.6013097766834,0.21948102263673358,8.461798940574742,5.1968747342440365,0,yes
243.0629763491774,301.21332720998254,336.2226542369643,230.1047937151798,1,31.230966735658168,854.6641921944736,18331.393978840126,954.2743698727055,318.8144280850662,627.9682315911849,962.7953155148812,14763.849098256247,795.9049823511303,727.2033308876521,0.2722792456248993,9.472771028084125,6.824640219363923,0,yes
275.4558930764612,369.0765031449869,299.7420830033089,256.24645795848824,0,23.648852264407275,862.4559104824652,19162.56677323755,941.3305734612189,425.2063171631192,525.9226405705281,760.8698920079586,11766.467363092665,441.3777347427966,723.1204517653432,0.296501640699152,9.888334291840469,5.403163551897688,0,yes
258.43604716612646,330.0803236609885,105.48226955073831,202.8621680619749,0,53.09607915487476,983.8557441260286,15752.236769883773,910.8048844191022,693.3009596668082,209.76560794408806,832.6741305221067,14193.778571549065,270.1287322987555,647.3879487568622,0.23292146493982852,8.206684009871719,6.31775507496008,0,yes
208.4336688797551,300.34498267036736,356.3375487304715,249.62254978810074,1,38.17408716913277,818.9817711400246,16833.643315080146,975.8689025208517,171.6821303881249,742.2118351852741,960.7221394517753,10877.035048342848,229.8087784329624,651.2880890330323,0.27635738789414344,8.718860238136358,5.028137722141329,0,yes
281.8321946003971,338.8533720364969,180.47740928248567,271.8126608885349,0,66.40863734917313,984.852860958867,19721.944859153504,977.9977307705451,751.4559412378626,241.05007553730354,852.5526541944049,14291.439724269701,257.76084248022244,650.7084400783192,0.26985464506510937,10.201001515371244,6.372557684080015,0,yes
217.55569477014208,353.2274666978061,105.62746202019594,287.4302529380855,4,94.79963647873954,604.1396994773411,19092.16403504003,904.1984176752497,463.5880200859019,491.2037671175343,940.9378916970094,12190.403045622776,728.5555427117447,781.7013078224677,0.27520043094193986,9.790937358691085,5.767929166451549,0,yes
201.9410739212975,166.62075088306983,268.02422501382625,290.54552389110415,1,53.09303344877936,856.6423699035245,19571.14786465203,970.6278043634329,256.5260054924994,645.1180226649943,736.2024937520863,12713.685893760921,734.2979914326409,670.1920567433683,0.21444550066442467,10.095348712266865,5.875595123335889,0,yes
274.8965104050789,354.05051194843134,365.2276890299398,276.19483639085877,0,20.59859057794722,636.9346667073258,15222.901639035314,945.0826433656097,312.61645456001503,597.601073899729,917.7264328542117,12578.491415454444,769.9898232454867,783.4756223493346,0.3071238933092651,7.869039478563442,5.924579527373422,0,yes
256.39149013951874,249.80146620423844,269.35329306734127,220.97466342489864,1,83.89357449709931,881.6889199430316,18299.30754485264,955.9574972641728,38.774406620001656,893.66899293219,752.4846020006057,14608.283516755027,255.54001076353893,752.2429559457107,0.24481996172911039,9.463062506657437,6.463498013829664,0,yes
293.3746725907247,135.3126833496163,152.75733616885682,222.93325978250454,1,29.228059186051382,740.5982632602976,16933.46357035463,981.9937636067694,188.16392095356943,800.8049665634388,868.8214063698289,14304.017983369382,525.1686980748043,627.4727214122045,0.17390749592392848,8.752173999713271,6.487528297342843,0,yes
219.07567596178623,292.3510758009682,189.14252523004785,283.5645305256525,1,87.55141607611624,856.8744258898394,19219.106994951082,905.6714620172049,829.2818145047303,117.00511432193503,982.6335670480462,11620.210878331432,619.2448374485512,788.3431499387266,0.25406006419367205,9.910465302585747,5.512523798597997,0,yes
253.62546390138445,100.72493328112746,289.28154036193763,206.44310581797072,4,84.80805369327429,723.9740835248017,17088.39552780726,988.8584546042416,68.84398316561644,841.1645686969886,781.9081409087606,12293.141275666014,672.7721907036985,786.4250465245748,0.19803385449330357,8.82691813723622,5.717590692080946,0,yes
237.78201889366886,316.16728887659394,378.3327653810742,251.83075686505836,0,51.48800342662422,887.8722249080421,19588.01714114254,971.9227503458633,836.3194979872496,126.8940738125059,702.1785349910572,14900.032744210173,834.0480098981592,767.0745206963722,0.2889066326551451,10.111019887708974,6.7976835048607835,0,yes
257.50816220913083,291.21604645687773,246.77014410383686,214.76909692066457,4,42.19085510197604,653.4177189653748,18966.9801886989,913.9078759916292,206.24845128630812,762.7836091388231,735.8132583692175,12812.003404670804,836.9495687820262,630.8254354854292,0.2625266447841902,9.740405190183038,5.959911641210584,0,yes
286.3743684976077,396.18215297069264,134.64953640152993,249.9332590912847,1,28.268090562301317,839.39655479877,15067.505462547228,959.2527022475457,717.568301080708,210.2713764308886,905.126706020703,10281.86253906969,668.2096200720603,738.2787908812215,0.2790260602188544,7.838077257234273,4.956568821436987,0,yes
281.4788825277517,137.73968461136323,227.50283017105767,261.9236132566233,1,50.8542336978875,684.1545071466231,15783.454616006306,986.2022504320618,780.1504508641336,158.685260945982,750.5134420928557,12687.525079214613,288.9293081157792,660.7867351609655,0.19883640557621496,8.165317956818633,5.696559773993632,0,yes
256.4826904425435,350.6394411852937,278.75345132775806,279.22661950765337,4,67.72814678154327,624.778181294416,18627.483303487923,938.388784308985,620.9718441139061,307.73931754590933,946.5529107294608,13426.849806606047,310.05743120732234,655.237640313701,0.3086645452088705,9.567762250727444,6.07704033222256,0,yes
215.3970515228903,126.00437483319928,254.57100649929305,226.48345162706389,4,59.6082129869465,623.7496010468312,18994.938013891155,990.0964217492746,523.2272548918345,378.57991697247564,870.1308189782515,14068.625796947661,272.8007201644117,741.8231224719567,0.19721308883175678,9.75839838422184,6.29602539128185,0,yes
295.35040550530584,129.30559197315034,152.8554044698883,283.9284531413399,4,29.726306010908896,621.2196942213221,18321.605272194076,913.5196427425672,258.3442095116875,668.7654314724222,855.6291394916901,10587.668826072739,696.1212036888109,616.4888991463396,0.19603634196939815,9.410643361213047,5.054135588315782,0,yes
235.6014576155853,147.8151201425261,280.1546797752216,221.28293448959892,0,62.48075786849821,704.3510727067076,17960.5733863387,981.5947754949063,153.98984427557573,810.3418053273341,862.0316412485265,10761.585083786815,389.4684344773474,741.7920881400189,0.19692687988216845,9.257677059957102,5.025205585520802,0,yes
296.0449991259392,295.2934961345088,229.60686712514143,268.8220996438956,1,47.45510593831913,937.3602686328666,19551.08860696593,955.458938828225,401.79256242858065,531.8707131414728,949.561661111144,13465.947768294609,786.1168603234792,668.6806092062732,0.2650767682305681,10.101550847387845,6.286750052609253,0,yes
220.00909298006064,287.63015868850584,155.44721983804746,294.3900279389594,1,44.84604696127404,696.8053372948137,18331.470105288994,988.8184841902826,895.2084888946582,70.79173478255132,767.8518320681492,12101.661692659247,430.5173932290892,744.5754166611923,0.24234667480573288,9.442466537204817,5.540583636862517,0,yes
218.32323257979576,236.08364698842712,215.0904317135143,285.335034774517,4,81.77810547412048,940.2004902672627,18266.938227769464,919.5930311717337,310.5606109983827,688.1632101837905,936.0550120130064,12956.778868906526,704.5941725951544,611.7222597085483,0.248275762917254,9.4552035409522,6.046593650565902,0,yes
280.0704855399775,306.54539337755864,293.0977985859576,277.9415064703797,1,72.4574535268221,831.2526102233152,18381.862525848486,961.4592260462905,959.8684361680939,4.2025565637408135,849.2045799060486,10485.179714236981,503.8557192098848,671.3425587130278,0.2852186626886201,9.493731183177214,4.945927237160569,0,yes
201.66014600412177,255.0184631144176,374.16687945741853,291.7846895184627,4,40.321038963325016,842.268699801612,16709.794722118204,932.572350779556,783.6817486468792,141.47586572129865,734.6764044355804,12879.155478165107,684.9310264079782,681.1756415602526,0.28164018092339765,8.656200234598126,5.926082220186033,0,yes
219.74873303932958,121.98816343385845,134.33409009510893,245.29463914477498,1,46.78995331760006,881.8021139248299,19754.1794005407,976.7919536224966,135.27234259304515,800.9504892320433,892.7932691254668,14643.457952696137,219.7149450427232,647.0478946997328,0.1622596276902669,10.193399162150476,6.50599910914557,0,yes
206.75775298879066,149.84040777956392,262.0300594953319,243.34587967298523,0,34.3672046093615,853.1231588666154,17653.625739078492,914.4084345667889,462.72115642370795,519.7012588905732,742.3761823794001,12081.483007925623,521.8987411909832,652.65455166393,0.19134877679255294,9.12807227288564,5.549017304523537,0,yes
200.82147709421355,129.49519941346531,196.97735062804225,250.76443642788132,0,92.17609161126373,956.4300773292043,15066.597473644744,994.1954422067041,698.6545205451996,230.82534022871255,726.5631718392752,12367.372200644948,149.15694742791442,759.2414182710478,0.1782023723548392,7.869029196127226,5.514736468606578,0,yes
226.5319234195864,339.94496409057734,140.22872316606149,299.1013012922224,1,51.374214347504015,838.4424964835416,19325.120610574442,994.222860449277,195.0460288583496,761.0119316487642,896.8871562383426,12566.065996630134,414.92014785058575,661.4569264444483,0.2628154231498838,9.971506212694342,5.7593777995211495,0,yes
243.223249279369,219.09327110002044,287.87589073786705,293.56521401770203,1,78.30580661832396,876.6567197731144,15177.459355981076,927.5802087385059,592.891140249177,324.75011808277895,770.1665965231535,11898.269965631454,368.1253061267066,698.58834943283,0.24839167143739188,7.897102449985943,5.42246772914616,0,yes
219.00862728104104,186.23449546125065,162.07584463070134,259.08128070446014,4,76.0470508924519,677.8011546414082,15860.671665714348,956.2347200197391,73.94669287373246,840.2903679825661,784.9543330489512,12356.793376664573,653.3045465119694,695.3939693876957,0.211848342490779,8.19839360745084,5.724977331885808,0,yes
217.48433175835086,168.7469583002503,395.6963634803735,275.5320447942905,0,66.90919816003552,880.4372568993151,17832.329252902728,952.9861743014284,103.49402370568149,871.755576855208,884.8468510344121,14742.082074715803,710.0610942205756,796.7502927872528,0.2375262558237785,9.228880976167261,6.763601267163318,0,yes
294.8550046204859,250.50686638668833,283.1788115479292,266.48644371243995,1,42.6183656508783,744.0463161733828,18821.486889045715,944.3113568169761,191.6759603818422,800.5027495064948,750.6329980476738,11648.23310285694,794.6748807692117,635.1736601176718,0.25665061463884914,9.691751718948307,5.4871933615359065,0,yes
289.26056808189946,258.51903379976875,391.54833322324055,217.6367649629391,1,82.36037857269618,711.5173564152498,18411.25979050865,939.8294620845384,429.58032533505184,470.86059319742253,956.9861708651773,12844.592532648227,885.3011421213051,783.7211508870187,0.2760465994510349,9.478840733992564,6.091547633902054,0,yes
263.62815140102254,206.90620068121896,258.64242797450845,246.06709583603168,4,77.34269051620785,873.2305593018878,19607.324995310853,916.7724305932112,456.1847379996273,474.269497627525,864.3675238417385,12999.979968354877,569.1786328680872,728.0712847682722,0.2426299129720504,10.109781793079259,5.986904697438027,0,yes
217.41380620002272,123.08059146094638,263.88608296781456,250.1605870105535,0,91.92346983892756,874.6066176626509,16836.082587600697,997.5057646992411,606.3826553080964,333.7059719271899,733.5687966693733,11257.851854429095,764.7263031054464,643.7190733084731,0.1909598172207363,8.735593240884775,5.30616599179339,0,yes
267.35244597193406,384.6142620016626,313.70601873359317,259.1020996701314,1,54.83537833185344,721.1193946209438,16432.839671711667,999.4112843586869,318.62070455788046,581.9646479586413,826.6823886902619,14157.476820993339,174.0941208565806,656.1395156071779,0.3129745523730821,8.499974788938612,6.263232787377326,0,yes
257.7665572010187,193.24217658663858,330.75051639299727,292.0973070349872,1,78.58293626804955,756.3185348875849,16274.561286733551,982.8298648024847,574.3476324312353,383.1726041977581,709.4179220058472,10200.843683140065,226.13356576653842,755.0500213653517,0.24820635781205283,8.426320020166484,4.675352292024973,0,yes
234.01277878747305,107.49026514873282,275.394795861804,248.69876655719528,0,20.766272138510253,618.8068406570471,19664.06047010317,931.9087987001908,101.27531364080839,798.9569153094247,711.4580316267878,12657.009257254835,830.9406989167684,749.4834427973356,0.1798844295464379,10.083862403210517,5.891968436828162,0,yes
244.3410357998083,121.72077535061821,348.01563761671764,231.84741353894137,0,44.019747258307795,975.2555000452276,17324.5230760761,904.1089011656442,5.406430223726121,947.1710210880319,908.6928159340495,13323.762438019785,674.4694136987309,615.1286481768774,0.20095820859721192,8.989930260003652,6.164456755906723,0,yes
223.3144563753229,193.80618821696928,155.8850009567173,231.8705775567464,1,69.13047113106545,986.7524354372495,16800.92763763336,938.1590535715018,648.720971284827,347.2932425997659,798.7736467394461,11982.93101915475,828.6071058063526,768.8814942730858,0.19587080171171573,8.73544271172323,5.672083654159215,0,yes
265.4484237132554,152.443676980563,320.7501956877571,292.2191148027786,0,25.471818395911747,755.2739133186418,15155.568212954415,979.3313923589026,407.8465425742294,514.5340237690032,862.9452710818107,12174.35647134773,893.7564451957192,609.9933914024217,0.2202070593230645,7.866107695391131,5.76929649070164,0,yes
212.4501080906581,126.39771107452623,326.6247042815405,240.06765163393558,4,69.47460791334046,911.5533252828704,15194.778020029953,964.60122636996,252.10335984921443,716.2809452447545,844.7497434855941,13075.040849875544,848.1459029786836,707.0147288403946,0.2153663599732016,7.918767742906157,6.12310067350233,0,yes
215.17752858918445,241.2728084510028,173.7249153019076,246.46609354202366,4,87.77930905661623,879.968354264475,15054.39948153152,957.5729223911253,123.99647958373028,794.5941699202659,869.9642165527894,14080.72320856691,143.81165665269427,611.6816891447537,0.23466206542321721,7.8404415590219845,6.234374602871618,0,yes
236.70740749611497,357.484185961026,150.21504054217445,244.490620358672,0,44.78015472557617,691.689895299706,17708.917631129923,976.2980394626256,554.633088279042,393.00437317693707,879.2910273132579,13946.362478814615,797.6367316236062,742.774032521534,0.25736290039900506,9.128332950839479,6.467118899490966,0,yes
286.7117794075409,171.6695624096233,288.08028897059273,233.47030487447682,0,74.91849917509366,965.942632925934,16521.53804716996,902.3945306490153,796.3885531665563,201.8937524311383,819.869573406886,12958.562374272844,194.6569561841188,741.8302026897369,0.2185212380915405,8.586060289088023,5.813911191136931,0,yes
258.7561037224099,376.7578332672867,228.01104443266624,270.29001553394687,0,44.9487524120169,656.0568616063761,16208.169997710995,936.2638991753101,416.5638593118218,537.3224387531502,712.6689545113793,11465.435545862496,847.4387910816483,608.3314017581492,0.28860021265884245,8.364637567735555,5.41119785075823,0,yes
274.28055487139034,380.6113469111393,250.1482821439778,240.19213183330098,0,80.61830660267242,687.0191221141399,16224.275581600454,905.2937125053584,906.5017206799314,27.39219443263096,906.1867807890154,12067.449490935938,440.85762601875837,672.6765638580915,0.294998253412999,8.375235952169316,5.572453839264806,0,yes
203.32596573219442,233.46860014618406,104.16136815301675,228.3238405228294,1,20.872966809817104,953.17355064905,18628.877969056044,970.5261437823319,824.7681139468413,141.76290359355016,862.4780129123963,11616.861957844021,257.26393007326067,772.8418859938243,0.19209299594394347,9.646145457927753,5.319047876460509,0,yes
210.1423898210125,392.1740961317556,111.95271151700025,221.22620309389094,4,41.89046010055165,825.3963878694057,15667.333018328873,961.3898986040041,102.42141644368886,851.0120986733139,799.1174181454525,10655.002311985178,681.3784267348996,708.434651568708,0.2712155387739237,8.135143391063568,5.068251934350453,0,yes
284.30379517919283,242.1206641434114,144.84957929824577,288.5109443364458,4,56.62606918204026,933.4010321776733,17894.078964482906,908.3533016072142,151.35271524695295,768.4918708144943,825.203058926732,10497.111102499792,406.5431877176563,610.7065384968315,0.2424589383375613,9.26568340927523,4.888162219218293,0,yes
221.13107267115325,146.95453352074475,367.0583611697167,216.17777969245546,0,43.70135821633069,964.6979233757272,15878.186397703012,992.766022854409,837.4025011898418,68.37851466451866,828.987577152812,11781.222746188181,535.6064525831193,686.6195551607755,0.20875400099144628,8.276524728236945,5.46297244384008,0,yes
212.78336962196306,100.7249777434773,224.38850266296086,290.05517577647396,1,71.9741282655456,929.2789686730316,15416.729531167994,980.07103115948,840.4673023959376,121.81493956782936,818.7643910255547,11323.233808670053,805.356187118352,723.6573533675739,0.18300385155038545,8.035921831769963,5.396226597673337,0,yes
241.63626984013516,369.44774477941303,114.52209566951998,270.4703447023908,1,57.390203732711115,948.1961607832002,18750.9238584383,916.3538342154762,733.0805391472428,236.80604448798329,798.9108829582552,13803.082934980785,393.1623076132433,656.2784014331247,0.26641360488927796,9.698584535266244,6.2075185151731285,0,yes
271.82975441736187,110.26857162025678,173.72283576139432,210.51690033633358,4,87.71234403454943,742.3893285862903,16692.52803998787,939.6186385458446,856.7717687877454,56.761075959708705,842.8281934386106,10568.38839730458,714.0119967281776,715.768943299267,0.18222284052381693,8.626261108447627,5.059642104984262,0,yes
299.7990941602806,348.9637733576288,281.8987282948052,240.35430059851927,4,43.1878811286412,965.784856758354,16920.92586128395,963.531166352377,295.4168490448564,691.9874428521227,814.3978386086487,12068.62333893795,327.79239442356607,644.5876390909264,0.30324925783243917,8.79410061499721,5.494672579606735,0,yes
263.7919902245909,273.9830561423456,120.14458643243512,261.24159500501503,1,62.872428171950936,864.7467642520264,15122.029847867167,917.6979635617129,961.0637498064574,0.6865135418260024,945.3971466066953,13817.094768924542,111.68441655569214,734.1513775276619,0.23099744492333413,7.865344604369209,6.168272387916802,0,yes
222.27544693672792,209.0276763241793,151.62872137935864,276.95235369456543,1,50.385426182866865,806.2305556134439,18681.452039967087,920.5769270045146,887.5826534532895,58.52679155301291,885.0978045774642,13380.053743912318,519.0910849764047,689.9393733874113,0.207636879706376,9.632308663521144,6.12430225261143,0,yes
268.63854921422256,118.47605151368515,269.4337817819676,296.2391798990288,4,49.63223597747252,654.8065639656922,19064.161603398294,999.8851306627357,58.93966911165926,887.6562699527658,831.0651205190143,12249.02657642719,534.0104626274316,631.1502904819564,0.21660098199428068,9.80114293771999,5.648597538250744,0,yes
223.81969433502186,334.44502477869213,130.5831078483397,292.1190707651773,1,54.176475643437996,943.3784774404106,17611.017430683798,985.2925380645771,264.31444511543106,718.0195105706421,999.1050017306814,14442.423688964813,312.6080826726029,751.1849749549006,0.2572995775428472,9.137012684813508,6.525361639288247,0,yes
299.7716146248747,256.36949891916026,265.20242671555854,287.89506170029017,4,40.97583521607337,767.3259149119128,15972.543518103319,954.6096748339729,267.65664740508345,688.640348977149,841.15034376433,14915.263422937525,339.8592855658229,658.5142993554894,0.2720989334813425,8.273857651348475,6.646384475213082,0,yes
226.86984775836117,271.64721935996255,359.610000543083,228.28374725718007,4,49.53442328599347,988.7056591710518,16200.961522968517,993.3442634260302,683.8578119099082,251.31290859950514,777.7729527885184,13516.492733494702,855.8078341716373,750.0997057193183,0.2770204978103576,8.443525502177852,6.277093267335283,0,yes
257.8464658839295,311.869467427093,183.68491086004144,245.74892036832853,0,47.265441429603506,952.3018521057786,17031.12786934789,993.5378162305011,403.8594814663049,557.5017867220024,838.2509713189763,10024.854087264932,266.2139528904546,787.0295840146694,0.24904754091060724,8.85025589989804,4.677315206910343,0,yes
212.02266933649264,280.10038009659246,231.49959566161985,229.4035485020389,1,62.33427932600807,729.687289624639,18867.79135093151,914.2118822482765,948.0277645094674,39.912230739688766,794.3153011143954,11273.548259319525,288.3443245041663,675.301216804836,0.24273796690751545,9.707605442465812,5.156934937695754,0,yes
282.5566303161179,285.42759087102206,268.306480773207,275.5884933769963,1,84.0662875433606,859.2596550087572,16457.577221334923,931.2157130113719,732.3884008450343,264.27205958917,708.1773472084211,10467.576080526569,697.8763512134411,673.8517167127526,0.27311723954570327,8.533730929958661,4.964922757090251,0,yes
247.80746831570895,333.06647965533574,161.40330981565842,209.43283020419705,4,44.96509781489983,917.3947818752459,18317.315831059845,922.0664572031143,376.43266527016294,524.1839751684096,882.379906882849,13315.320370833791,523.2449903100353,755.9775551863862,0.26024814607172103,9.475523332316586,6.101499204471152,0,yes
231.09182164473145,355.1635225229803,285.68478194756614,207.92457692939487,0,90.4777890663278,910.0854389507081,16670.467097311004,920.8851310555763,665.4706674302818,279.3440046392707,855.1428274437692,10061.207098825438,843.7071078892413,789.805037396783,0.2812511008901005,8.65027306252624,4.927704028236922,0,yes
289.0823853720696,314.55749383499585,114.53354763904899,288.3943846342085,1,28.229963143600916,642.4334677618176,15756.506759887203,931.131253138869,805.8941706173172,127.79929853872659,758.9401593304515,11119.03643713593,532.5001761019086,734.7736498916547,0.2503835275072057,8.135126762821363,5.179017337995193,0,yes
282.64930222248427,380.52719442835127,209.36837657009136,299.75364805404485,4,43.377147702895854,715.8879109521744,16229.393180925892,944.7759663321943,499.3097833405526,480.03994096052236,844.6939274073069,12866.189086263297,862.2547017384,717.6907506222256,0.3110989613395752,8.389549820140346,6.048107689055316,0,yes
232.2362321801749,245.49212944643835,335.16025667992005,210.80201477913036,1,87.83954884045586,999.8384009557269,18722.24182276002,985.8597135802362,108.14990614962848,873.6068395864969,860.8091175575062,10500.043318639895,386.10336404963357,729.1997360765843,0.2516659101819683,9.705702806226899,4.919491640262519,0,yes
244.36200943878015,144.2333242523137,221.069513619909,273.0178342905872,4,75.56450877380956,862.7732137701369,17531.690895033295,941.5665418927384,325.3708204664684,650.433357122562,918.1705666967641,14840.293871302987,876.7767145949803,755.7777484413857,0.2127762018866207,9.073000344114147,6.877510762992919,0,yes
282.23079799029296,320.39678630540277,151.19814894743556,294.7459750222008,0,20.936886560891885,885.3981186866542,17975.072733929657,912.3384238959671,261.1829394353975,694.769600893537,711.3303762507668,11322.303930026856,220.2284938792511,688.0253855775179,0.25553798504035613,9.295802996495617,5.11325242686305,0,yes
210.85583940539755,279.02221545215247,280.08117502347415,227.96162976029817,4,96.79948449460645,973.3192645186948,17530.685000009405,962.8687867297066,361.9600516077947,592.3147405326126,856.17896778424,11253.268206929095,523.1892209234711,794.974351722569,0.2679211312459855,9.100622797103469,5.278728537514999,0,yes
263.648883948277,338.7320343124885,157.7355170021218,253.34767172409053,0,46.60985323758966,833.556435771446,16862.267090908506,903.879921192597,151.51224561888523,834.6770028664503,940.4154060345659,14674.654284917251,351.6911334048476,667.7044124892086,0.25677410596662575,8.72655607151871,6.599915097383816,0,yes
268.5434984677951,146.30246526828228,200.30420539043524,253.8985463979041,4,50.103720006131766,933.9683530692214,18988.35219139924,919.2241065213318,683.3274316904652,290.22658659807473,876.5736508106302,14855.181104659583,740.562076376838,731.1321489457902,0.20548473861311284,9.81443481669088,6.808757642943455,0,yes
270.3808075447604,285.2231779999736,167.7381694106209,202.65192803063397,1,88.05971898691425,904.1291844210405,17990.561766330124,926.5734275301194,268.69480197509176,708.0522418799743,876.1165855257896,13679.676198592846,664.9786647601375,623.5770479053743,0.23729503380866593,9.309744422717696,6.294432583769266,0,yes
269.5517274847863,230.7843416629035,196.4664760714988,235.33151444381593,0,80.13378768550348,938.0134709029788,18937.407732817643,956.0138786240857,173.22045957581975,793.0572886559482,941.0498187268726,11987.02098056622,438.501464827368,684.2760186010659,0.22269944163142,9.794936231534379,5.559265841786567,0,yes
272.4068782283884,180.54554446756353,194.79339286626924,224.53579368630866,4,29.572498496313997,600.9992481767065,17679.925068026118,948.1219403788756,772.7961637342739,220.19030248914487,870.0504802720413,13020.352791839348,134.84416745069066,616.9266555451435,0.210115823712336,9.090150687652336,5.817603966181089,0,yes
243.2347737660081,373.11382010164897,304.55852651026254,213.6145116816163,1,40.96911057668486,691.5061301835793,16775.68513699062,939.1125693448221,260.6253798718373,655.1831900035395,737.8619085073547,14514.03705264763,710.9819521230847,657.8643076085666,0.2926541656055011,8.656553492938375,6.587387667847848,0,yes
234.71698015022815,375.83284149949134,207.49736947655902,240.5904704312437,1,60.23973144967378,978.4368047575166,16994.000994813472,992.4520765309084,852.9553373159163,106.69126455705941,713.1643522454073,13315.343177475224,318.69197177597937,645.8905757949574,0.2810705376263952,8.837551594662935,5.945561676046814,0,yes
235.60143538689582,172.91380620449874,150.41081890325637,285.1461086376388,4,72.51100361515347,622.3251885715334,16369.731455149724,962.6378438273368,566.0098838341966,335.3609161062491,894.6671210134077,13640.91618862137,323.21439476756416,649.4301573065623,0.21105121995164913,8.441688317802765,6.1426779883458025,0,yes
260.43122753480856,234.0854463188516,376.25935323397107,250.94288784698625,4,21.80425480858932,831.3130305177044,19030.194347891127,933.2077050162122,209.8624102078078,785.6300081698735,837.1665150492943,14848.32915933757,395.41626662196404,691.5725747444496,0.27061464669948865,9.8140264296508,6.650006016159456,0,yes
239.225804506781,227.15597824831735,337.7305698298612,295.83861905791196,4,62.11066333937111,884.7089422726917,18026.740326493327,993.4529842335198,48.84636780790638,913.3226278111539,964.3595085566535,14292.827862508326,631.057196280785,665.8491047044143,0.27150100479417694,9.332645587439544,6.564945053415908,0,yes
258.1802166195239,345.81082912564193,105.86536051482491,272.5144454630693,0,28.60557148247058,685.5146445655923,17980.205829233215,961.6192762775908,324.11127623059167,669.9736641217962,960.8760692229116,12486.369437598067,468.3147091565196,634.8238333432912,0.2501102894511967,9.260594580427458,5.776219761375422,0,yes
244.14201797760325,151.4249275553529,124.38283530871229,247.85981924459873,1,72.93088244108577,787.0405194597824,18200.660057802626,964.9152209089556,9.285934847141423,919.9552764524029,850.2166978661046,13835.201949882807,104.09882239915795,762.9756930867711,0.17892496478144607,9.393721516804717,6.133770978962668,0,yes
223.33548849629454,236.15861050568338,316.9431454877369,208.7017388328114,4,22.010339720007373,862.8698445819878,19953.41215375259,993.5289906079637,225.88148341787362,674.63178586342,983.7018054729989,13556.539150970764,845.5363606540159,796.0385449543069,0.24646967546334997,10.29105529554937,6.372763700888237,0,yes
285.02945542314933,143.54851452779707,235.40161367192925,271.3675894240648,0,20.97058043206325,690.207705804932,18488.00429587886,974.9169146389747,343.75395402287944,628.8884412637399,901.2177405490838,10714.40505482804,821.1304212658525,735.2594465678774,0.19732242328310376,9.517359815750687,5.1949534014225245,0,yes
286.6512256309728,209.61993829123054,175.82804845348903,202.6829594621495,0,66.27352245796251,764.8070785410233,17007.758928521835,952.4813483640214,491.0708233110461,466.7409639228977,725.9221689098106,11725.665151647452,203.9852139018393,614.001169668687,0.20399890476961738,8.790613070276656,5.264489548271995,0,yes
272.3827456360577,124.39312478377605,245.20736410483224,249.38133351810805,4,41.67809393944775,649.6035582387991,16430.22218665435,922.8831500590343,587.3077954047644,399.0662586478006,917.9856740921603,11346.445588839955,636.1916958795553,768.6804810440825,0.20422512953541472,8.472420154186526,5.386844418114996,0,yes
250.42085758778902,180.81856695109545,127.82688821649043,232.58439919867897,4,73.47910636242838,742.8780713907993,18252.16350176782,964.5766382346727,188.29277964521893,787.6083563854438,866.8871182836965,11653.282257812314,555.1544914695996,642.1556809235708,0.20117887896418551,9.409621541572362,5.43856603227388,0,yes
221.47818882946876,178.40238017552917,304.80864066886164,204.71051896303737,4,63.2049671195073,667.4191887789501,19192.320600586754,939.7483650203097,499.08590672592425,457.63647426101386,859.8988492392149,11073.719404246413,563.6837795012046,684.5131733722798,0.22508516957059574,9.859676688064944,5.210271621171738,0,yes
257.7678890107183,173.71117273762502,308.63579195160787,251.72195937484682,0,46.48234394386746,827.0748515741567,17552.76316883287,999.8244167622241,749.6139653442776,237.79646799892203,971.1108541017263,11780.424668445745,559.1406635840265,668.8804120914605,0.2198606394603873,9.083553719745908,5.537804939207672,0,yes
298.34255282935203,391.87569496678714,186.03326621907934,268.2416709976458,1,40.49119634669538,992.9807738579302,16972.171534199468,936.0897993313747,464.62703448354983,522.8534018644784,929.0347405973251,14821.439574453825,197.79869685824644,726.6444977117831,0.29429481444598515,8.822219934338662,6.600472750664557,0,yes
223.60570698488328,111.65441965534558,114.54965991850143,253.93056954928107,4,65.14265912425594,776.624250989605,17253.064698884667,980.456584215932,268.2914837480216,696.2764700687072,985.9725999222442,14254.573829867924,149.08302805982655,678.499046677403,0.17069045878337355,8.919752504705789,6.367492552071818,0,yes
248.2738450022549,326.0932339471361,212.19633305280797,251.29931955566067,1,97.82224913306617,711.0773704798904,18323.747013390697,966.3711498465512,344.1008897374182,651.0663605307896,870.312994826001,13505.924004003335,827.4594090157785,796.5850879880267,0.27069543527214435,9.438640645918538,6.313020605939284,0,yes
250.92564899519823,193.5752789333927,143.5868863739325,206.03147099027805,1,21.699884189642844,887.2195680809186,18106.39526419023,970.5489045358847,563.6795376241098,357.360252624655,966.3718180269453,12747.354231905409,286.83280432792026,654.3411778175756,0.18567843954017232,9.369871285177895,5.802712047614268,0,yes
214.11849119546574,215.24477002242077,373.6993715910995,279.726455086047,4,31.56812524624535,963.6131669606496,17947.497714888523,959.5826424118477,823.9346015052245,102.19311768640932,838.8242935018893,10665.72766747734,360.21723460836006,717.7284509378716,0.26369775139701895,9.306342859787785,4.957440115610178,0,yes
296.9521047193839,365.7618972501065,171.59572094383446,224.9896537700958,0,31.933805890028538,655.023396977453,17177.189111596785,954.4828175467933,97.37804895214038,869.699995197593,875.315398890287,10669.742616636137,251.38624713249104,742.9714159115472,0.2670596239994275,8.851425141130822,4.939084732302502,0,yes
242.19262653660155,300.79888174568634,115.92528189990867,249.6838679438496,1,59.375481033135074,692.2622424986288,19679.259309903573,909.8188481720309,329.7990655359652,574.3325883102955,945.5960940162556,11501.802923122961,336.7631353551118,784.1114039179819,0.23539728205075872,10.10449663346412,5.331015844683606,0,yes
213.43049830652407,197.58611333446555,147.01001003058826,201.09917285817963,0,69.04039448424092,653.7539748253148,15099.625485981425,964.8620220850066,274.5923779363863,722.0960754774956,888.9039472162253,10290.67756906067,565.5672905399097,696.7312875047676,0.18419424802773302,7.813796318597827,4.916546892385174,0,yes
205.34644174870303,141.55137357082546,350.940921099927,207.1923319567748,1,45.857597387759085,730.0589589279671,17063.929920226637,931.8055911358211,911.2120474317672,24.632952315236594,982.5772743178957,13441.91149849115,621.1592382797543,729.7668866323307,0.2038506862682785,8.808164547966303,6.2327172515610565,0,yes
278.3845095916656,208.20386211201983,329.6670467013653,213.34908408886477,1,50.85757504673018,954.2730191355954,16557.860641498806,996.7905018222882,38.02058468375094,881.8993537992678,935.8073472921795,11089.628081290575,833.5473360217319,710.8875524082644,0.23734856069844726,8.61452593838065,5.353371555025815,0,yes
251.69100689809736,380.1362566938165,127.17795280670569,224.88354628746896,4,29.57209115948163,647.4382260536472,16083.739817581089,963.5686115351556,528.7624579351532,426.08706891191525,717.267821270943,10483.903461918722,588.9841549884103,733.6954232534936,0.2738775540763999,8.304295470020538,4.933652801004968,0,yes
264.17139706009,377.08540459092484,255.312864364599,235.47164314241817,4,43.22064106954738,658.7060502528075,16648.55544998544,950.3857647880398,205.4569541260629,786.9030931555028,976.6689065359514,11244.870807866164,695.8645738175297,654.4839525262281,0.3036958463872005,8.587349560836325,5.379292822221758,0,yes
270.5195945226085,131.00154168600662,304.2279290767118,227.70053209657326,1,95.73135797738175,647.4298752503877,15384.418913418009,951.7985274491044,918.1225212472673,1.4001197105903884,966.6967946994307,14369.2947955602,235.33987894904752,799.0320317166136,0.2088964700299785,7.953011719951494,6.449981368862255,0,yes
240.05630868149964,338.0969194823391,368.9854071620514,282.36496763853927,0,27.0665063347705,853.5808262238481,19145.775190684748,998.746320662912,87.57145602098699,891.595341873759,790.9994949647571,14745.738070319569,187.5065006280064,752.884206168868,0.29913388907734695,9.885867026517285,6.513192158559641,0,yes
267.55738841391917,327.9333419244242,259.4665838867106,282.7638818893599,4,36.44697925386364,792.473305307395,18271.479661153688,978.3896104888879,60.56797920180963,875.6843761179663,827.6097571120222,11307.717908917557,735.5374648971416,776.5523645424402,0.2939013543676623,9.43220354649842,5.369081189553124,0,yes
250.50627738665222,138.66068117868193,203.1295382553713,229.53042197867433,0,95.62619474185863,713.5337052237403,17185.349385100748,993.7092961820458,106.20719576306008,890.547838430865,983.6846582118873,12864.98411477904,166.93861973815274,602.6522307531427,0.18556132123675473,8.873765780686849,5.812409713621575,0,yes
292.61846777983715,305.7951508405596,143.09698194218657,286.8146086209083,4,25.114148989757528,600.1931440036423,17478.425932241847,912.5159404793544,281.2099920864979,678.9160002353001,827.4111825692723,10593.536107972463,871.8600999407836,702.39969203596,0.2643318376838417,8.984346613783877,5.131300560335322,0,yes
254.69147309838354,100.82505753295148,314.7582550356754,204.2211546439175,1,98.1206956334564,929.593752697772,15675.985626466956,924.7238778404003,246.0495495151448,748.0179165535417,706.6492397996276,11159.56322034042,499.4545202058614,703.3736481080722,0.1925339736473086,8.158004604837455,5.165266785282226,0,yes
293.139639374542,273.9137477693763,343.107826309918,294.46534999123855,4,80.4994865808404,717.9750558294235,16745.954718306737,945.4012376222046,184.354544063961,763.8280508409398,749.0010812654981,14683.60514970723,425.4293955758142,738.6731695624967,0.30013966200066333,8.648376595619279,6.560547736636811,0,yes
293.78850369671517,373.2939460872009,112.26955560928059,279.12252945230284,1,83.53573967765448,727.0929929305945,19241.295888868008,919.5950503015555,93.48112554315057,899.8931235464349,744.3601276803261,11130.354834727994,323.42413437768727,604.6803119783704,0.2791195590596684,9.894520744623671,5.085217419949963,0,yes
237.01649537807972,168.76937051874387,269.8567196924124,283.19784688498555,1,93.54702452740761,674.3118979296041,16061.651748326407,988.6108939038543,419.7522127207746,488.7415268374405,812.240743891285,10381.64229199817,894.7121343771668,615.0422533695813,0.22371705223213384,8.302592079773301,5.031072071472394,0,yes
279.9152489268824,210.88045889717085,244.89283448153657,255.26176530029454,4,58.79593301584055,873.9046117317507,19511.57480634105,987.0824447185504,99.03962395305139,900.1973951330126,835.8979569151868,14474.29431069236,780.7811227642878,617.6130323510747,0.24303859862557692,10.071734798276804,6.644851630210987,0,yes
225.27894218456066,292.4609386191312,286.92070866566286,280.85980549875785,4,35.61188026329738,791.671353392215,15706.780538718685,980.0397705890442,276.68423748791764,672.6379305525386,905.0410070959633,12022.305876591745,744.1207787893244,748.1223872943202,0.27937253368385856,8.149903477263884,5.687331890199029,0,yes
282.13156453133763,335.3046318891349,118.19343347417337,247.86427728911468,0,70.69716955146862,910.1975648372393,18812.377991700698,947.0303927021998,437.93120744409276,513.0758279467784,941.3284749738032,13461.895063402788,406.00219185302564,797.8806949001679,0.25176575681008934,9.724839472521435,6.149303614115621,0,yes
250.57915113241995,383.8579450157281,334.06775632719416,230.48234254339945,0,70.12496510144177,825.8728829757802,15947.698149290038,924.7466704867528,742.8040029766119,181.50123138488254,853.7880834197244,12733.935612019928,870.1230036673709,651.2160542336705,0.3068206995360661,8.270398906247532,5.985664334117283,0,yes
208.95986815903308,285.74330343078265,157.40736201008724,235.837373991123,4,49.36647177295532,848.0906760433628,15133.317882149495,930.2389365298782,708.4213867787641,262.19790364589574,867.4417543101742,12545.395388664116,725.0376408254012,706.7995224725112,0.2414467968651936,7.868951503566571,5.871356177266882,0,yes
267.5964468797128,241.1151564273389,295.70441807174393,289.0270755377274,0,96.92320742348541,682.6442078188184,17202.034851580498,919.1068605286359,905.466357231487,38.639878909707136,968.3358520075361,10857.713180245119,171.27855327961808,690.0581053757033,0.2592824611992664,8.86504210502643,5.009276582058057,0,yes
232.1985346852916,106.89366710321703,238.85792200594662,262.47363641382594,0,88.38303638905812,653.2587108628974,19668.99576391389,924.2311473892127,774.0354492219429,138.66875964111432,740.2830619607834,13777.88857592318,519.3847379608287,601.9541012689872,0.18336396914584158,10.092789950831417,6.209525126453541,0,yes
263.96875175802364,123.8671693242874,344.0624756938491,270.4024735910772,4,75.80927007026233,946.0926720978846,16703.996172758296,962.2384653235922,280.49759657395566,710.0329920831648,871.4968461135927,14152.954582340422,834.3375462858279,782.7771954342627,0.2312156750821452,8.680937625424427,6.572567909039878,0,yes
263.8430063535705,199.73671759380647,109.20485579803531,219.01954284980863,0,76.81221446957787,775.4293768195446,19940.02216018542,907.0053276269042,272.1838921896371,668.4942939694308,925.9845618983621,10215.622312084715,312.81863589523334,645.3673966428103,0.1884255796874188,10.252873395442988,4.785774227108087,0,yes
270.3244675164739,333.13031619746846,246.2835898840962,230.22511316521616,0,40.191561879979545,701.0494475979299,16320.30252801019,986.1474539914528,759.298679606807,190.84703676026595,961.129881264089,13307.270052468068,535.3785891256389,788.2300589141146,0.26765663346321816,8.43744575841239,6.145714994551061,0,yes
201.56744141937122,196.09683618868434,375.18812423508734,280.091976485846,1,28.298703847029564,612.6486112558352,19835.43778497297,945.6442400259967,455.56125889346606,513.7106797951058,807.6918123371528,14507.620194682506,539.4856009308953,627.7035311323311,0.24241459151751577,10.17009713186447,6.547549261767135,0,yes
237.14187692974755,193.22316210340097,377.50566673170806,273.02196456818024,0,97.7136437695455,840.8512804479949,18222.073855818628,951.2213218193757,399.8644830331718,558.5170475085349,734.6555974920284,13539.39738389523,212.95860411403567,712.1228153391297,0.24953309121484785,9.414582486682573,6.0100260530324245,0,yes
269.97650552993343,266.11647985999144,269.06923846347,256.91581954357474,0,46.13638387734623,926.9684300786657,16043.382921917322,915.5440122906732,554.1380836865081,414.6662168129026,743.0924738173244,11068.480934727831,281.9189528156664,603.3942995448018,0.2514495132185894,8.3398482522339,5.03979064495437,0,yes
210.8802717191912,278.8951716171091,141.543860612463,297.7719119800749,1,62.274942642607115,649.3000913964613,18496.259074713726,922.4969508086102,623.3063715920973,337.61646351629486,769.0206873106198,13889.904163063293,410.92273503704604,755.4573875663717,0.2377867565855587,9.505319470334472,6.249256332664027,0,yes
293.4108098282776,176.59767446896745,399.2235746654154,255.53292971583642,4,42.506899864179516,689.8840726222026,15069.555057881262,977.5592155955195,836.9488573674581,162.07675485338007,755.1370232431029,13610.444049327525,678.8641964684043,704.1819248391643,0.2599081366395312,7.808429469097246,6.2375731561788985,0,yes
210.46512699479968,255.2726726721308,227.99807990459712,281.5984976961639,4,83.70087212208071,927.8032248817559,15989.892307806518,917.2945970397436,434.420733417992,481.09314473476604,881.8304628226042,14178.67562490198,810.2807679695902,652.9475309130048,0.2570354082188077,8.313532783114528,6.549864957398658,0,yes
291.2109002044309,222.85127114394666,307.3219913536991,211.16332839374428,4,41.05696246998189,605.2052258629121,17807.155774040915,937.306761296961,549.9030300532991,418.41630980119237,853.8824454065746,10898.42019809853,209.8241567072522,647.0446211042837,0.2506943091652323,9.153193716072904,4.992880016722846,0,yes
203.75572963886148,299.84649090596344,310.46740092683865,298.06950994988546,1,64.62828212073575,759.8821869473918,16037.199691962942,933.9937361725334,277.555916221505,654.3725495430269,888.5039416124426,13418.84370995406,678.7049565441575,608.335261214926,0.27940825349127013,8.30170068567844,6.192385737193389,0,yes
223.18050721295907,250.71601541187226,150.36062474339997,222.1045978585116,1,33.4798326044426,944.1192531888817,16050.197588587931,995.8434602504298,66.26076016126308,844.7358633347056,947.6536045523136,13353.88602550402,696.6779156812482,655.9025110291851,0.21107854348817556,8.358235430338347,6.200607644769876,0,yes
213.07332834856592,185.49354707059808,374.014735392556,219.84704062609987,4,37.513489929226836,666.6398459256029,15873.327432828666,903.9793359233385,385.01882416943397,602.6093645470049,893.3529265900843,13910.104398283089,259.21500910970326,765.7900821558284,0.24049972462763675,8.195115425686149,6.251452781643179,0,yes
234.7125316786857,181.7360112647292,186.98822755128126,279.57149514953596,4,56.09003679923758,621.9857561071807,18339.82681637994,987.2860119828337,415.62605661914233,527.9963585564026,773.0077809165329,11959.2830239241,466.2068576710041,619.8868447480664,0.21860397978773996,9.43006929596563,5.480475590704297,0,yes
203.51028320817935,335.92084911275776,333.5387548493765,203.0668936311794,0,76.15319775686775,908.4838138033302,15055.839344012687,958.6657916458798,276.9648436530219,629.4451071267772,791.3404887055681,12147.25095747672,739.5026679031376,619.0072495022778,0.2768697476760808,7.847781671734271,5.6671047595121244,0,yes
267.5903990907792,260.44608254622364,269.11750405409964,262.5150865729281,0,28.029827805532825,648.5907243371252,15599.224773854792,973.7568265323174,866.329429815496,80.72370586111163,980.9645997271291,14462.656808065545,547.9000493397352,761.9149207535796,0.24773321371341425,8.063696191646663,6.616875912759736,0,yes
286.38710937171766,286.6810329203654,162.28894972220343,202.8092373320714,4,54.56280915059899,971.185794037639,16603.843976688597,902.1358233311947,294.93138142942183,690.2321679614488,726.9353332280301,11210.750147187526,719.1392628788127,702.1513808210891,0.24663517463739384,8.628384405965464,5.280334138576534,0,yes
205.99546787405822,177.55998482541662,337.19567913869264,294.2040699371546,0,61.029604426570046,707.8278895617773,17648.528701683557,964.9042795098715,734.3376172318171,234.13002143701192,964.041775025082,11345.083042804532,619.731587617141,763.146826690063,0.23089644225919748,9.1001135661134,5.394924099825525,0,yes
279.3413633888168,169.36255093849144,209.4297665540823,225.4437437467246,1,42.458643074514015,796.2821617144933,16514.251113311395,914.5604135155764,636.1406773615365,302.853633618946,748.7108169364213,13559.901535046005,646.7954949928683,619.0193135617072,0.1992490131952865,8.545664268551999,6.18249084810241,0,yes
263.8722743471021,108.51641626225387,293.0738089680261,219.23966890359353,1,25.49624197099993,914.0642470200776,16668.577314391005,943.7173567152821,196.14666244928569,803.8095673431822,767.0477835128243,10335.05739875407,290.1907103518772,608.0063761665109,0.18630861749900493,8.653363961138991,4.764227460927907,0,yes
245.53017874933832,139.42909823697102,266.1639339007696,205.3218565315198,1,53.90953557715318,760.0098341701718,19519.642987593514,952.511705607909,736.0876022786238,212.78783349994615,838.4139360876624,12092.203435160278,661.4097261035475,622.6262275417143,0.19175948860607359,10.045494626343167,5.638967125502263,0,yes
258.6328392408172,102.09184400013226,278.3373177541615,271.86534352460967,4,61.38748173872698,702.5744502046362,16792.81464420347,904.6493926849216,576.884630269445,363.40300339388807,763.4752785771955,10380.200357006963,826.9897322120381,625.7059654181946,0.20716487727703187,8.662835798657198,4.989644636752791,0,yes
247.6773215471381,360.83829736630133,368.7714164446203,230.62651794414222,4,46.51517754689701,872.1446374585167,19203.119157730816,954.8192116498087,645.4986307128642,255.30374319510418,706.5469955826326,12497.912821291167,870.2084014945052,632.7574270484308,0.3172476068276604,9.912652887303523,5.826766215532583,0,yes
205.2578228993907,151.2777440446972,277.5343585434436,288.2222484868283,0,44.231949804374636,855.0747176761163,17538.184639516723,980.389922663327,198.92456242156297,785.8321648352916,969.2071665715423,13190.24211119241,647.9497875112654,617.6888938151169,0.20505039680527504,9.07986342249409,6.1294233146223815,0,yes
206.39067841232574,248.5662446091977,158.65506638709073,251.7905527896586,4,75.05840889444195,905.7695270099924,17779.93342723741,981.9630013111762,391.44233004202624,554.6500528022937,950.420985913131,12112.496728142458,158.9737476454502,753.373480948873,0.23292171304175316,9.212428906750853,5.507755311854885,0,yes
267.22362197872326,272.1108016853724,155.8088034320188,269.49590712126957,0,80.67445271886616,977.0344927989331,16240.804838178843,968.6877977821391,639.1710815427627,280.58300786002064,945.6830273708542,10021.772263721585,320.9863382556021,631.985215901994,0.23770470683616407,8.4573416002744,4.714762055880342,0,yes
253.82800567902365,205.3422930593211,351.8887485860739,293.29875543908844,4,58.92857729672603,603.3354106176864,17192.685080615076,976.8435501412839,121.0588036369221,840.4740652664075,706.887860396566,14855.686782036435,639.6894854769362,701.7505867777642,0.2665451972674257,8.85099841490502,6.695191519286078,0,yes
278.3560629807958,229.16301664097355,207.1459454766846,262.7007004864495,0,66.84226204285821,663.6424998674721,16200.10114505993,995.344559949051,720.8147329258309,246.68774175560156,935.3579590098444,10576.776194536893,457.09406222881574,761.6836051548308,0.2291041093545118,8.370414487334315,5.010744752430525,0,yes
247.99691149830673,160.04972124677982,110.43644991383042,244.75612316710993,4,35.13461058891315,848.8385440352531,16163.547178545441,915.5341128889717,825.7032124716027,98.04570165797782,928.5403127439148,11028.325324425736,705.0118825987752,696.501877741343,0.18670114840881855,8.382222123256474,5.273154272287512,0,yes
282.47921176889395,173.56142311776574,107.73715940391592,281.4604710059456,1,80.08639775959811,934.1530472211697,15601.636386564089,915.3776190427504,264.3827268781017,660.520013332336,951.7049487794968,11485.210973459134,614.9685111525962,706.7924919085613,0.19692103751986167,8.120593290846859,5.430673063908547,0,yes
265.3172459366445,370.5477328919582,322.157242896066,264.9612460344193,0,99.17268345941748,717.0302257415683,15845.772828646912,972.8112085675107,78.15380160059746,889.6468883261643,745.8077642110088,12080.510046376185,576.0627140008135,732.6996792047789,0.3115274074751841,8.201854496140042,5.5801962787177,0,yes
241.8786125098982,137.94555351340676,249.21059688870827,223.60994561149232,0,86.65548854312023,779.5956598517155,15433.080030110636,922.9034649783398,124.98948240932744,800.0278933147707,970.9970883787271,14009.04471020946,759.5904551846595,748.1613890812633,0.19108847238144047,8.002501546372255,6.5112678199327885,0,yes
285.03791220225213,296.78401503751473,237.86969187728795,244.4008322030659,4,84.16979334364834,672.1471686274091,18125.332740586404,983.7906197263085,119.0276309500717,865.9082869676643,969.7431599092428,12776.284389800776,375.58855570525145,783.0517826889678,0.27766223407239515,9.333290481986511,5.876960102976541,0,yes
280.10632209736036,368.4326428732066,279.90197284317884,281.79676893128556,0,85.59267882482662,921.111683968333,18302.88040284203,940.8304334900429,11.030755251470888,896.9973673597696,937.8188621744503,11297.733892322614,518.3899935128807,729.048643328754,0.3057616294572458,9.47172477628883,5.3121339237957175,0,yes
294.60734277131064,193.58571456833351,139.68709417288682,232.58550852112697,1,76.16997461642335,818.2766854042194,18344.230608761634,994.4663130324961,391.3117214797043,508.9963690580799,714.4110482134487,12410.360548131974,832.1712617033683,649.9567477240397,0.20258995984771389,9.476572002106435,5.781860220180425,0,yes
289.3288025749371,276.42015647936796,380.60908619462685,226.65645582837325,4,76.82949452826163,740.9602620196013,15634.23876745858,906.9886256887829,14.45195272505821,972.3520478367118,867.2061991122257,11264.748234761139,752.2002358419824,756.5763942617598,0.2941363167785469,8.092334541317248,5.378704862306753,0,yes
280.2359763731761,259.3988039505968,300.92935317002224,256.5572902325771,1,84.25284502754808,922.7305748409594,18065.297699946856,955.1482462107701,562.5966324181159,339.9957206550897,865.6722637935627,10912.884206314677,595.2870972200726,652.3593499403153,0.2651536055479502,9.355271349175627,5.149246779528903,0,yes
259.25403648415823,108.17691661683054,255.66661295325073,250.3823891677363,1,45.77656336633831,631.7541310541133,15498.885842719288,950.8124343717036,419.62961530777756,559.2339955029984,749.78315168438,13746.055188294526,162.54100231715816,627.8195702376084,0.18688446954710802,8.006690173391545,6.070322756426698,0,yes
218.0846160997829,169.90162550476262,193.27698024159508,242.23397971677835,4,84.2421069579271,829.2299268840868,18123.90244052648,984.5291284433376,46.54646857497882,882.4522843474188,879.3626530538829,10138.11236968177,257.74768535364575,718.2251410517185,0.2090997724833395,9.3674850906581,4.7220804655664566,0,yes
283.56158974331686,182.5889360465498,227.24729643507138,259.4184367096938,0,88.73838661875514,740.3375362732253,15101.554875552527,952.8471824113016,303.6131428590747,638.0945284905449,876.0212000201873,11953.506793118817,497.5677916711561,600.1470353722475,0.21725076646815417,7.832138977704178,5.529077856642342,0,yes
217.21613024710928,242.21590806476416,360.27267377233943,217.49430879801008,1,20.506912487523607,717.6948157638458,17048.478846980062,920.2499720972751,970.7331636019609,4.828528242015977,724.3965676460236,11831.262637347472,413.3105240655381,659.4028323604464,0.24635540364758168,8.796128482854947,5.398237973580077,0,yes
239.03552460118792,191.79992893771222,190.853376933371,252.06260513819188,1,86.53878202191825,618.3711825811565,17280.581381405067,908.3366422212971,532.4182732200493,445.1724416743889,829.4970615257565,12623.079549256265,591.7015615114994,794.5035867700673,0.21027531426048016,8.888803912198485,5.846539507622684,0,yes
267.9399314930116,314.87202278800373,288.10458342224035,275.27487727266004,0,30.29507755129524,612.2006908924423,16036.8499621202,958.893675067048,562.6087680756125,374.23438973622206,703.7622567021366,12630.434491030299,498.6678064061235,717.5395691755093,0.2761818832352611,8.272529202200431,5.746122047137433,0,yes
200.37056581323742,141.78166616982477,123.04479382954308,272.26754273225913,4,55.36842722352311,852.5956411923395,19731.180897659753,925.9709243815385,933.7973180628052,34.327108329335715,821.5478249025733,10655.918070782225,784.5758904663141,604.3721469257644,0.1839462556116924,10.168312556837465,5.107243966644338,0,yes
263.32723835816864,140.6071793302061,384.358666723435,203.9145725568416,4,31.83644831822309,631.4620849248113,19654.180507452264,989.1085375077498,58.89441409490013,928.0370632199824,794.7714419221843,13124.214691519146,410.7641510951852,681.0939595204259,0.22706471061790104,10.08956243231368,5.946974149500799,0,yes
201.23318481805194,317.9908004907405,242.4105706708979,293.9356207898179,0,31.897221103026816,641.4105456154452,16437.42968147706,909.8085156356984,746.5976820370562,241.62000943276632,822.9884721245462,10485.334489754527,396.9771154832391,760.6713994458897,0.2637954663540253,8.47244834684856,4.907903899539242,0,yes
281.48873351919434,139.92592918206157,391.9777943683104,210.91760466086632,4,28.17159521682937,600.6868734089121,18558.631346746002,958.6856171481807,440.52845146479785,525.5470568974362,870.3616310988095,10425.4975831648,463.14513715306873,656.7722060380537,0.23155510641787427,9.530890081602076,4.912596492162651,0,yes
261.0253786863878,376.29308746533223,134.57858053689029,207.02464179334606,4,74.18317606131524,920.2423855335268,19679.490661529788,963.601101789769,225.49758225169504,730.9305639360274,752.8390432608192,11303.788485209036,494.9070535792687,709.2281592146237,0.27703684044455856,10.16296533873714,5.235183658382409,0,yes
278.3584228575953,166.30647663704485,132.78048435390212,275.17657156307786,1,52.179208034228694,694.6930709870039,18304.970060525317,909.1735660361809,523.256776155562,464.0062653451041,746.7613864650775,14464.052009280578,181.42834112206208,795.3545035148604,0.19374061299327433,9.417797984233387,6.387177833172342,0,yes
246.08735098819915,211.15910345375787,196.97984837387682,232.09122220232746,1,81.04561780745257,771.3693190318279,19135.377000902714,965.1667401825873,439.6816114893775,481.11600638835193,792.7775246277026,12725.315063408107,413.54058418479934,796.6688936216377,0.2154505564764619,9.857627696767139,5.7939600120188794,0,yes
297.15882292514004,233.58399627735278,376.8252835135973,268.6421356597483,4,69.98915368443835,834.1642345548619,15020.168813756294,957.9785460994881,568.644919840102,338.06203177832367,839.9397701255525,13334.718126661894,758.062935982836,733.983764128732,0.2847745360779765,7.8130581533830465,6.184118985525926,0,yes
228.57226524077777,121.95161816072077,383.1496892105094,224.3557925937555,0,43.91798720340919,913.8147597268057,19333.96106201659,910.7712232092637,832.9984777782664,119.28601932164997,752.0294777587952,10773.138491382566,465.25559564401516,693.1732487591498,0.20457370042750853,9.981486648060384,5.008050096994014,0,yes
280.27059722104934,398.55321865346036,351.0647882553661,231.84150805841895,0,20.117492117549737,686.498498570798,17150.37144617039,908.5871599603573,909.6308794091526,64.23554634154357,802.7403434788032,11319.93615151484,257.7104339752658,778.0934752440788,0.313841760787902,8.838618978830032,5.178274821388136,0,yes
287.5827827898413,367.42192121270165,340.0187838715859,231.00565440337755,4,92.31639388524499,663.3491761164197,18820.677658245182,986.3087111500736,86.43874880061013,863.8453491283336,903.6088895096633,12671.100286854353,361.71346157826736,608.153657300733,0.3250150983533194,9.679385544187825,5.775030710194987,0,yes
204.34390422474095,188.9377587864541,132.8473214123628,209.15540262870758,1,86.29052127079773,936.2861207625879,19995.474538504397,959.1708392191496,366.0931487267237,590.018762248829,865.7424056368035,10492.754698316523,849.9290250765362,788.6935326618684,0.1845358382149924,10.324009497104546,5.1084571922797855,0,yes
247.5515398771188,373.9377199625703,131.3977318786039,296.3725168638609,1,45.432804245098595,603.2140903322476,15578.479728234865,933.6901898794554,757.4003685991061,181.0936122888171,965.4445751827777,11421.230567658593,664.6824609110146,688.3522650369156,0.27600989309106166,8.0379271736844,5.429893141522962,0,yes
298.6608877914491,117.56817271786899,120.04002989778468,245.07983674343066,4,97.79107227509536,757.2031709992297,18821.269545588406,999.714693871756,478.0854222600882,439.7628117551135,780.505098604258,12941.61264857117,662.9643416243748,781.8821500832306,0.18598525642220823,9.70221197351638,5.972958970268461,0,yes
205.00691183399485,312.20413973479094,275.6661612434671,246.50256199790633,1,49.34457906481018,980.2412076297251,16314.441887850993,981.6833377601791,344.08944352332117,624.3957533370341,779.5069706892573,14781.91278856761,510.8710747310073,786.340520401172,0.26531432750952416,8.496695923306937,6.655394633673513,0,yes
222.53598494454795,217.14158183042485,251.1341709790965,255.38014507310157,1,36.93609915881432,617.3272747979412,19627.88060305635,943.3416090694336,160.69364018676401,792.5653091764021,922.5181532069649,11315.70410398562,253.89399361584086,651.7894468697845,0.22481157782309694,10.067019538752877,5.203421557733874,0,yes
261.2123105141185,122.45311153070075,214.26539315460803,266.61492860697103,1,52.62065532834626,824.2631300741723,16339.153416267278,904.0538707551619,522.3733861378571,460.906194372972,744.339929123251,12416.368612327824,603.0047207510502,616.2329812086637,0.18866920734730294,8.462938372949077,5.711554431154233,0,yes
261.41167032044564,158.8437846192203,181.05920901791285,278.821807136022,1,96.65372512523464,722.8692868395062,15634.847075744809,906.6730834083353,200.91869480223733,731.8162236536457,900.5528590311488,13638.20235470928,442.5036516351473,620.7346223540399,0.20458732792565765,8.088599058516875,6.192196501569229,0,yes
288.9843409817082,278.5764529487809,220.94368276903873,213.05747522444904,4,84.95300013701983,911.2891854604757,15457.184347688584,968.3064968544824,83.10391288962488,899.6310902158798,931.423382318587,14695.654603965238,634.8566486562961,723.0837081949969,0.2613238029816327,8.050422113860023,6.724808607542285,0,yes
224.45840330147513,357.90505473996615,293.85325998876806,266.3824514873454,4,91.89560686537635,974.1970561710011,16801.530119589996,909.0246929959425,664.0862428428243,302.260858688134,924.769429153467,14989.059533795693,208.41325739532283,778.8106867711963,0.31101343563472383,8.728860626702101,6.674074269972912,0,yes
239.01278936379165,147.74456425340506,284.8805327745839,284.18117736796034,0,27.92528791433252,747.1496368398809,16623.822024826215,994.6423147137627,616.3408373940669,321.2216716841041,731.9314086038328,10975.356709697093,835.907479237623,750.984580983234,0.20651126187973146,8.60055620621058,5.2347878612050645,0,yes
287.78907240267984,133.9346043325817,106.4374947783426,240.17939658712118,4,76.13627860782533,924.6088480007335,17862.015606338166,927.1479929251427,418.11175085584694,546.1995593492151,809.8527711225254,10233.44617616715,217.20516287362955,786.5161944536324,0.18473011634199105,9.250213658172596,4.730127438066666,0,yes
205.31100848819898,373.993590506456,310.7421781473661,240.5246638268679,0,33.39992304901841,692.5122488481212,19158.513417408743,913.4611702841731,305.22276602094024,687.4710468977546,871.9335237821228,11463.53887569339,239.31395996267727,732.6039589609027,0.28988409737730647,9.844676010125447,5.252590585684614,0,yes
243.64651579344212,124.08198673575413,261.0322365131176,204.47997710189597,4,52.182430254623554,714.8882809948591,19341.181576627736,981.5508304545084,874.2474021467112,77.62261480763482,913.7381362007291,14789.403337277341,513.6047793241216,785.7543518645047,0.1959707226958177,9.950295403802228,6.710808395495086,0,yes
202.95406916330586,121.62681035962346,362.85022524659456,288.4147817084213,4,84.06660977495972,960.3518792103803,16239.236317943072,998.7152984046015,328.7573691225318,657.2258406937847,957.755448473592,10341.924051298234,334.3880493478074,664.6785431110977,0.23100888157077698,8.456876694579767,4.866411846626253,0,yes
272.2258915673302,362.12075641334064,150.0608182304763,244.46054551899303,0,27.60512653244545,805.5312214331337,17019.44950763007,967.027178247597,420.3521826951603,548.0255431961207,892.7541814740107,12427.191395217758,681.7044257533925,776.3982408364417,0.26151418599802756,8.807533195062604,5.825795663475046,0,yes
235.08183022798434,140.52237992275212,230.20586518125606,223.4957529331208,4,62.00358050395081,630.2516343143711,18668.9275772837,961.6223657444377,530.7407937147344,437.0932090660691,731.5969431253554,11403.802537424031,153.0744348413058,751.9054960038741,0.20033694120288886,9.592872437079526,5.137187877564096,0,yes
292.42692179392293,373.22931311482915,223.87443069945587,241.9777121297779,4,26.993093909196865,754.4736388181632,19400.723965410943,972.824649307372,363.922693408815,537.0830721689955,900.2176239342848,11017.139497779957,520.082257297148,705.3022674039739,0.2987054692429841,9.987608534395518,5.181434011185441,0,yes
287.2360401180174,283.81418019805295,120.7369357334889,258.21372748501244,1,27.31902768042704,765.6593859740827,15599.97545045912,977.8339338891029,502.38228470650887,424.810351098133,971.3094028671005,12199.562618861164,341.6109400076143,678.0229510395578,0.2329423375056107,8.090408330702846,5.611434102000735,0,yes
294.15869926724633,270.27500333020515,393.62997508666683,254.9975121326755,0,54.058315342711126,897.2965152587717,18223.3703942261,942.8909197661137,774.7941504793167,166.5873491870003,829.7769167007302,13730.116267586538,565.0651542193123,693.609919986821,0.2816999817711768,9.4268347462132,6.260422701303752,0,yes
254.88038168551077,398.1583770753622,377.6627322020072,251.00314465246538,1,29.132244158157008,731.3349831755116,15925.687717502013,978.2715042999604,627.2409957484462,342.52952388110475,969.7514146097601,10755.226980731406,389.4228175057304,779.4299021076497,0.32475533739522805,8.245723384954909,5.071493112426869,0,yes
213.89875383958724,290.4173696273524,236.5774598828212,275.81564856130876,4,60.315656281658136,766.896068598544,15817.776898489203,978.1718050535479,922.3479733728637,4.520084009848347,730.2943342535575,14322.662595839183,608.9628495056184,649.1946795068189,0.2691458078961647,8.199630407476654,6.4673795487952965,0,yes
240.05510408756254,156.36063264913307,282.4837107988187,210.8688934470298,1,81.34610841192422,859.779666151176,19528.217749226955,916.2948173434096,65.14316334803297,919.7017278910507,962.4884622209308,14580.830231806547,294.8192101689925,764.9798796680116,0.20566278791553974,10.067126206774539,6.561145467977407,0,yes
200.14524822589482,328.9743832346432,288.39832676326034,219.86527643696115,1,61.510075572043135,635.5473808459493,19959.865326770447,956.7766791594246,809.3390509575432,112.51190237218873,916.4611225398805,12716.89066016966,341.43790502395973,797.4219476615267,0.2701572118867578,10.238827731406465,5.811467545642735,0,yes
205.38593804134234,235.82275848701278,368.13342536469366,273.72072295138037,1,24.14122664029683,862.7057507581503,16403.272855762534,932.5259630974329,342.14897284258933,657.2327892661874,804.6232364604766,12620.002950692811,807.0809510642903,727.6753879157706,0.2555791030780631,8.507535597110426,5.9156341996442485,0,yes
213.9871544539384,350.11093009350657,216.47768986857733,284.14109995740426,0,72.97053684719415,690.287286121312,18462.998549000105,986.6437123428329,225.04231029242382,727.573653281573,866.4685394321191,12839.70098051587,852.7864566218361,684.8372223127277,0.27627048601011944,9.506497314604909,6.034410486270565,0,yes
295.7252116791979,289.56947377300924,353.35409874227526,282.15539040318026,4,31.126804260137977,821.3913200093841,16053.017577533465,932.8798797123003,544.3746909101086,361.4376381864846,807.6596690874557,11472.844115233827,193.7337753592078,736.174835008179,0.3001105367739637,8.323168506780021,5.200894185813679,0,yes
288.4545764451437,179.84830022453042,202.56052547024188,214.7309479469456,0,74.25114616257964,923.2635189391609,18996.325341171727,980.8136564768753,242.51715450354573,708.9699133922672,780.5751125958886,12794.936321061119,525.8777650034294,677.1530662846277,0.20107780478581577,9.82444961996019,5.8502172244871415,0,yes
252.05604611457196,357.85148675754147,285.26328757056046,250.1150896433052,1,45.527065754007516,701.7442797462593,19545.85822198484,914.1037481004844,197.3746002982079,728.7112272921322,768.9556163073778,12351.578766597211,510.2788012004546,754.863497138549,0.2916784268020079,10.040465544071013,5.668777440250961,0,yes
209.3628521257907,121.82216286498195,333.44222700275935,278.46558276791365,4,92.27672358171178,625.691443697586,18737.175335475873,913.1647455315882,243.3433515684056,756.0409553623098,910.6064040453067,13644.944325074404,362.0536961785517,607.3342002756505,0.22505682844578503,9.619353341612683,6.1741837989800885,0,yes
220.23791414445893,162.17350489179753,181.22697318609784,263.0772239617066,4,96.51956174785072,934.7146474761637,19141.959846967868,957.1354063927238,217.54210379047848,754.7084978613218,957.8638686954112,13229.513095402812,288.34577982509313,735.5416798194831,0.20958312682837782,9.896612442064537,6.010524510150459,0,yes
203.39985829352813,345.71896515160483,343.70898657577584,211.85314226430856,0,77.60120958940817,794.7467492658334,15089.713751850355,941.7211578613053,534.6246486484104,448.0803123038462,776.7571155412345,10383.335230618413,679.298031680579,659.8635788818369,0.28474842563109865,7.836773672823267,4.9474549373907255,0,yes
238.16214302981228,235.6550217429159,155.61882619900726,213.60442488583135,0,79.44029181098907,836.3179153390137,17658.751891308148,992.2882302621475,701.684316168947,278.30436287502937,914.6808674919765,11391.261448994734,675.1370135063634,699.584352958467,0.2080758042537573,9.137576198019879,5.408980814414609,0,yes
263.56263527458435,173.7294837378597,306.2170238160988,205.1374553631483,0,26.73626500052352,711.0119689526906,15974.992297342009,985.5411247345919,79.76863788109135,885.0021108786362,776.6163929175134,11844.60734129279,119.67108339221343,755.2223097707666,0.2083187024309986,8.266899311417038,5.318174589243209,0,yes
298.86683279053307,100.64599437057365,234.68391526316992,257.74685196235714,0,57.22026152744286,839.2650662983699,16050.04616910614,944.335537704396,250.78800033696294,701.9397720396348,755.2801408947956,12071.664438088663,190.61869539329433,743.673729835295,0.1836033028630153,8.327265389346802,5.425647800287858,0,yes
219.29333938716607,395.31060307834457,382.06801077711424,247.19247796809591,0,90.91040557073231,893.2251399432174,17983.270288172527,930.4995398895495,93.73506664000158,832.585953624017,706.7090934153579,13973.628198216966,371.82494597527295,680.3043351662698,0.3230044791833618,9.304160633922832,6.227486591353906,0,yes
215.3039664401807,369.6671826706091,325.56106733429664,209.3765283638159,1,91.87635883959659,971.2263815854828,19155.696905889057,992.2526475607492,625.4676472861923,308.4442350941782,895.8616957691763,14513.866341734862,123.10565693590192,717.5597853050766,0.2975003547697688,9.916710749591441,6.42571028908813,0,yes
220.55653330907055,202.79550339786303,149.58820091421597,258.048093689075,4,86.43216037127631,902.6542333452736,16709.182245470543,950.9611379794102,426.28285088411087,541.5193737144156,800.4781951262125,14851.86525787665,112.86804428152087,794.2379313452053,0.2172699083791671,8.672066954005821,6.533524815203552,0,yes
249.1324726724818,179.99254324732203,263.6444161514436,217.08969418061895,1,52.87498321978211,790.8032058451938,18861.489407883382,972.2846007401837,157.84590219284846,791.4339015306792,772.3350715001766,11430.064928006368,525.2953258697112,781.7984844442215,0.21015991006002366,9.725992108014028,5.314303173402897,0,yes
201.95779021222887,157.8039735256283,275.42190284969115,205.41436542017178,4,49.46287467445231,792.5132090232287,18911.25777466966,959.2962995301339,622.7718997089171,278.249511140907,731.1753499955262,14918.848399507318,473.3344117197806,764.9712926599551,0.20691790504322857,9.749465390526094,6.663716760898456,0,yes
224.61331186534156,222.44093354966637,318.51805156111004,258.79192137030356,4,78.17815651755515,895.7110037997256,17908.95209750654,911.7356750214173,510.9018772523393,457.15901446325574,845.0642455882247,13661.510063104392,693.7124888022141,696.9679453459688,0.25853718384613733,9.264998585293798,6.2946701785515575,0,yes
229.03564737338536,318.1805213016015,316.80265568573554,266.53356191354015,4,70.47484815634947,959.6894768414951,15639.17095010018,958.5848140259325,767.9090129466372,215.51388269004406,878.2745064168295,13410.811752701615,243.97080492263345,730.8699806695754,0.29762827176910633,8.151140384623908,6.034384139284086,0,yes
275.45825544321735,384.4119281070375,218.51016680285176,274.17543058757207,1,49.024494708670446,780.8678605359471,18158.944482897514,925.3853505902217,639.0453398623739,318.85585545935544,708.8440150176266,13562.863582110233,634.9265370132432,728.2160778472096,0.2971647508200951,9.366056617365839,6.179938396477712,0,yes
204.5016099839774,156.31708744231184,281.08113026813544,236.49748780279347,1,26.44696067652445,827.3751366491734,16083.552970216688,937.440435260912,414.2379961526958,522.1128075406217,806.9354049110212,11964.791949512817,142.48268688664592,691.2301923890734,0.19909990411433048,8.340402972891848,5.375119199374826,0,yes
240.86948901318806,176.7305286735867,253.81450123537127,257.08913968922474,0,70.91811914449968,782.793872283812,18287.085926888583,981.7504943759419,339.5517223811113,659.4533798032188,716.6665442219422,14987.324936757479,757.8573600232534,626.1313510305786,0.21211270767839732,9.438315102346372,6.794281959675747,0,yes
241.55077930484583,246.9908846995166,122.6448594728809,285.3625686035125,4,80.0703055616502,856.0659360852756,15242.46521044007,975.5471378380138,625.0150242882415,351.0735645565825,976.940977103051,10565.692583042153,533.0683496060886,615.1814109375064,0.2368744601324619,7.931557233406541,5.035217718304325,0,yes
292.7504172210017,107.95819344135191,235.69614553427462,224.23755950601898,0,98.29896645871342,905.4884592480173,17498.45847670442,967.6339019585271,78.87962908549409,894.5517302106236,986.7269715894694,11777.886521972148,610.1230221315218,641.975754182139,0.1844187380350668,9.069646857748731,5.557966154931912,0,yes
208.37280284384286,243.08171464366384,265.82775907901225,236.28207066498217,1,56.25308896711762,697.6730501087509,15841.846902640797,965.5288159717485,89.93506726717537,867.6788611881856,840.8107937947059,11004.495840875335,632.2490495670347,634.4804848425619,0.23494672577705852,8.194624874884482,5.195930637567423,0,yes
257.0970653295528,252.08934982289088,139.90317405527526,287.3190369235147,1,54.91870297180658,865.8587332340139,18845.41084674075,992.6077989070874,143.03451840261513,787.6718942037687,725.1878548676991,11894.328818964888,822.1475707766297,733.1678393363351,0.22956036401921448,9.73760135959653,5.590869920804129,0,yes
218.18593977517514,164.30815747393243,330.53005844188465,261.2831554662042,4,55.49352446616809,629.8611498005705,19734.655086538696,978.1063057939986,556.7501603383608,393.65056404875963,898.9681490138554,14830.750483286669,142.47902288387138,760.0114380395389,0.23452120964164191,10.12792742448991,6.569353355013198,0,yes
267.2215553747733,144.1852478892535,242.69019373933378,252.616701900626,1,70.98661338302566,654.1848846383599,15805.586410854148,924.9301814019585,194.24472730629012,739.2820852280074,848.8003142571763,11915.98609205552,791.5057820659474,685.1316414741738,0.20331655888499328,8.16138336120249,5.630761384036492,0,yes
299.03854068040437,231.69444132866488,361.2760151469977,256.7079434324485,1,78.69644839813944,903.9080312468443,16417.143600819825,961.0220819511336,399.7841747096005,577.2766897126669,794.842726800118,10119.327374446762,116.73392315408807,625.0805858285241,0.26785510682111224,8.527718124160167,4.618725409933446,0,yes
258.6717376338595,280.5738318404649,245.28190818867446,244.8365601720081,4,84.16679632849926,797.6951807028285,15880.753543707433,930.951925404818,12.470966768957533,946.0377532223141,706.3709007571505,14806.542686616045,828.6198751511936,630.8218232693273,0.2694097965968077,8.23147389006958,6.741166614253671,0,yes
212.91298070777867,194.98284364182626,217.12852916913823,221.08653786219057,0,57.79528675920802,901.8733308283258,19171.364875678144,979.5774574602309,471.8887222713475,463.3908660124354,950.3618077738456,12568.950566440479,590.39160323326,687.274844839595,0.19969512680679322,9.906928978615797,5.852648723982454,0,yes
206.72481950491732,334.63762803634927,294.87714124798254,281.453789690908,4,73.98878647100457,865.5399519481683,16941.30990937239,946.2750959436892,851.1452744946804,53.529293750018155,887.590493119437,12530.15298679049,444.44550718928275,788.6928363394904,0.3004350090647028,8.779081149297014,5.76291296209546,0,yes
250.68585004826588,345.43158884480306,303.7863400064673,265.3094872092347,0,22.689455144014232,722.1411470652972,16115.385501922885,905.3591436145521,794.7662880439095,180.50633423117802,933.8518629609514,14496.511344242052,340.38583657187974,784.3463450177721,0.28641049479225694,8.328528386818949,6.535449089358813,0,yes
292.62190332154705,334.0316306175611,244.95026429063614,274.96347768956764,0,78.33021663794925,961.12548276647,15343.789796797157,940.8679440741932,88.58022830107089,897.7317886841947,743.9673999459051,10197.453298124676,718.4040179185232,785.1005032391079,0.28431654545314883,8.001342739841448,4.892707898327198,0,yes
242.60829970833032,111.18997886820145,343.73301339392094,224.3950401309216,0,53.065697207873285,933.600048181364,15957.137032255108,977.3525795735607,214.8455427474333,705.1190323045736,747.6127179455566,10361.367889020494,174.63654808531652,718.9965762091911,0.1953168822791821,8.30673667182195,4.724303613324371,0,yes
233.8628661852438,156.57257609221574,225.7834390064535,248.58862944335254,4,22.513234686265573,690.9885717338971,16134.727762326878,963.285228916275,851.0524315669642,93.39947366872468,886.9918746246337,11186.042595405648,185.27602762038464,662.2134410632098,0.20577365437607473,8.33928703750849,5.110055402870175,0,yes
253.70226958319697,148.4689815068505,205.31094032069944,296.4419304860048,4,29.609489358440264,712.6777904189692,19667.782157561564,939.0939461132759,827.9913045620244,72.04723444154615,713.6762750524701,11418.455046194678,770.0449748662891,719.2222896450434,0.21140796065365094,10.107256568807623,5.369036799728562,0,yes
298.78171033531794,359.2503889452979,354.4788062519027,280.45756641480625,0,24.86049996679067,799.1095456783997,17234.554459823572,993.0608110755201,235.34181954772694,699.0929010963104,728.6020357092599,10963.861107580518,313.6425252983415,756.5479776076461,0.31146823147421254,8.917253855455726,5.020262628825723,0,yes
220.4302149106509,227.19052617836297,180.55017254291525,273.3750757813885,4,50.59318126917907,944.943157469599,16681.36418562834,976.0795744424032,714.3706431780064,209.85956239115592,711.0036387805073,10631.742719794758,542.7907013152075,605.9582957980427,0.23176396449204528,8.671269403122212,4.950815157099225,0,yes
299.7063948336978,265.46300903579913,239.06616705504493,223.75689650589624,0,22.35003548169752,763.7832975701809,16539.47038801846,955.7140777061043,917.90298839362,62.91322187823232,991.7167226788317,10251.295138612833,886.0560126272636,738.9112717833002,0.23933235837651565,8.556686563947983,5.0734939567382735,0,yes
247.16214001370116,359.2264460594203,346.9744587786264,284.21582269249694,0,54.61110267413556,723.4457363732232,16704.618281024275,971.0733897846167,21.638149333852688,931.5872357528254,774.5601340549002,14157.790010005096,495.5008272830058,737.8983538825796,0.30791382463295663,8.632452017479173,6.389064841559951,0,yes
254.4356478278224,276.1936386473825,230.05183296113424,298.6164970512483,1,48.31520440336425,600.3954994627122,17349.034638329766,930.2608971006088,513.1621299979262,387.98030842223955,926.98636346504,11060.151541348381,820.7594213907877,731.1650572304935,0.2583246524915912,8.92212259171865,5.333057105775193,0,yes
297.66453103408037,193.60560807175472,140.70622957282842,211.47059196741588,1,83.07966149456985,619.3791900912038,15453.716911605417,907.1133300808098,242.4540187109172,721.3077595602076,735.251131661719,11768.553685706818,660.2952728437609,697.5488047661205,0.1998351238705242,7.975424042260337,5.479678895767429,0,yes
229.122573914468,129.4734574296757,325.47149195630476,261.4656376733324,0,77.77005610618794,795.0545895547715,18576.009634055055,902.9857854020877,263.6876927344383,651.9199158419823,772.1610502316183,12517.86854719667,427.6361709923901,659.6923553149114,0.20779384946323787,9.574689845466045,5.689513992219528,0,yes
234.74187963883378,349.7028075217898,383.15453831376954,285.81058979881175,4,55.87868348658395,850.0902466904602,18877.862796298636,902.280101665352,677.3151569816216,255.46862965952607,856.1385845499168,14472.406515770039,774.3383389717806,679.0718139332457,0.32624891981578125,9.737852594072928,6.6484984377858405,0,yes
215.40944542148685,264.75796379120686,124.12586483682144,269.95221031480446,1,24.245937842826546,752.7717604790251,19803.136381163968,970.4613980778976,654.7083036804306,257.2175299097687,944.5181514474134,10988.5614280745,162.53364417325847,682.8519153922124,0.21887624108744477,10.188111089916596,5.043233683001999,0,yes
267.3455713727107,362.14783667970806,148.46257986810065,250.10234389983626,4,82.9727248755102,618.0000026477107,17260.849131514897,996.3469639606114,906.727805868663,74.77250977150402,978.6675407950738,12893.074595956306,858.7945788700398,603.8845478766124,0.28467599698570867,8.890969941416031,6.09642732112806,0,yes
240.1988346430583,332.655517654538,244.52427321605072,294.2905744134502,1,42.9244098716941,763.0399274629345,17819.962591962812,952.7832078882553,119.88461960038596,824.0373303744126,744.6521930234607,12880.900430359718,593.0090422626133,678.9363859927411,0.28046124350807505,9.196364171371158,5.896280620791053,0,yes
220.59665688547824,242.64437195106456,287.75003603366326,231.93603125488625,0,52.91034370138631,737.9021067024643,16942.077369883194,925.4689644183541,52.024958954175865,912.953953681606,799.2769986687931,13394.159817818361,684.205992771384,699.9568497393973,0.235409943224865,8.748103374178053,6.165581545594145,0,yes
278.5682284534586,232.48644241772453,182.51831174267494,249.51522779067813,4,42.459755831415606,876.3862034463855,19765.59375221321,944.2419088059389,227.61565763866426,746.4857055018969,932.8250326309297,12776.86387266086,436.9103127742698,699.7480032902774,0.23583281049157193,10.19339422134766,5.874396211099266,0,yes
285.0348214694594,374.3831017356177,237.69610492740307,287.36076333005485,4,36.52280011771943,775.9471538905389,17924.744319052887,931.98674901601,590.6111991384183,383.12306100942453,724.360389409068,13781.008411289953,610.1895541280868,791.4757524079367,0.31126898381008666,9.248766149392697,6.274113307012811,0,yes
277.50120218113886,243.8334988970463,282.9956122812131,267.58345704493,1,27.837224215673324,707.4608461957719,16766.64817809912,908.7491050227665,521.1882689120024,422.04400513399753,706.7301098208286,10526.395931822875,897.7524491181,685.5285997760116,0.25010787550423547,8.651387220089717,5.061980251821231,0,yes
281.3941141120132,329.8543852875573,295.82921960177146,221.351658209783,4,34.75527781264633,964.86572042547,16190.826996632599,930.2153136150849,243.94448157126132,700.5449176444129,935.0411863285216,13179.245479038691,461.6907483271986,696.2168539065365,0.2911990120398124,8.424259717124135,6.041600983509419,0,yes
242.148980586091,103.74136324736175,287.6722360328117,254.56340339657302,1,80.73378882436171,835.4541825691655,16702.22188010356,967.4274924737376,557.0951681187581,412.5475794649832,726.3914892962133,13917.552447914397,100.51472984637017,668.4516835840278,0.19457933063111038,8.655677308226299,6.108803801476545,0,yes
283.41094098789074,294.9894734741649,155.80817036041066,239.14138781335402,1,42.633703369419315,851.0724924922756,15194.984957689781,925.0305292856875,228.07383960622187,748.654091049078,935.4644270917274,11098.198698384094,181.3501797622008,618.4425232660408,0.24205240969913422,7.899742841597028,5.091456264108163,0,yes
284.2019627366661,268.4512173415725,302.2436560036365,261.98822765993884,0,81.54835280474234,939.9081292529431,15197.204067523779,904.6805894733426,401.8709573018958,577.4738936225657,853.8386458099556,10558.415951432442,837.6902190730693,703.342169573464,0.26628585074771866,7.9182328925065555,5.116933845525426,0,yes
202.11559442949266,282.02388143304927,256.4267771674279,262.5879190275883,4,99.82442987443596,917.0814822248435,15310.242484285658,972.6763373974557,67.70856694808464,837.7326440203519,894.1155039440916,11609.66882462641,129.72664548051148,640.143776724017,0.2705936975401613,7.978873668092209,5.251902131974947,0,yes
273.08256640961645,149.92468003810282,112.99649980360478,203.54861319509448,1,36.19725153009972,793.8206566274675,15680.15730265523,925.784569686427,201.50384450506021,752.0325200809598,903.0174364058092,12627.576112034392,854.0341746052136,766.0171439681051,0.1662287793562573,8.129603510236237,5.975556656698331,0,yes
234.54232698714264,143.9709898892737,372.6158035638062,261.35127105752133,0,83.08526275398482,854.5234202789584,17062.095092402215,972.5249563715147,655.6206153071785,276.6491764924385,924.1682911985312,14359.326017344345,614.2403266481176,696.3340226956798,0.2243518987590024,8.840606931504752,6.568642177375713,0,yes
284.37610951836797,122.92031738116913,104.62504370923955,295.8853758275093,4,75.03905268065932,774.3007025652659,17015.968262078623,966.1714528693865,802.3274692352657,106.14361539828917,717.3500043099287,13746.100677220144,756.788577970248,722.457099241339,0.19053277922015227,8.79871356557382,6.297840066694145,0,yes
282.30091346078007,136.17852562674946,372.19158493903484,225.62262735266359,4,20.479022389661374,796.6174974871167,15385.066243957677,905.128641884982,390.0237690903575,523.9249235981727,878.1902527977616,10769.890809867074,658.287648342413,798.5859682935211,0.2281760397092207,7.9798590554953,5.143174616173511,0,yes
220.2510984340837,377.8524442734221,226.27725720562137,245.83360682395363,4,85.83498431330368,970.7591210757323,15385.502156104849,999.9757248426961,720.7540703244613,227.18066402107752,853.5426206681549,14141.686180995566,670.5568995825721,741.2584778822796,0.30007393359349516,8.032577930846015,6.483956773078909,0,yes
297.5788300515084,254.79317910315436,394.5750613007959,215.8264493534048,4,82.81398433897738,836.9898389748746,18084.33886664246,929.448186972134,448.4928545453033,539.7552858773221,744.1728699336954,11210.09833212054,275.2441517137858,724.6998219153086,0.287910817243493,9.341857871956229,5.112818553043352,0,yes
210.55829722629778,240.9356227859531,312.8624083047904,233.02521978333283,0,58.351720283571936,930.8768409734187,18294.733078105142,981.3928733179117,741.6165886881207,177.2512228871983,992.8481687234796,14572.856168841212,692.5551719440833,779.8191160561704,0.23938348604323595,9.475471473779574,6.72209385085583,0,yes
246.61199872373336,353.6369886348896,191.34161662213438,258.71634105895436,4,64.4663305582653,965.8713438496115,15156.244787978949,961.8830960053164,485.6970135522106,490.8606069673425,796.0067262779337,14077.648332422472,704.7629972147131,745.5265387307367,0.2866209053850601,7.911552702962114,6.4535231092944425,0,yes
208.6238895852188,150.5787884570189,130.62598516144868,240.36222986805433,4,25.701834898611303,895.3246582007584,16714.16541640845,956.9463191773677,367.90805247745675,612.1946161677066,976.6021973297196,11254.703361602105,507.7405176209821,776.5034107646725,0.1799130709856944,8.673718104847271,5.322388653961791,0,yes
296.6370022455023,333.5205469635764,163.60296639563802,261.1577955100336,0,89.92910458147472,703.682037199888,19803.78726983408,908.1556602779112,378.2818843961441,537.9535127188124,899.8630370383431,10846.716587412275,776.1188192612229,682.6216651437434,0.26704899531516035,10.169044143130328,5.214626254097535,0,yes
214.71595482555048,121.79877572034138,227.58553897994608,267.0238443469512,0,54.06193320203022,747.7710352729605,16055.242650987133,981.6138414218907,47.01533574938033,923.8254901548324,801.6449197067085,11036.153423221662,603.2811296262657,681.2033294137692,0.18145866472010777,8.314598413281614,5.189294238253473,0,yes
225.12340962221282,114.79007586435121,142.9827345478265,212.33694387698935,4,76.35625605875222,966.6600807556505,16267.884041671401,955.7983111929806,961.836413974768,2.888043754198293,808.708304839289,12608.345302253518,203.95385799452734,666.9749440719689,0.17091412188976238,8.466715288666727,5.6585505196576555,0,yes
262.240147202681,370.4885287124256,219.50343960152355,243.4865135924379,4,42.01563455031482,883.3308236090377,18359.894104682524,948.5615665989559,123.1654097279248,823.1355418014759,820.417190343599,12114.762787061423,530.7908846139522,734.5070140178254,0.29510237746930906,9.492709708638037,5.60291053420561,0,yes
263.08087216976315,103.33757080710826,131.77521314222926,256.03300023146363,4,31.76350474267954,973.5278784572135,15097.91150441592,977.6637172768549,4.746365285381931,939.903769806805,750.9501865731381,12396.143161231808,624.4000061914298,711.7007558492446,0.17202352281737862,7.8863273236962455,5.721873573848031,0,yes
216.9306133928571,107.51638054265517,391.0373033681208,276.1758420956223,1,79.13204034012242,834.6271005224681,16340.803467796444,935.9778160593684,848.6488689505986,86.16948823439293,815.3264572265986,12111.424783173134,238.84479990465124,766.5031313151592,0.2176978429690825,8.470454799661006,5.48543682258747,0,yes
269.20959141100866,242.96801527502754,257.0109785060479,204.2139185526211,0,23.34128701803096,701.628943781451,15833.008380292897,909.7494943392996,36.383020564234855,893.3197362753111,999.9737756672339,10706.991539772009,596.6350328105018,770.6921938839137,0.22627615748643398,8.183420595821154,5.140495583572504,0,yes
211.94989603792374,395.01418595490674,329.6435086690609,226.60972371196033,0,25.913410490744546,792.6087111873535,19382.371770694604,936.093493834169,826.0808775633778,113.2143098695716,748.5996241380683,12988.901644253929,620.4212083137721,762.7513575877977,0.2991866103683893,9.981853381072733,5.962481939700057,0,yes
244.7392914826122,351.819867981263,368.0730242489683,267.56143694374396,4,46.33452565222968,975.5108921085058,15921.494962210065,937.7206520740655,609.1811449556614,385.4750980554977,982.1582177348771,12967.284489610338,668.4997323659479,663.7924889172685,0.3204934127289754,8.293073125325714,6.061048047219159,0,yes
292.0586495588208,157.50260058123868,300.0188297420698,273.19569390912966,1,51.695155205421734,777.779356496766,19995.684850891877,994.9760598093907,619.200797875065,283.4485420759231,969.1714933853432,14250.154850764284,210.79872577313895,773.1253175141564,0.224945232099275,10.293331702978227,6.387732322190229,0,yes
256.1588549116845,360.10043361527914,229.1783487306237,258.73008776713294,1,76.10120515861199,669.0946525367164,19555.796914414666,902.679595097802,453.03285115638545,500.4366826362586,918.8183089331017,11016.061857371631,228.05934554000925,707.0391097378567,0.28744638332384864,10.036710390782675,5.079049101826128,0,yes
282.71257588614327,336.37092796203274,396.8439511878262,293.2244635030278,4,31.92827258522893,944.5724782626407,18491.017747870712,973.314264182518,40.793214733076354,940.4809266090185,722.5720056824789,12887.964604334627,370.47564803870534,794.5411300996454,0.3281948360501168,9.575629054819336,5.821747785484615,0,yes
241.2515053658355,310.3743279716324,189.25389403877358,261.79418058839013,1,36.959421045067494,764.2702168352279,19078.489882754617,999.3264565345264,471.3863699699622,522.681708269756,777.8271177970223,10954.585202690208,212.5603835754859,787.3337480620237,0.2533787541364406,9.83233619587222,5.008140982275217,0,yes
242.63836282646022,363.54924657546513,277.9271831728806,232.18056879422136,4,43.83955267344657,735.4314374204098,16324.285534783636,958.6857163312013,603.1454693961798,372.57266287896664,724.712794756817,10807.093811090732,817.0769941873884,782.2095152235147,0.2995006679216496,8.44322354829002,5.166479040647984,0,yes
251.64989245958705,262.5659686605394,108.70571756384268,249.64919570920594,0,55.702082443092365,612.1371052394468,16033.494239013558,919.4811892855624,118.5717720453122,804.2222317078995,996.7489304260715,10894.193956696781,302.1822762910661,648.2234474774539,0.21538712189035464,8.265427224311356,5.079176708567851,0,yes
266.62644194156695,393.43535703827234,208.9495619696386,208.97705217834834,0,34.54732720093911,916.3055103394522,18387.146118477893,946.9784273103799,636.0199104259397,293.86194609751067,750.2968187001811,11365.134648563304,240.15921698977837,785.0557454949112,0.27888482933204173,9.513606999154991,5.1632334746935635,0,yes
209.9853524285714,255.38938021996032,338.4817660719342,289.9535476204825,1,68.49998107711698,650.308805225026,16918.007828417376,980.2662939565085,255.8074096024705,743.8322486488487,928.2230735528236,11929.523383823738,613.2799230601403,683.7315931222913,0.26687798827855513,8.724363138667483,5.605594901691758,0,yes
200.97136283099638,219.74919824359125,299.9258497402209,267.98508985859394,4,41.289899794600174,689.721030917719,17332.47298099826,940.1035009048721,449.9472616581182,485.4185947713548,849.3298805771406,10120.570360926833,122.17396201792843,735.9046253383839,0.24795921756540984,8.934691415557392,4.652035663208773,0,yes
255.34441998401053,180.8809395047819,392.0820182575756,211.4768845895988,4,72.25873842734424,844.740512915244,16345.900579466677,993.3883025914215,717.2593246810685,229.00314473864523,761.2506015142103,14758.76771498996,756.973309904387,643.837261494666,0.25030254948548514,8.48319613273605,6.715367476334481,0,yes
223.4013562366562,154.91837858936745,373.26837019884096,299.2677577988233,0,95.4836047826204,608.6333223015897,16316.536048590446,930.9116333158089,511.7471504122464,408.98169506659036,748.0609798547289,11932.340966701271,620.880388008935,726.4031719596435,0.2365966284539057,8.407751560275106,5.532454642095486,0,yes
229.5285689462999,356.5999796606746,174.72206583883616,270.864458860853,1,29.151366613433154,679.7858606206504,17764.89214593911,980.7000638638292,922.5426736863875,40.910829785708074,820.066798761979,12167.666943960903,502.2301990773646,771.7258255105382,0.26831417460554946,9.154316570639645,5.6198184817582595,0,yes
243.14559373793566,224.6778561013533,374.17797826815996,279.2054193631933,1,74.9770545494411,857.1197594811401,17300.904841717893,935.2911551336451,261.35530884374435,680.6452137468966,872.6932124239904,12417.80083682229,141.93979239840937,716.5706774388216,0.2645856023923118,8.955471147858917,5.586529604212159,0,yes
240.91156299649674,398.3893809682786,281.7117076625174,217.65368288235385,0,97.14728769071576,949.4161549109235,19205.108695275747,959.0327538160577,890.36531621586,58.374521158570474,860.0462281431646,11418.223920039696,461.2343316604664,630.1953696148706,0.30177228754576685,9.931813622345901,5.298928405814619,0,yes
244.13468324536785,255.44955323985656,175.86662712741327,268.3449902612299,0,91.01553407795048,924.5209478187458,17014.655634977757,908.9987846800784,122.25608796469594,822.4229895779551,888.6768392714441,12687.325375711136,519.3362360113184,691.9090159110141,0.23320177878899645,8.824032148530017,5.84880354793977,0,yes
244.35828494413693,191.58800821170513,102.16134567222032,229.90525132426143,1,29.133957539629538,634.8733658644869,16446.791475215174,914.6124306691237,686.6661050643131,301.3790640881974,792.8969068518707,11742.741498545518,470.01971677640665,720.2784108625835,0.18147713738877663,8.476359665839045,5.422662281456677,0,yes
244.53519019580517,161.54370877309447,218.97566001742325,228.64077783992747,4,22.61713489246886,955.6578733000783,15541.550278808234,945.3618781344601,612.238416572861,374.2584365518476,708.1404396456625,10319.845463186452,573.503999371592,733.559933670926,0.2037727654866438,8.099584776699881,4.862539608550465,0,yes
238.89198579499651,320.87780885989446,357.24235412678513,221.67223578142136,1,62.81650669800294,703.5841147019124,18449.59656949422,971.5556943826653,452.92918040986115,449.70615214685665,937.6606473743368,13943.00913871099,892.1017726388709,656.6105684615114,0.2861053639033317,9.50063173637095,6.509381296947375,0,yes
258.0535804793923,283.9619389995741,200.2634276146511,245.01418866596995,4,69.81627808871811,817.2094211105968,19894.805736671897,993.994168601142,103.88083170447656,890.4269123064091,708.0337355060628,12980.151931585599,244.0639941274724,620.006880084719,0.2599142773007648,10.251555093848728,5.7809902441108,0,yes
261.1525035921719,389.4474911416948,293.8470961931988,265.8555605629983,1,38.162858861319286,840.0527962293827,15500.858783558017,920.4136174815166,162.37991803188783,790.3119299176669,930.0170448066077,13461.698356278313,380.72774256218327,601.7953095497221,0.30940666688201907,8.049569151387146,6.108941624815856,0,yes
230.91861113810424,354.47313900006986,150.8620184437994,205.5283278471345,1,94.91635246751342,636.3517045932014,18779.66743270456,986.0850418705996,769.4127257549933,222.84697636106978,911.8604590002051,11949.363635869144,137.6225296361711,716.3108836617955,0.25806750335827355,9.652952687865943,5.4199971893162795,0,yes
247.8843080608779,364.19413140332847,227.34878117843962,232.33458724345172,0,92.18813194503612,632.4141161184936,16006.665248903382,950.8857362504376,32.74264844138398,888.8797516742289,947.2546132877033,12501.352715957808,283.1746687759803,750.5583685340059,0.2804154529058959,8.260733785390286,5.7079816258970935,0,yes
244.02105014401798,148.63340026758533,235.64203340809618,247.662434595617,1,34.082312296448634,739.458083719795,19570.391088106404,992.4521908543275,626.8471785016789,311.13707586330554,814.0857972359765,10521.59608242051,783.3923872643305,647.6866128930939,0.19512212989844646,10.07183480870206,5.051567723262909,0,yes
294.56126066512957,279.47323033079795,293.9510869894613,228.44961079820675,4,88.61073192262823,876.3608370832097,15574.530663163363,923.4552834081601,330.8178694119661,587.7366540612516,819.9238915065522,10419.397447877467,808.665642620342,765.4104707527586,0.2805291459664531,8.095006417626966,5.0360203444581,0,yes
294.7660721399498,248.53716642000396,384.26950964235704,201.18393251102603,4,80.31183669273656,872.6029650472619,15162.404393442544,935.6163401284952,126.48049079189893,851.0537074267096,887.6521245221751,11005.788808370447,888.7794729228373,760.7775824460975,0.27974762334467085,7.889760021880977,5.337207035359024,0,yes
249.16384063673667,306.9907440671998,244.78032464836613,266.4916445007013,4,45.72868477245015,792.0983831015805,17482.01352404076,915.1221184455741,518.9394763230578,460.6411390564775,759.0826154698236,11228.90989315921,891.2169875073822,795.7853444467338,0.27817248201922984,9.028689084490196,5.380958857361354,0,yes
281.8705994576027,288.39783896648635,325.4518307446224,245.37728386727588,0,45.73619296858966,922.5742484964094,18137.63261354579,951.3509518147246,942.5797127160519,13.57781782898769,735.5502299939818,10241.354001529908,229.23690443945696,673.5972555338261,0.27078651345404864,9.390880479798293,4.692293357695598,0,yes
289.99335532159773,206.87081079384538,172.18368008488727,225.00004684994292,1,77.3824815330401,819.2645484299117,16377.236277050684,981.0623215155032,645.0250128510204,338.72132904642285,823.4186815331715,10665.240878407392,458.7122788546171,685.6602659622531,0.21245395221533936,8.491438440756506,4.99418267297111,0,yes
218.867103394816,305.6363521023221,259.2740751945915,267.4264081250144,1,29.244123939958886,610.8738817004174,19732.686285634532,934.3403279858715,36.197830978458725,925.8129878346828,913.6209796598453,10386.769087439001,648.4740227118061,682.8868192548629,0.26281674347712186,10.116783664758007,4.991411129807665,0,yes
209.541975995712,139.17055845430392,385.1613015665629,230.67977926381207,4,38.627918649906896,772.4633452546788,18865.546387584567,949.9487893647637,926.0126783407155,20.009278395937713,860.1216639130113,12605.26623380012,255.78361844851588,744.5295211973416,0.22606072918763895,9.72085913229159,5.706282416891168,0,yes
271.19346634236496,240.571921289541,336.64556497608515,267.4293526881446,1,21.321407464368054,777.9219098668233,18333.36158477873,993.4423171669102,794.5571665540638,151.91388246138865,785.9720186666156,12287.394478708205,683.8663348941463,655.8855990642169,0.25788499209567434,9.461988950126855,5.709071574037703,0,yes
292.89956315680024,267.57613229533854,330.4997850985658,271.15901043083124,4,89.92916994792903,814.3265821247423,17792.30287331053,918.7145306768385,179.07091531500052,771.3241848650649,847.0016969637869,10392.212211474904,293.73428952177846,696.5272325579812,0.2915771331621078,9.18928979919893,4.825242197346725,0,yes
222.15707671431386,124.44612371874496,141.75254925255797,239.78277316371222,0,39.19499140133945,864.2089372395036,17920.376928187474,903.6438052237814,439.0425928875984,461.9652243898388,790.3782675519396,14462.415934812014,874.4230346343231,710.5600094698389,0.15897364913279788,9.262477839664273,6.6580399308840805,0,yes
249.71966487992879,211.27755069614113,280.17524413804466,261.4852474633962,1,69.98929568744765,937.3881965122624,15254.354788018762,928.1860149992667,781.5830844257916,151.36866220835896,844.8201127226539,11589.4654859931,683.2263504198913,756.9916086792148,0.23708488735414446,7.949444617268527,5.46468080604171,0,yes
235.40267284429922,307.9537731488324,149.3119318027737,239.272603119693,1,68.21942818753159,838.8311456842263,15000.578494850493,921.7450676997468,36.788861876188264,922.8427407408726,740.9506191178289,11563.902145529975,754.3382403918413,705.4713980956292,0.24310805476834546,7.799336637326514,5.438191381742061,0,yes
255.99151038611845,308.15439563700625,278.5646536111168,205.46416070233283,1,36.539560184589675,814.5498518049726,15036.66232208447,961.2041448514052,795.105864201149,134.50217678071624,927.4078063135399,11244.283087865355,414.545353492785,632.4318916717589,0.2608977941650105,7.8173530633278405,5.235287263341098,0,yes
224.06060690084018,128.92931513925038,127.16108814970255,246.80192072291973,0,28.079199304157314,922.3326093531091,17170.066828117106,914.2515858808869,900.4713185267813,98.96942035700874,824.4929672393026,11749.136871071789,514.3954311309305,785.285139549109,0.15809583764338359,8.901955908770034,5.465834133967011,0,yes
256.4308700288254,241.4745139758826,128.8104182961975,266.16970896008246,4,88.29511607993585,910.6851997515344,18480.10593788931,966.4872754551973,406.93959421800156,556.5931727876073,921.1599319433815,11887.513724981758,664.4937176740973,737.2143938634167,0.23497811481322206,9.561494358609734,5.60852083044075,0,yes
232.03262596333948,133.8141052449131,126.95300573915233,262.3901899126545,0,36.42045733710302,757.9066854700591,19077.91289828342,900.7159335727001,851.0870763724762,80.59862701253292,914.1094392708555,12756.685296961594,640.4195420740895,756.9268920721712,0.16518104620316654,9.817069732494124,5.941979562797837,0,yes
255.3503222356364,133.75389514375425,111.7111395129171,245.2328462685815,4,91.66070979985992,919.5653215228105,16095.00544939542,952.3444068996486,942.7314682321716,43.605869701474035,785.5253068621583,11964.990856066186,485.11080308952444,768.4674502937389,0.18456924316111506,8.369017557213922,5.520812540425039,0,yes
217.3691367496146,386.12247351060586,174.31963057109044,297.69735295489085,1,60.030911133345064,972.1900364126442,15585.459753869658,954.7917192899486,695.6903028235891,231.26159258046437,969.944350359875,10092.890473880107,246.55378209470476,638.5962055029672,0.2877549382479352,8.12663716589289,4.724990696009799,0,yes
280.34737305775786,320.0938002283733,366.1557355512424,205.18926428796928,1,61.18599008800213,705.0084220873695,15504.509163479841,940.3278978162438,629.9200912463446,274.95994802864857,825.3429484858035,11683.643251148489,128.95575466277114,697.9412857676665,0.28931719039418446,8.024100839883555,5.26119182718683,0,yes
218.7104014926212,195.44064261245472,204.85913864198147,294.9766391648682,4,41.46703292699145,952.8641544377915,16241.356672837217,902.294557682535,417.18292498460903,530.5227260986856,714.650820661976,12566.899123453608,659.8940322522194,744.6243577875011,0.22688190095375554,8.44295209353577,5.794635458673772,0,yes
272.17243199934467,250.1275688350597,282.1470946467607,276.33556193507394,1,58.91010597690661,919.4833009904186,17733.85253640788,955.6719516151182,889.9466849881544,24.969192603621423,930.4021756846098,14358.488927379636,351.17805368222173,771.9288509788428,0.2574370603195397,9.188880487273805,6.473224653933592,0,yes
259.737781200389,322.53540655921586,187.16084232127773,244.35619514178643,0,61.40099010246861,876.6233664559038,19248.586575682966,993.8292206796684,130.29823604281972,770.6424926179716,776.5560722978515,12585.775309059312,898.2455762700428,631.6559373454346,0.255746651465425,9.941790935202361,5.901004543556707,0,yes
237.91882430192754,352.60936535176444,331.70173532718945,224.90997750334793,1,51.37749037678063,985.0422066104367,18741.955797688366,959.5682877915181,330.88680275046494,597.0919544048675,951.2069570858231,11275.963066169974,897.0437012549503,770.6122486436062,0.2927764980781499,9.708506271378736,5.468494083798075,0,yes
221.20640925016926,123.8154590054466,224.81277155993862,240.33312805317794,1,98.650954268621,693.7218802953907,17813.512953001242,928.4270194536003,619.6786071002125,301.4872502102862,704.4852831498079,13742.966291603645,349.1853199882073,716.769100228587,0.18679863131096586,9.174488841090296,6.129381184283631,0,yes
278.59776323205585,274.2629917717836,219.2925248723589,202.78402619859426,4,66.37434553998511,807.4978687929746,18329.09518870541,917.8942045848404,720.4105838844852,218.2629599009481,881.589351433307,12508.444412634432,429.0330363477387,752.7230396220049,0.25356186116112267,9.456046599787124,5.7455199419741465,0,yes
237.4066644328574,272.9567927902343,316.23166671349236,236.09419688567874,4,68.40207940392244,808.8961816884434,18246.254059422303,922.2806734669462,829.0529938584889,79.22696326227458,999.0911967239617,12612.382580779104,204.9053823871236,747.1657725343787,0.2741337147547207,9.415538587036377,5.739546472348023,0,yes
273.18310568208295,322.8539611047747,340.2395165339527,232.93166483444315,4,44.41896187867572,728.9894912840721,18103.525395856497,960.6926361633404,545.5146310905694,444.3450250567637,787.3351210816936,12614.140798402721,796.8721602461702,772.1223381673062,0.29977176993716315,9.331696878387302,5.906876432404383,0,yes
290.8005050272531,363.13574553151966,295.9629332177135,206.10894682437376,0,85.72474113233366,628.5816206837956,17319.116106498346,940.0709729275219,855.540184089419,112.91208053146124,992.388719886656,10532.082586080169,280.83795142951465,737.3234525883645,0.29308884337327556,8.914637853159272,4.942070875222704,0,yes
238.06505676567082,191.63734046659818,382.29988495052663,210.02901232964484,0,21.435624914948654,718.7953411765257,15848.920885542755,935.2446346775394,372.55105371542464,607.9578617339569,829.9577545999653,14771.029543345268,751.529443270997,758.6048875511356,0.22778647844571578,8.198646021141172,6.765447910686385,0,yes
252.40277353771023,272.00249652421087,299.43514544316304,264.98697907076655,4,67.61696601208843,797.0176608387699,17155.466411405978,989.8450772565698,76.44510801857523,875.2502327657945,774.2379604259896,10121.51285369788,548.2114757396297,659.4318356492113,0.27796821284073,8.87679698297082,4.784947078040302,0,yes
295.97279235157964,139.16714626628612,161.62673180980767,202.03714793185532,0,47.81315937127873,917.8533601955442,18159.543999726273,988.2140158199715,188.8025118355668,747.5562934687523,943.6447376840999,13685.283344300218,471.3565925051992,606.2867085157317,0.17170906258256766,9.405850448491735,6.238419107036743,0,yes
257.8221611791387,152.11923419204044,283.7756575469796,294.2126596424729,4,46.392876122865545,608.1314384870775,18812.3503444222,937.6040105945974,877.4338366162215,91.26155513751269,887.8590225931423,12810.630220274623,233.4208471978883,685.6159318586463,0.2307455969355618,9.656467468749288,5.785911094690262,0,yes
227.94494761470736,393.94945178223196,334.7631969736418,240.03554413539075,1,33.97305892424943,602.732273453778,19221.609887830047,947.9334091345022,193.79453915180235,770.7235176964297,725.3684327641089,13159.880833042107,477.8986684410791,674.675311224983,0.30950234325511966,9.86134342997006,5.9563901743596395,0,yes
253.5586581225295,194.53167880227087,288.22018624974,231.84959857376575,1,32.857975063474534,753.1316760036519,17263.29855850947,918.1125611334983,637.2615166831489,310.13286959441064,717.4731762972747,13314.666949617025,608.4829693328506,797.2001964127872,0.2218865166571447,8.911078714102425,6.081274576963408,0,yes
218.21166884752978,274.1145038337021,129.2948406297064,241.94356687471176,0,64.2301324930427,881.5751294031195,16050.115334083717,938.6882713779016,708.9145502847412,259.45979951276627,914.4791150400945,13650.19440718036,254.21820048862287,638.4556714383535,0.219430298968104,8.336066362704559,6.134469027112981,0,yes
237.78676395962978,139.30105146780477,292.998663720089,264.4564776539926,1,20.315519455853483,706.322046333899,18368.073128873384,921.2220817789681,764.4481480562154,162.04590774279598,852.7357656687186,10439.596292385737,260.27649243216683,616.5268151574268,0.20370128158382866,9.453553423080054,4.819331984791386,0,yes
244.36377022945956,224.95659866142248,386.22141024084505,200.58587843669483,1,43.05676975731575,801.9125680814476,19598.462133827088,935.1940311963856,301.725635298442,640.4354310555459,951.8668430460223,13680.386843712256,781.3912775982133,712.7860610487107,0.24752322525548462,10.091851315324776,6.378535710539002,0,yes
275.74232747877943,347.76706030411754,145.9232637276607,250.0340947857163,0,60.5336243473754,774.9554490983045,16508.21878452745,936.1386327218129,836.3447558806747,148.22593809190312,944.4228445417446,10489.586728119239,726.1831565852515,674.9815305087689,0.2606438322981196,8.54085222751294,5.078020043249986,0,yes
219.35430699763128,161.60384025374964,335.6558494977289,231.16100237752119,1,87.31378726698458,623.009010292947,18426.056680601927,987.7367832905043,700.4430196559864,249.1089009156168,809.3211237749414,14538.849347256037,262.1981463889422,642.736558525312,0.22058842574149906,9.473469415239572,6.449026451370115,0,yes
263.90318912443,145.3419514148067,176.2303334252091,241.10036209323758,0,23.269646304452998,855.9576617339545,16564.066136023263,974.7123673892821,590.6039819531607,314.5882011156432,983.2389473997912,10417.666341761864,308.820154423342,629.517849746006,0.17776636808416849,8.592217901438744,4.880964104016268,0,yes
213.36226640085243,338.86304562927944,338.341383756008,281.5947105652068,4,84.63488326694238,727.0650759265283,15531.920551373896,923.179358304019,786.3437912709817,202.23630901479567,840.7209579517156,13025.954975783687,622.4992556826181,664.7005796421859,0.31302259783602165,8.040317282977893,6.008817654066397,0,yes
202.56504838166097,251.8031535172041,115.17274623299781,269.239667114692,4,38.041011094115376,820.1565670943651,16549.555929928778,957.5990424216798,718.8035131725222,228.97251435103237,834.5044014859446,13151.975338642847,123.3112773234911,719.9336742173066,0.22387383885768106,8.574558283058018,5.858711028733599,0,yes
209.4077076552828,395.08138428545476,331.3842761530696,250.3335902056441,4,84.18884221857572,798.0001990433389,19912.257225361944,963.5319683294492,73.9391430236645,867.8660823119341,934.0545986044162,12281.052668971704,740.0973221773368,619.3011149772329,0.3273110544928907,10.251773074238061,5.782832279303949,0,yes
274.4007636576962,313.18587492747076,152.6702418545739,223.65035933743965,0,59.57813560928571,750.7905897847279,18431.55758825987,974.5596244684109,512.8168134377821,479.76927825384007,773.5912057094398,11818.79283064778,794.4459825526646,717.6341453870532,0.24259404253522215,9.502448952442668,5.575410838909438,0,yes
244.02169996768112,126.19072142405724,203.24528773294497,233.02587270871965,1,69.27095306005403,964.7821287999243,18862.330298923138,997.9205411232547,157.8978190458403,840.1290593838771,957.5560824729316,11013.12466945951,553.4116260768253,722.7750786097384,0.18116162475699027,9.769331480019039,5.231751214679197,0,yes
272.85937663668926,347.4960692193916,341.124811008953,267.27131667454773,1,52.337888963669016,718.3909831055262,17667.43272005917,964.7536372963575,756.997771563794,233.34905444119056,735.2921403387201,11635.635433410036,628.6828950412547,602.2405591377001,0.30562797283969195,9.111871984266758,5.405068185787221,0,yes
291.417357086351,327.16139519050887,347.8940310948005,202.61373763242574,4,65.34761669254904,657.7332252721742,16286.781441708466,985.6584771878194,541.590930159811,399.0792249592662,864.2888554077883,12543.62776777054,266.8692060861929,652.8121749683369,0.30190233258585975,8.411119011897188,5.674892797361404,0,yes
248.541725325302,159.73970339378403,207.28730087939147,242.91585182000057,4,23.440018680605323,737.1930256688469,15791.657242191233,928.6981252642001,402.20536722562997,542.9162714379769,984.7288521444365,11992.184255694538,526.3313906895938,706.7490954761063,0.2041784268691514,8.173178788165792,5.613984639516107,0,yes
222.58734615840729,163.69156630802053,294.82129543612416,215.97675345015926,1,32.34364825921822,954.9303100640393,19730.15485391586,922.630914656659,519.4257672475826,459.1963041487319,893.6130980089706,14161.306673190453,157.9353703923988,674.7529255248887,0.20371763122704875,10.190602846088654,6.298231573993628,0,yes
227.3034097063222,110.55652358843365,153.8970690348886,202.53034008638886,1,23.775438113475936,633.4330082569039,18092.27296106503,954.4548473228776,226.27262395480747,689.9823348705255,759.6700543132469,14814.745731101972,766.4868958556434,749.5603549525947,0.15110829650835045,9.304250911759096,6.75076327021121,0,yes
281.52627569781544,157.9649241549454,155.6117161295867,226.94229454929487,0,24.834304461568266,917.0327313762762,15667.874309485942,903.0633968078594,680.5051865313612,291.838663394161,850.5234841699883,14938.584555915018,253.06119201847503,653.944470394477,0.17828777608034665,8.14812452644126,6.626357097467751,0,yes
202.7974915330374,194.32604079459276,220.88693438153274,259.82281792823227,4,61.43843509340143,686.0717440386541,15921.404995896684,910.3805820012964,841.6227050479381,128.1646043087876,747.064478691715,13305.288686423104,138.74637602234367,697.7912568235276,0.22311272829348822,8.224286903714889,5.891342225852915,0,yes
263.3925750732453,126.62789915706388,250.2696503132613,206.64045507182175,0,31.798892127675025,877.5887601947526,15458.188380680787,936.4300970749995,691.3201311160825,241.01979408832335,774.2401996936749,12097.519347008376,346.9649331586955,797.9206956692449,0.17920391876305614,8.0388909535305,5.510544782571698,0,yes
260.7822913737746,384.47037285469236,269.58572942205143,281.46290681255033,4,71.91583345370071,681.5129551434286,16601.051809192828,965.1057519667983,308.01776010877103,615.958691457203,781.5801055944157,11730.732091635118,106.04394316540385,715.5409912407968,0.3218810111809439,8.570620431609452,5.258291073756118,0,yes
233.03274914754985,355.0228547131502,355.8944376832784,280.1198039257146,1,65.80108763249169,900.064902681454,16169.723913105458,919.0254650052767,567.7033345213323,367.2080280153425,863.2980497697909,12612.89171881054,251.030823401571,629.6999612671659,0.31081816467141854,8.39736916070309,5.692050877010003,0,yes
208.76660666873698,109.87940768751022,284.1994529378932,251.27128948634973,1,41.27092609844755,667.3365457382586,16959.78135387757,942.8192846869996,31.495398153359876,943.4523906315328,737.236136370305,10881.712634013065,245.78756295400694,740.6735511157336,0.18650452597346684,8.743810690631527,4.967183528991129,0,yes
205.63042616530015,140.55841272885704,221.53678166985645,262.99298005206794,0,95.71499606124716,690.6603213214662,19680.77995316631,973.3882821922806,665.2443761872797,300.28521990475497,973.4264554287986,13717.747971863315,754.6935969725524,620.3804056767673,0.19103713260225494,10.11363577249719,6.382504344239548,0,yes
271.82955922929835,107.13137666635473,336.04420533484324,291.4058666718527,0,29.369692250109107,946.9333448901741,17242.394076033957,922.0941743430086,50.78500830911725,869.98381874428,862.4032461193909,11069.961320117382,508.80587600549376,782.2921949481733,0.2062757652729326,8.944815285207543,5.195848491460099,0,yes
204.37781258236768,188.63008386407557,217.23924201817516,266.8397486290742,0,49.84695573270136,696.1733046273439,16796.836253742298,907.0297814843194,707.8571045945546,257.3387806689959,709.17526533632,12647.500586923232,640.6106298438351,686.6323518116569,0.2042505217249607,8.663763813152286,5.811712526500948,0,yes
226.51524842939997,153.3572242442456,141.54387619666034,205.62499435831174,1,20.230825412416547,614.8509563344837,17090.054257921667,950.2901386297469,578.2042623079485,329.3120144043876,994.9707398780141,10436.191184725689,612.8462166574965,737.5007455430068,0.1658318702776487,8.798523033556119,5.02921077594915,0,yes
230.86365920778894,133.66892172078815,309.84338802621835,205.64744989944168,4,24.283120254386912,739.5923403490625,18456.402487224164,902.170435325851,85.5228817828738,823.3372880252647,982.0821704906721,13829.076006239815,423.1611935819359,626.9149259644696,0.20467946187349234,9.502456704690271,6.2909619851984395,0,yes
255.18936332181772,332.5250290681802,127.25075270169333,274.4301327736477,0,59.311567839574515,883.2842195302673,19276.33438801234,997.567953178119,478.05011176109355,471.48811298065704,856.7203617967599,11990.041505903964,157.746085147663,623.5023868427905,0.2529372841777233,9.957691145685303,5.404165054949879,0,yes
276.39660090781734,300.4206117650393,208.4112409930491,299.16767977043884,4,64.07951371577063,800.9851973024668,16498.215142496232,925.1223822327414,225.29235907133167,716.511218210143,747.2324719859764,14521.935074099121,359.9389710638449,613.9195027645676,0.280558165739318,8.540140558070467,6.451690524581359,0,yes
285.8759353156517,373.066630174637,169.5876934254232,223.44405953939327,0,37.55311010628074,678.8379567967504,15007.509747304568,972.4097071686808,70.0290421700446,853.8540204233682,858.9498849067021,11872.173179988446,702.649439715016,707.0489087300364,0.26857341433619847,7.774271166923794,5.583322576770473,0,yes
241.26049696542654,356.76463900819346,310.92608733923436,240.0171777956302,1,71.89283513006107,909.0504504523008,15905.67635423879,945.624669243644,31.128010012664863,907.0077453807645,817.7857522193776,10559.476314014475,412.72548535680585,729.1166034986298,0.2963062431415807,8.271034433494146,4.930681228026759,0,yes
205.7594136078698,268.2917613874889,331.6208945163521,279.1933463942677,4,84.33329288236922,926.526900182208,15639.989429049596,927.3817091806512,692.8777094006198,283.3160181283814,726.1316076092493,13745.826099630616,835.8935125218518,706.4375348720345,0.2819722316531709,8.13967027129034,6.340069270496523,0,yes
290.2497024961722,287.3473015692827,225.8257611997803,221.75926191386657,0,37.6686719128906,636.7555511977316,18042.49308599221,971.1677089140267,29.05018988426652,943.7374299325795,936.8485647143584,13997.211976231167,626.8629712921332,743.4091539043966,0.24576501076849877,9.28239001595907,6.44572300818247,0,yes
269.7186090812775,216.25526201581795,386.55211378827795,241.90552001407065,0,81.93374253498713,612.3198656787431,17598.245268258193,911.1379428178325,551.6048803867243,434.5318581675258,885.9758852050045,10443.011491806226,210.0989524702194,617.0625051467962,0.256467196246331,9.04670231860002,4.822207630128472,0,yes
214.91293926526103,199.37486735725872,185.77869385521112,292.1288978142114,1,65.686839881708,825.3451999701805,16385.3990583227,913.8300445779969,555.2104411228195,374.35622873475313,850.2176752081031,12814.993322186463,805.2127964536638,607.2160182331982,0.21463495739359303,8.48763813942731,5.98566462098601,0,yes
256.26418195327005,347.17919092504246,264.034202476382,271.951632039596,1,50.70952491099938,770.5317864939617,18458.535841154295,969.3414890650128,949.6143389508766,3.5950208997974187,712.2035111092353,13586.466838260883,243.17548119432288,607.9390216085822,0.28871459177844894,9.519597200669642,6.0175745324873935,0,yes
215.2549886675642,292.1257377347546,207.59148942929352,214.67801213309204,1,32.284233842207406,995.8511646891445,18836.221046729468,950.4316214751589,735.4123634950334,183.60804010707022,900.7225220214029,10425.90364167747,530.0447712221503,696.2989651527224,0.23645233949772265,9.75687883771437,4.9503979706793535,0,yes
216.07345478403516,202.12730667049,335.30507068683863,236.66872292564818,1,78.9619241877721,967.8885535165425,18775.918056016773,977.1526262381593,53.865485895187646,873.9725154722673,954.6772244927508,13040.993022244613,247.33817680333948,669.4055783655372,0.23636473886148923,9.723961790605546,5.90259979227822,0,yes
224.26322935543345,291.7843104438892,333.9754760609635,253.5855437670579,0,51.256662180516045,620.4605312582555,16165.173567153775,925.5517092252785,617.3714653825454,336.42756857929044,703.4004129529897,13161.931549980847,251.83498107107036,611.3263864339963,0.2688960580761663,8.333907847101502,5.84822581918564,0,yes
267.0570904158268,217.40026068001168,335.1598687975112,216.85350278849307,1,26.343583395311292,750.9982596190121,15704.556290916065,945.3398360611778,689.0374608795657,236.23407784503274,905.3018322443479,13377.432884565033,509.7875299521193,796.9347109800194,0.23831163352134493,8.134967112417371,6.138963496300929,0,yes
270.15378348123807,212.41449513214127,122.03013800725722,264.13528500847144,4,73.63259860997843,621.4146777733075,18736.067179667527,942.2808158218618,24.44865687860638,938.2763995922512,975.518676890041,10508.973083712823,609.1802533527226,633.7967510783465,0.22148375187846528,9.621856421477009,5.0429922085924295,0,yes
244.38834479116846,265.30527766643115,378.2998459834145,276.3739309508918,0,25.900722415071982,776.5019772744929,16055.52521051468,931.400590198801,590.45084386584,313.8092739412443,713.5500297936474,12913.97822697198,782.8346114929668,759.202107813047,0.2710829502327304,8.314199642448465,5.978192022499181,0,yes
240.69233651427314,167.9602598599359,117.09648160886775,217.71976233990813,0,82.03548988841362,945.9663041857464,18965.25605952416,937.2365713114746,756.5632848969857,202.8131068478241,788.5148063677618,13827.539787383987,485.34175320437294,758.4627181722406,0.17476258943324896,9.80809959017794,6.262062543477849,0,yes
290.41449953339253,218.3100697014548,305.94876722579727,220.7773315335697,1,54.688684769106935,886.1745560939273,17987.057321217428,944.224501617877,676.2156580281566,225.79938055322725,942.6278242673678,13152.787716075676,103.07203869761894,797.9962728545194,0.24013846860510263,9.30633922100238,5.898314607451338,0,yes
282.733318621432,390.619797098033,356.06461280500366,227.17083804380104,4,66.35077077412447,650.5092108808313,19046.948314985326,936.8924462430242,573.8259489797075,405.4772087833321,744.6141837598027,12459.132684910881,225.14721606892385,606.1614491065238,0.33285715016813816,9.782900718828254,5.575762938049909,0,yes
217.61840332977602,150.96276993430507,331.6363435185345,205.32882128243907,0,23.848562840063074,775.8904839957889,19674.60885653912,957.6727435457086,898.5866995666464,36.101666095729456,895.8906189650991,12815.240397051159,645.6937140665138,677.2258808104635,0.19816451713605787,10.127215604407462,5.950093304578909,0,yes
240.44735144905977,369.6094416627874,354.6575713623587,245.97655732094486,1,31.12074687331411,636.1781847744212,17773.496181534596,930.8795731599499,15.394048848296027,957.5008932395195,750.9280436510792,14363.854072858285,174.25417103334996,703.5718421390764,0.3061545831419214,9.14222257333999,6.3317089662297175,0,yes
250.23365381271245,168.30143853968008,277.56433014830304,287.54932634304777,4,83.52752114448887,807.5630001888048,18209.24411713972,935.4538231095455,413.30606188253546,561.1920054550508,946.0373829576727,10693.648544054828,686.525453929821,688.890326414028,0.23835232104409093,9.39854035017884,5.144864454483539,0,yes
219.64630609345656,238.88827264416685,239.49603666849703,277.698330512951,1,30.163978887507508,959.1967743385005,17923.21190593236,989.479659289677,675.6130101445514,250.42289747125812,958.7949759501878,12730.30343526274,124.54104750320587,742.5954841775103,0.23443027447414636,9.297317592449472,5.740270923399194,0,yes
267.48418738801325,259.17828615247436,320.9419598001966,246.3266871438081,1,82.68427913551871,874.5034535829468,17293.132653120258,970.132845129948,875.7022659804059,72.18038321242852,942.3462903534717,11524.255195659443,873.955905071657,608.873426705816,0.26521019221815706,8.960304423190848,5.536448170925855,0,yes
252.51607567455434,280.4207702377364,194.83813831267867,247.01396366971971,1,85.51327386769361,678.6131216686802,16982.43596636262,901.1052151094345,141.16829342453437,797.2800483843695,995.7954841346973,12456.437448059469,825.8940814169448,634.8024744127374,0.24708606971076236,8.751900927308776,5.913565918252981,0,yes
246.98594540904807,369.17224985699187,332.5842752391782,247.51701815406466,4,49.02080231711488,862.0186054486173,17041.481777883655,909.9029187661507,368.29456238551586,532.0580995716301,734.2491571537029,13471.708220301447,883.9756320900942,661.6661718981984,0.31694938910284365,8.823390060550034,6.236598077697126,0,yes
296.03769177837864,231.90377969767218,240.79498120863158,243.73188767708868,0,92.20568191508595,941.9281616116743,17035.571735825895,927.1178738470893,147.06599313030173,801.7480067233139,932.0672942598181,10166.999021072643,682.4975343201813,732.2861394630543,0.23856585915690862,8.840945558822629,4.929198814079967,0,yes
284.99255386965325,374.4524526958604,353.09812984102075,259.8909153458823,4,55.30116838110964,877.7536144275989,16143.63439776465,965.7442828810412,477.5922389869867,519.4428658181357,825.4341910801537,13480.656134758125,686.3708414663038,753.4414148611452,0.33123806246298515,8.385684504131893,6.223029565525709,0,yes
220.19804930837967,271.92786071104445,200.4620161734943,273.76837188829313,4,74.6387434249152,621.9589761797987,17240.517569207892,921.0739455407808,720.3482539634905,188.26561039099192,855.992277691365,13758.928864175046,169.6687901253094,663.3592359113379,0.2567134496716853,8.871293119873867,6.115809775599339,0,yes
274.5554845150052,278.31276468048964,216.71114541113377,243.64642294784943,4,67.43450356452092,740.8611086780205,18393.090899957275,990.3780287213783,358.42865202059346,548.6477909720202,790.8231516666491,10074.294673620007,502.27512878895527,660.1025643098767,0.262459433850152,9.483207380601979,4.7482937231855304,0,yes
256.42164657215505,211.28273647096776,175.4152681246377,228.06738824293552,1,61.11418460693287,623.4355191616113,15721.641991799665,986.3006220880587,688.5120838638503,274.21315367662226,825.5444282832077,12044.329994974172,688.5554304337812,766.9536086196281,0.20918318359959606,8.121155910405113,5.6464682753408555,0,yes
221.78357846376656,176.11023994993434,348.2273898962776,295.46313070880876,1,72.88496113421397,719.3373412674212,17724.279185224,902.9459827623074,176.99012630472538,795.8850554148971,821.3644028363442,11288.191622491773,564.11937085213,626.4851132783772,0.24025812962532161,9.132027741774577,5.27543886419673,0,yes
259.0759482827225,358.16977225500415,395.0715306015481,297.5729614127316,0,30.881416870637803,886.8715308720411,16015.158692277557,979.1886026186788,317.99495445044715,648.3227998859203,939.4537599089188,12788.212956029623,201.9507693337988,648.05032408996,0.31830612739058606,8.325368396214326,5.779731785145637,0,yes
214.4149138990479,306.38822924296284,180.85934383308125,297.2119139157092,1,35.05932595898293,785.9718287594058,16587.447144408983,978.2581669501783,218.326992955422,722.9668703069402,818.7314921154175,12290.567431853044,485.882004533197,649.1347945630171,0.25356040549206094,8.588720177093139,5.642654490971887,0,yes
214.7133580662459,141.07911334149014,252.2008017498061,218.6383964010442,0,52.467726697542574,928.4210716696324,16022.210120976746,905.969494964353,761.1727199015342,229.5294485093034,978.1555652930427,12421.53822443476,428.63047890325856,701.7135053464285,0.18421604491684052,8.328286165649677,5.749643760220148,0,yes
282.9787883180933,131.66230028852456,375.79236093487657,262.4790286327594,4,26.572359114925366,965.0456409639244,15978.269479909008,930.2268204719035,585.8867697899273,378.20197649860154,949.8123486705106,13767.481119832693,559.9895834259062,736.070264035126,0.23531259780332925,8.318023904885608,6.330092026898444,0,yes
285.9158055770658,185.51160638956446,224.40513403516434,220.60045529387492,1,97.68076734679805,796.3214147533034,15346.916735938734,954.9506836202742,566.5413817528477,373.0199142016264,891.8905658879755,14950.489864878113,499.5077734067416,789.4114153569711,0.2155107228727171,7.967545681359618,6.7596623067524355,0,yes
206.15831790385224,198.37141751997459,219.59885284865885,274.1047975925142,0,61.12480422345329,850.9378240723461,18515.692790635938,931.1511661932128,209.39002080409463,707.6311051851083,890.5362145247316,11703.668686010682,457.82756083453984,654.6837015771142,0.21171431352765827,9.560904858226953,5.422796853333258,0,yes
293.0209724291344,286.68086402575204,252.59485677040112,262.50661014977203,0,95.56003464283856,989.9749652505636,17980.84417797383,958.7480833988504,388.30724874362727,609.3960472645584,927.8548844868708,11311.876000173675,333.65308772643664,605.0794368633568,0.2666311433971762,9.3289767298741,5.235968271395479,0,yes
231.60282611558512,131.81960680222136,341.2633206080976,244.84749419660676,1,51.75788104099439,637.4823692908736,16482.091301711942,914.4245769673,271.8713045996467,718.2146946517257,706.3694869057754,14201.341605372496,159.18058362898682,657.9905460451981,0.20961020398493194,8.494552761578401,6.239232330333344,0,yes
249.15001531309176,196.11766793120364,335.4581727254644,255.40517406278246,4,41.37003815873058,881.0460113206626,17472.76491490746,924.3707532525186,93.43237821568796,864.7653045876433,733.5979232920365,11920.355524000965,469.4133816922188,676.451350286468,0.2491919527534629,9.045308856135772,5.45983994468103,0,yes
227.01771035343666,213.87725783556982,164.49846519768695,276.76311872204394,1,38.53908223191536,689.4825778747663,18736.669900766996,947.6253463357515,882.3271954964293,40.54766291045553,877.4649709741572,12631.68047467953,829.4603172308832,663.5558887880504,0.2112227749886396,9.637770974253007,5.93939092690523,0,yes
285.87658074603576,175.30189516324572,180.6388713332276,253.90544582631372,1,71.84019163264006,964.9003554809495,19359.715431174038,930.3429533256678,377.98236796319765,569.964436394022,852.5226073203149,12007.569949544042,491.4119925692895,655.6346702165564,0.20608007085138466,10.008729389588682,5.5469502420799754,0,yes
268.18785800397836,102.19929572515142,180.96128419620868,285.0377049037302,1,34.28539177232858,887.265123208243,17725.65747825628,942.8081834378603,197.2664934921535,720.7991882751821,927.6260459102982,14873.433587658454,422.14663750385375,699.8136662279139,0.17616956480607168,9.17569181015652,6.697345170503462,0,yes
230.26395817360861,259.32036853964837,164.2771680256825,281.07302242882065,4,72.34355337312076,932.8539000157015,18398.37283952858,933.4359723292066,316.8960759695955,606.7227011754757,714.3553964420333,14205.126514474774,255.87160482103099,648.2221568502023,0.2468771122083607,9.521136587017862,6.272180756283069,0,yes
253.19826354808748,335.358541526635,127.42770185163064,291.9600726377628,0,53.26672624574605,629.6389646005873,19823.7749800139,978.0882942053244,169.0271244633977,790.7420677844327,916.2442799207073,11399.23720983907,826.8928200242391,710.8332366389405,0.2566004005191426,10.172436475521408,5.472191935021254,0,yes
262.9956766793157,168.59248855092193,155.8182404363224,247.79445866014606,1,99.2027167650092,865.6679912119364,16391.391380957964,964.3252953100831,868.0018702606937,66.56149569411411,804.231466540488,11317.457945159369,441.7707119022366,663.9948688142329,0.19775417410820958,8.506636276084945,5.230991619474096,0,yes
216.52189180073728,286.69695465865675,376.0408697062607,207.03052682061264,4,55.61079585963954,619.9255343999556,16318.100251497122,943.5670911615308,741.3131395873818,239.7517352005416,995.5169916856601,10105.293356472392,182.98650539149293,692.2907159965358,0.28153301779436807,8.412725601684697,4.729254960023118,0,yes
265.04417303884304,395.03859092344965,124.1700689395042,292.8439930459731,0,59.38016418439484,701.8224736395961,19045.445390120072,926.065870597508,10.869083415081285,974.2556944644625,802.2522341328375,10687.0041158403,348.44378839477946,651.7137590835812,0.28226466696544816,9.791912472105873,4.946045067882585,0,yes
227.81748444773453,149.10404155462328,165.2117969380992,237.481212209447,4,93.52173379102337,914.9504072586251,16942.125307001777,942.340552665576,877.0518293737498,53.671990944625804,794.291664642971,13991.700864667897,614.6256592135811,698.5845060181118,0.19661326076874647,8.79015062335313,6.369880519572362,0,yes
238.66350431458687,300.29164318348523,121.9604274619577,210.99794517290215,0,69.15431952399658,937.5385652956243,19657.298162327388,955.1990393016949,460.8991244413931,478.27928190586607,856.3427862849578,14280.235749889522,476.0497511195913,655.112122397491,0.2254475558363913,10.154660615346248,6.4501265481947465,0,yes
281.3422481309595,319.6194285652083,208.98908756321828,200.93485462131562,0,34.17906010922746,667.5026254688356,15690.381970950102,987.8870752059544,480.73111399784096,496.9455717765134,911.4194498221462,11644.38337492083,111.7880221163424,774.1555913404829,0.24957465521829023,8.115365458609139,5.293157696026727,0,yes
256.89669093582967,324.07568309405985,193.94595774288598,284.2269713929988,4,89.56313473470755,968.6155477537482,16122.829639338583,920.1320414882471,86.46446303193359,818.0438252610836,832.1119566855831,10655.46654645599,721.0892933265449,770.514025153294,0.2848755302268668,8.389743065677871,5.099054678696792,0,yes
229.37498496175203,253.67633885040726,138.7259579763325,289.3135778762455,0,26.988352368238342,721.3576037980879,16275.645212799105,922.5113997418945,659.7919901175376,308.77930733390053,728.961833599387,13763.007902096626,586.8014272540701,688.0299691549347,0.21934408640998243,8.410828757374574,6.244956322230325,0,yes
257.43907059971656,132.1345752862918,153.51255175752536,237.94515939007204,1,60.30212026877825,668.9572392958561,17161.619662828383,909.179888949371,543.8937434223803,416.1487069583153,747.1009954813477,10747.452769989693,464.7947769010762,787.3092737514974,0.17514553584075135,8.840478436541163,5.009182615999983,0,yes
297.0653823414948,160.0557910141522,252.0446837679157,225.25663768839263,0,47.02391109279816,928.1928612781891,15762.039802678159,970.4223984283834,398.3779820665959,539.2330708693939,855.5122427149379,13081.915257868002,610.4946211650316,752.7247205369879,0.20283130422256876,8.206995152788755,6.03691647352108,0,yes
240.44444659854696,374.7649117226153,102.96041188550112,200.94481254196168,4,41.58010376109991,864.1150671469643,18551.83558984157,937.537759624467,773.947333775288,213.80636149644067,799.8103334973626,10194.459509585327,649.0498777305248,793.8300290358525,0.2621851573470754,9.582822391064786,4.8874729982235685,0,yes
277.6823504985523,234.50806996101588,136.42019924476773,278.6351734535147,1,94.52616812034726,611.3698210082699,17730.08956631897,937.635140990865,559.1058960875904,356.4511206499502,885.8358538675651,13845.07399793458,291.8276723705442,632.2610791885538,0.2276796860392667,9.116045106854703,6.20794268113958,0,yes
202.113693839755,293.3947573825524,119.18171585633604,283.2357886861992,4,41.48106711629801,974.7101963071578,16845.31844704639,938.3206648145409,412.14422634118705,497.6437357792356,753.4159549648751,12998.929247328982,241.4442294659624,788.0506385647409,0.24448690764284475,8.754882739594258,5.816165007915526,0,yes
224.68961895943804,360.0925517736379,298.2205342983828,278.3084338798099,0,68.64601755904462,662.7003679327336,15740.694351406171,918.3551193333731,539.1890620769065,460.2071837215243,773.8874593543171,12774.805360726685,694.971514842389,624.6210327757825,0.2962527849671186,8.12989977711946,5.906865179295056,0,yes
222.29669321201996,236.1436100565633,225.80429566901415,259.110014294671,4,92.9581823750273,805.4188490791519,17117.63802057355,987.1337666801885,955.4096797702305,24.309825703468505,909.6976560681176,10357.17877857888,820.2521399742504,781.3739291385683,0.2471052265804888,8.859382889488693,5.062218849188695,0,yes
207.0817702729016,106.76934902251514,354.89277657255906,241.05643085573934,0,35.28630902780585,680.7978660096483,16401.760101318374,925.5468941848048,903.0183999566981,92.62359972948627,835.6152939098539,11481.175264325313,361.0906756463834,777.1277111043009,0.19239140859673184,8.465380956791508,5.30015961982687,0,yes
275.68607558333844,168.42430905021905,276.1395840080035,289.9348176036823,0,82.8746683007485,986.1374784915995,19859.159487422028,989.4674762552894,343.23417676534854,629.1305232910527,783.4535456374756,12945.885960123196,198.7976951714601,718.6732330661807,0.22573191333409443,10.271493671618058,5.789271727688905,0,yes
247.4578097229756,252.84700690410787,283.71981346461894,291.3843358355159,1,70.38476531192413,670.1607164175101,19572.169573332754,963.5742503433305,98.19926434016821,801.8858858070471,844.348453803948,13704.148546321736,735.5153885945336,659.214016890901,0.26016514798498763,10.053479957512026,6.313871571310421,0,yes
247.47136576662484,143.79120674964634,137.1593443520216,238.35606570664996,0,40.28392668054526,915.7962813717,17745.49198977197,952.6541134446516,8.177916990615428,947.9570168732894,916.6997820735899,14530.992571770435,788.3076264884303,733.9479197422722,0.1688430394391117,9.193444639397148,6.712201100362639,0,yes
214.76470256490458,157.8939468786579,335.5626884165239,204.46144116110014,4,70.06832818449067,695.2509155496163,17252.189055348954,991.0626559396252,961.5094922749092,8.854391863717638,851.0506888081337,14797.014583831664,253.79664421482948,694.7355446787889,0.22299802828720122,8.90279552622641,6.575323832761669,0,yes
289.7637565561225,347.35915580903304,106.5915334810263,270.774325943173,1,49.480731039866335,681.9395949531408,16625.47688538492,984.3070954150622,173.6672822815117,735.8118376688736,992.4600506775548,14998.612989977766,294.3480697760623,613.1284878983431,0.2611489712827777,8.58558065794091,6.709687278984621,0,yes
203.33993718889658,374.80417845344437,245.43269915770034,276.9795399904703,0,76.30923521704122,930.7327304280798,16569.591684840667,975.2416749132892,38.71052722428965,867.6699113962508,926.2793155923093,14831.099301913568,416.4703353195277,679.1164566519232,0.28958252306313204,8.612017001531557,6.67327946119357,0,yes
278.0136790771914,178.46446229653282,310.0871413844357,221.7593402403565,0,28.579121428094354,737.114010959937,18492.592193423672,910.1586305050043,737.5549243832015,223.2117917745876,885.3567549518408,13334.237836474742,384.14323840316376,735.9018903575579,0.21637187280588252,9.521093321868989,6.060193532169439,0,yes
264.4357719190088,291.4912629999086,300.08875831346063,216.2688749703882,1,36.45012173444891,836.760824120335,15754.452007464935,925.8486701594995,873.6155900564697,39.93803339224314,907.2537845623716,13660.704958385531,218.8906494617055,756.6115570444992,0.261755325202874,8.176369973013086,6.129710420406657,0,yes
229.4145056183756,180.95925359255503,358.88987213474985,215.08350767001576,1,68.41814290862104,698.000906982648,17689.47553910467,954.6278338892182,87.46618918157901,832.6435295726012,881.4959523835248,13840.120758166446,451.6466331380187,624.2983451601676,0.22865647733413896,9.117008821312957,6.2677348061731495,0,yes
205.65056312617975,122.72027959784228,126.99609642955764,289.97665304987925,1,80.7243438589495,619.5722593053482,16368.090333272026,985.1745196828485,615.743535854765,289.46757621100517,971.8803093817662,13260.320014842284,741.8762329114994,658.4460008195189,0.17250778585548646,8.443383316033527,6.190495327021543,0,yes
214.76115859657926,363.0805462515537,303.1381225162165,243.32955659304335,1,22.27505526840411,927.7752140632342,17729.712128469837,909.2818357623299,28.521727809254173,930.8772139257835,935.5075620888928,12630.108690317029,170.2343365771477,624.3758398869433,0.28835367399842493,9.182341722915346,5.698173783884633,0,yes
231.54262192278415,211.2195964655745,369.6650582277312,282.5328848000689,4,37.27315493927884,770.2086282324731,15147.99181493945,933.1121158016925,450.9816161354133,472.24429273638447,803.5941151175182,10702.679840413324,777.960400838654,765.5902061857746,0.2647594562813086,7.859268531373949,5.131182272745096,0,yes
290.3150586270426,123.35660828586008,244.16858311390382,274.7541040874639,0,55.23473883347787,907.4989899923232,17741.044854842225,969.2769802272231,878.6715174995367,73.3551739932825,898.8580733521989,12250.155001010207,541.006813917676,749.984356789426,0.19665244069164287,9.19162404980352,5.695372287636355,0,yes
210.13171455106223,116.81227450522763,183.39300838534047,278.9911039173355,1,79.2114866517757,807.7185380576082,19115.14161250597,944.4583009168105,126.83083060679839,830.1889483849791,900.6033137925398,12160.42714667397,723.1310663441859,642.8319790298981,0.17960215212454478,9.852760103736653,5.719584017994773,0,yes
296.3001898354577,337.58251658989604,224.09691971604087,239.94625254910233,0,52.49711877437007,629.7015858728032,15865.206433081585,915.6067775282334,360.263618961666,600.2304457837795,775.5373122659076,14293.987524571252,837.6138882622197,636.9613182241372,0.2717813193235445,8.184575957863553,6.568485257716636,0,yes
228.20575897848357,381.0149434511465,264.7443195564806,263.48384271466324,0,90.47150145476608,863.6522088418628,19671.869695657508,960.7430861662755,126.75662103386493,829.303027155562,876.5854372179916,11142.265623539603,470.8637756743623,673.0668315331959,0.2981500715042447,10.1459265362452,5.205639628630865,0,yes
299.01546054807346,287.2836934000926,298.23319769757745,261.164514803791,4,60.39302395178754,975.0108084423537,17284.55289390158,933.6084509055618,470.13095296376486,463.8809315087671,954.5454759648273,12429.127115347419,577.2498866552229,750.6511456428512,0.28806945158221114,8.9739227634571,5.801347208732918,0,yes
264.5942622189957,146.20447861938683,243.28277965382912,214.57067350599795,4,81.70599465124604,761.888736974768,19396.671185386207,902.1341448084315,15.030589061143633,958.1726576992319,918.4483254623335,14320.5151165836,162.40769894140328,674.5162405299886,0.2096489061831458,9.97752558256728,6.372857660020376,0,yes
291.28996379434477,197.18269971428833,374.59989477449994,262.49261953892716,1,55.41463728388042,939.7314046181494,19642.8904088607,993.2423734477632,346.22319103833246,556.7419214488054,970.8796631504306,10963.845118216726,275.5424852398485,719.4218372029104,0.2539629946477621,10.153216469054595,5.092698504262579,0,yes
271.455349454267,160.53686747800472,331.9967984956706,284.878308202624,1,52.3613316219219,879.7239808024658,17552.86600980685,956.8096107026727,413.34154803669213,520.9445379180279,721.0214590125228,12543.08355138277,281.4177226883228,650.7429750208114,0.2323653032512981,9.089514377718716,5.62204025675473,0,yes
242.56375956147883,314.75139161450636,301.69430980621723,215.48865560617472,1,71.32978572647131,618.5434435402111,15182.869395611595,929.2478144648181,906.2092477391888,38.37113510381778,867.0828503694884,11698.305219185837,197.3840400243268,698.5298414496117,0.27284281593110477,7.842844882734435,5.316636432859662,0,yes
272.490077440256,121.80635949925683,219.39393637015667,210.366758290278,4,59.00703626076864,601.515096373785,15264.603976569493,986.8261324573152,311.7205372782518,603.2332326698354,717.5570103231005,12305.89302441124,652.2603723870628,609.7195871625273,0.1924165791123987,7.887944430103826,5.666106130703384,0,yes
296.9656032148649,339.19308024529766,180.10800118188078,210.42091080397464,4,63.61083721254889,860.3448093978958,19777.131413800285,961.8513855833537,564.0945405911859,431.5810175645754,844.2164176511617,10632.961368120314,399.0686195489756,739.3765034909173,0.2752040985611899,10.197964094433017,4.9744866040934,0,yes
235.26078531931165,296.62310244300636,205.09112520659846,290.07720714382316,1,70.18359757058045,690.5402085847286,19303.66721021763,973.252719746142,415.51970345226397,567.9528912656112,786.5642724690335,12338.90769638526,393.8097151166117,696.5718980941243,0.26012155955391214,9.925034289469941,5.624346630033879,0,yes
228.8759537190929,375.5442766850011,390.6184253777638,222.86323860742903,1,31.26920979158981,834.8757052385325,16689.430963558498,948.6420559268389,313.56466732936263,609.5168016584826,815.0016567631849,14790.043619605436,307.70946156223624,679.1055054716791,0.3096546445452797,8.646563845987677,6.57112237930382,0,yes
229.6012391845283,397.71310886707533,387.07695320043274,261.3656459316803,0,88.96034636611745,751.9830602852708,17039.336765968575,974.4151555599403,749.9312642826189,231.89731509835292,953.7062040956883,14505.629294415798,688.4068437794467,719.5250430890208,0.3288584479646735,8.806582773856547,6.678535243107735,0,yes
244.20184106612282,252.54423941055379,297.1727245770361,258.4901154231432,0,34.35222322704189,607.917344211452,19260.96294753367,916.5178664494399,862.9860527224852,91.15068468507889,790.3192494551857,14644.062982949243,144.91822689644857,713.2052767851582,0.2472149148827373,9.877839365922627,6.446500071979459,0,yes
250.1904781435139,352.422189341671,282.8723353572756,232.83975583703057,1,78.73922713991341,760.1858140897891,19907.893557167397,960.1404591761562,588.7816494411024,368.54153860283793,917.3339181332595,10143.1911983066,464.43557077721664,743.2419406155241,0.2895127430522621,10.240709628815571,4.8291821811333735,0,yes
214.05820947982892,223.24154960342054,361.63647846737484,252.2553226553017,1,58.428285990189806,846.598707015504,15366.520859156259,907.0704091889335,606.6463520815066,385.8232927193575,859.2265497627802,13038.544158386057,848.2875600651736,668.7288475540641,0.2503580905466045,7.982049190891605,6.1126393036909095,0,yes
209.3114088591901,273.0344083060602,216.52545984466803,286.7596069681383,0,22.387276629895247,969.3790027378795,16214.790862421802,933.9479058538351,819.1131703669495,128.0106522651157,875.4307145523333,13812.267482528663,340.83402546066833,681.8243776312293,0.2390249154443321,8.43779152088184,6.221088918137118,0,yes
254.23371086638682,179.41244078186935,369.1935310402157,277.6605534691871,1,98.70158174257908,881.4343140147345,15970.094811570458,993.0736453248069,585.5046465155677,344.3803775374888,949.3858300662878,11798.750689958102,320.26198890597516,706.9959836581345,0.24955903474291447,8.30352874718003,5.437987966212146,0,yes
261.66885804084757,102.56083389263243,367.7086667218108,284.3641058962943,1,40.522522975534805,850.5385971861347,16355.338861481578,979.043482305012,169.07446340568444,784.068972297848,724.7914036042355,14460.89639810961,607.7315365293917,721.5222041680585,0.2134879232259312,8.487232598757469,6.5331109614047005,0,yes
210.77439348030737,389.5544754913812,100.7518944970362,223.60181966757582,0,71.8346100844724,904.1895949187004,15721.163498037131,981.6047331258555,659.2850431705199,325.6278685236068,735.5597891649475,10839.428295536249,351.7893968222247,652.4377706101076,0.2562465402656919,8.182635193384003,4.9817415691891025,0,yes
214.902132692046,395.3691721327894,377.87274170531566,211.55016256307604,4,24.846563354605955,621.9600094633792,17248.624122479432,925.2938276914199,836.3597256667866,105.47976460692155,868.5255029294857,13816.170456378575,585.796950276653,686.5554051028984,0.32220112860949696,8.875924138835371,6.317769924035333,0,yes
209.7536893195439,357.6614607963666,326.6010134833057,204.18310843891106,4,49.4713162819319,840.5648762797848,18535.139003721433,923.6218241127981,318.1894334263863,641.3851023054749,779.2148020739278,11423.235217488305,677.4050723872155,702.3622503709324,0.297835302603904,9.567263314421801,5.366038697136787,0,yes
226.61416245306515,368.69143060658837,197.13882639253978,229.37809265041236,0,62.156664387341195,795.6716883788872,16761.318329076392,922.7695923960742,276.06745541493876,674.1884037891131,849.6028626813448,13024.24992421576,398.9746206126797,727.1013252077264,0.2691171706132696,8.67018420780896,5.925215538356277,0,yes
230.5347134087489,290.40898474685963,360.70718912143633,269.3333610527004,1,29.255009044667464,959.815839628737,17968.456054098497,992.8998915571779,721.3509409922738,255.5856275142679,811.1146425938649,12524.384353762753,213.81704534116244,628.4448263327718,0.2788687053779453,9.320556181058938,5.626512615322991,0,yes
290.97500324702247,185.08759723414153,377.1707486142798,234.81723978145587,0,67.8252340530175,952.9962192971855,16463.90356539056,960.1245574243292,684.1114021831995,283.75002794650493,817.1121508086687,12170.589546271072,511.8411718964538,738.977129346496,0.2416242845730405,8.56218248440959,5.61990215329347,0,yes
275.2291013656828,396.20019522250885,336.4994880081523,201.0428550199819,4,55.03143245028075,655.489683498789,16101.511508830645,933.9960821481094,284.8973095652347,629.9619420964589,747.5354262455253,14323.449490436695,876.6698304489571,683.5565653084557,0.3235774498805216,8.310873280029123,6.584543773620971,0,yes
216.81262968096695,109.36596233018241,266.16478519864455,240.418751953558,1,73.53979241181833,901.6573620535777,15278.323558857292,972.2967643345557,988.2946269776519,1.890872020102961,758.1732802924747,13422.289930062916,446.55036656276803,731.4566687747155,0.18559371161714544,7.959352637472399,6.072981522462896,0,yes
229.5953968782431,357.39438813143227,212.7789549685319,214.13571371115157,4,72.5231799666696,937.4323684292763,17968.703916562794,914.8688593103296,344.3170738777405,579.3256715635739,752.7190758809709,14238.441956319117,588.491673576257,679.839958373651,0.2823577461361224,9.304807309870643,6.438055013917063,0,yes
256.0870496765603,198.58110801417715,191.94679301069525,284.3651836490779,4,70.07443980247842,937.1373930187174,15348.056048855842,956.6264982522124,601.6910475826099,382.65496994427724,995.1403180814655,10748.670828860182,285.29735571833675,721.3607135332707,0.23175253380692148,8.000144390564982,5.031673170906244,0,yes
239.4820470519419,270.3470318280348,186.68952805597775,234.84721054796518,0,88.62350924055902,884.2095072271492,15958.531989192863,955.7232687046418,57.81540133448795,850.1194985319572,790.2461282353394,10511.41309802625,671.2593584308141,749.3457888689607,0.2337369095929393,8.293213180615933,5.002404813817624,0,yes
270.0398722611282,388.0599728765113,117.83778455065803,281.4754729987506,1,31.92801079173907,814.904277498065,15374.560283957971,945.0189645281711,315.7106945465957,594.3473684944352,780.7916665881497,10407.670353912827,334.0224641240385,630.0290189950733,0.2771148225179144,7.984153628537798,4.806798540988347,0,yes
206.558588546684,297.0553333765449,308.73518687535534,230.28446549625056,1,96.7091913806234,873.2245419602617,18631.29093303943,921.4127360925648,527.6873907661077,389.75246581242743,774.2234649255531,11569.011775803048,716.3199569617052,712.0434416214526,0.26877605411857536,9.622397971025423,5.433414157919322,0,yes
299.28541198255573,330.4511882444133,126.79622338504161,272.40308408958776,4,92.9989621527081,658.6644559240206,17350.648705349653,929.6916865725166,524.6501465678928,433.26174008939336,828.6156122545483,14973.00067661922,769.7819071166473,659.4889073858538,0.2774307916426137,8.935545913854098,6.836784854393984,0,yes
258.40991025874644,322.2004766365867,194.51659517603406,257.900414280547,0,35.33393630697905,751.8749007979834,16156.363281547725,917.7836839812674,590.1326002685532,325.03296583909935,953.637189969517,13318.426211805829,863.870326369968,637.792210479189,0.25634824107351434,8.357287615712286,6.253891145524317,0,yes
215.3494763764187,326.13434801396136,358.0633889226598,212.3061019385035,1,79.45629136136763,927.4403086357922,18536.439761263984,924.6919795504718,460.0154029180399,521.5625290991379,849.8695986536804,11421.15739867081,817.5482502249977,687.8064398591582,0.28561746043918484,9.587735625316483,5.4506464823894785,0,yes
264.90476757244335,149.93500694371585,301.32953579547313,209.15670852010857,1,43.41045604562878,672.1892267011453,16155.496948583486,992.9489720862024,576.952907618425,411.043344658049,981.7260057576375,13884.783622236864,361.543760798526,734.0510811353627,0.20489268947649725,8.349651175122228,6.313437896592344,0,yes
272.18560236199926,235.75697031877405,322.32156741893914,292.85306366708295,4,70.15462521279002,848.3625388775799,16752.36885270526,996.9438592866122,769.3013539462742,169.94283821749195,775.3709279410087,10361.307010414768,705.1348751304414,742.439153343068,0.2764424933745621,8.687738644869572,4.9533303766126835,0,yes
213.74481362063173,277.2897918921021,362.58130439419836,239.63921466784578,1,46.85977644030527,893.7496357110533,15144.270702767577,972.5893619505468,579.2534733248355,391.5498018685789,851.8917238532534,12664.131661431387,805.1473013867449,699.2494655774449,0.26814942909289186,7.890571403492575,5.943703352288835,0,yes
221.07415236439897,129.30563287335272,177.73676687728886,228.4997465122982,4,45.38610181880454,606.7970652997177,15104.749270739485,983.439702029065,661.8602909973946,323.9997346251106,954.3749486664184,13183.664771515894,137.7099167159998,741.7124962663299,0.18249908039253135,7.808695096098346,5.933236804296997,0,yes
201.74368480794857,271.1003565258846,106.13989396741594,218.40601870512342,4,75.95578496416553,948.9324990528539,17366.781046338423,944.736237957038,838.4109290494093,160.64396027269504,958.4308211047933,10776.123632828729,495.539872708102,644.2016585759137,0.22428188236040866,9.01057162705483,5.103950730927947,0,yes
298.4260319237528,172.40189886078986,326.4731167055468,281.29388524773276,0,75.8488585403516,872.3696377170055,18663.557025459257,925.5294967819771,919.6582735769111,46.611963210150975,720.6243867484553,14287.394429087275,497.9678787875473,648.8057286526443,0.2376589967717491,9.638901235035096,6.410371889494356,0,yes
238.65330247920474,152.94083101541187,141.43768737693475,236.74821086594412,4,78.31082449403773,804.4118315550074,18761.039257443135,920.0774896156303,403.135363741969,581.712055428075,766.891318149082,12315.499000117214,760.8348083119105,777.8589733647775,0.1927027056102631,9.671627583846002,5.7648980494015625,0,yes
271.8023048341912,171.90547214137817,144.95102589390513,272.75393943702716,0,27.63238371333829,962.981455262606,16678.63776137696,957.2346070561416,700.8396938734976,298.08635921739005,779.1837873452052,10868.991098229224,630.9492115391416,747.1569810022218,0.19001459800450754,8.671444164237586,5.13712205814044,0,yes
273.4454327862493,159.50132775768864,370.5615207402746,277.34654633381837,0,83.64474099978888,743.6791092658366,15231.664314442554,902.2573782797601,341.8774846782127,638.3169381161573,702.3144914714248,14163.49980677453,548.1293986984821,651.2474886536991,0.23834261745594468,7.891003600990678,6.375798795365943,0,yes
275.38463013130627,165.08967254351464,310.19453057923454,218.03437526798848,0,57.47776800054368,729.3968964397534,18971.747915330365,935.5525982038326,800.8294629411298,154.8548166293184,894.8751250793891,10157.318766361119,168.10343907927557,756.2035780487108,0.21359775627088298,9.762441150583639,4.708813729821204,0,yes
216.5718795631385,258.36529764379105,349.08400380868045,245.75172762454153,0,95.85234881889329,829.0600479913257,15344.012481557846,932.7419019258098,453.9776093368919,528.6579323942832,723.1995734357637,10943.668608428248,164.67399497110875,778.7191641428258,0.26161936650416184,7.9703661560787165,4.960033405609012,0,yes
221.03693159806855,115.80747303251113,211.4108701658435,287.00506579051023,0,69.84582497672982,969.7508320520003,15744.425952344041,958.4122178428718,16.458214023683713,896.0946033176542,750.5273719855803,11465.009600950938,497.74603910981784,662.6216852031546,0.18260572290747434,8.206057414308317,5.287727991670757,0,yes
255.1260122667927,129.37332444161964,273.4688286043565,206.02818461425215,1,42.14000811374195,804.1035211384557,15312.768749863137,960.8818501093817,487.5170126789066,501.6530617894778,872.4964561110917,13727.4729717457,178.99875858149431,795.2311082661811,0.18907342041123987,7.953026205123992,6.1421162091975905,0,yes
230.98955336460634,155.20283448836264,253.09241824048314,293.96637925425944,1,62.93319985680113,865.1101349395224,18708.75664968047,924.391391751,213.9501188619618,754.3782253936922,975.4012732684052,12849.830147389639,320.18833393975444,721.5279576051598,0.2124804064389577,9.659705688313647,5.876005047660469,0,yes
297.1822942376743,279.4726623924211,195.95649736641712,251.99765810410622,0,68.32609839596675,778.9298839438361,15410.050759121434,939.3259206915703,486.36106278752953,422.863239236483,866.8763953568854,13683.996032173423,604.2412821828079,707.1349808823376,0.24742124075635843,7.993089650912584,6.2698667621568385,0,yes
240.14214015316003,297.45644298358775,389.6143664623822,252.1883891167035,0,73.2014631842486,619.4219955858946,19961.686105855057,915.7790026785153,867.2279166000378,122.87019892095441,899.3674396379645,11802.26106687097,471.251016414259,724.1134243486017,0.28677805177543414,10.230601315404986,5.490343033105643,0,yes
290.8013345835732,386.5338044106822,202.69183472449043,219.93792057539136,4,91.09220114696899,957.8904184667554,16248.913272022763,981.528956292445,632.2980836680504,289.59580597111074,848.0862080719669,12628.305648898357,623.8535245375157,715.0278256731419,0.30323476275738537,8.458766925057631,5.8506939163908465,0,yes
260.55390013824416,141.43683252698605,368.8295788590377,227.72653164152945,1,22.92186459162967,901.7180784288753,18943.92857081854,995.2653140320065,986.516503333941,2.3143521679837704,912.3388629506044,14033.34198219827,492.1515268671278,647.079146235844,0.21558194418440974,9.795349527420722,6.38600415849349,0,yes
248.96145146457465,166.14307327055522,163.66750790307327,233.52948502584312,0,71.06331663156271,706.3879840360999,19751.59862352184,907.1860691325223,651.6475306348882,280.1630464454124,812.5656570630576,12351.846981833243,616.7778273777334,639.3914619641213,0.18617756143456843,10.143412978345276,5.714481229990689,0,yes
263.3676820713035,324.5147781696051,281.37619014883376,248.88302937846933,4,47.00277286787747,880.5065154162314,17502.720006302327,924.7084988303344,45.84200301031264,866.8920788593999,889.7490353514684,11637.58191121664,321.25363988990233,614.5834278983762,0.29093621593602886,9.060210531667583,5.335586935697162,0,yes
201.46978888154962,122.28829801355263,326.47579724979755,232.24825419620072,0,46.78533442730371,999.0539123095714,17444.761076225393,907.4528202536364,821.463166978814,99.56432161282157,994.3019908147708,12423.019183997943,426.7719245940133,760.3482065196548,0.19189107392211482,9.056001657981867,5.754126888369703,0,yes
232.72747775526847,395.41268988367926,246.92603205323817,287.077670647251,1,51.47270727320289,915.2445852518774,17753.69329981276,999.5832182653894,837.1125410495133,126.84485380209208,793.1202509278828,13967.27726037558,129.4808540335195,717.2491541201955,0.30473225178238394,9.203908360128635,6.172619224751198,0,yes
266.2308470080229,384.0700697118059,228.29878562031112,254.6789083960965,1,96.909094142587,917.9275493870276,15707.049501198522,960.1246683942488,197.0864979816176,720.4569267852712,951.9402923927203,13732.247910964648,213.81646627132778,612.959553424884,0.2999390727681878,8.175737851204945,6.155800328945697,0,yes
216.45564184360194,151.5305163600953,224.5879820682427,287.01465262095303,4,82.11591446426982,948.6677500956395,16845.612155922805,926.8116667867345,500.52868550030496,408.33112298861954,865.0513175239206,14829.709212267422,724.8292485652912,613.2839223928353,0.21649663635810068,8.747467560827918,6.76329048583798,0,yes
288.7079038017247,238.4523294356953,133.51612066119785,202.08311241788635,1,66.22319934927893,792.6672361890935,15982.471098251533,971.2527256398363,510.95521405945595,423.6309080429144,718.3000385124448,13032.908847320701,659.441483715367,706.4094474877285,0.2112037521189485,8.28675599279812,5.975455721760811,0,yes
237.88772369677008,170.10516247218968,125.21925595061818,217.8550924810136,1,63.65532028181011,791.9516838806707,17653.047154515272,947.3136003190381,385.4098512853198,537.8944748449605,990.377089122367,11359.961083804856,213.96795880836635,613.2637467504674,0.1786067973003075,9.118585518183918,5.223148602333916,0,yes
240.54751858504,104.15872137332494,295.641824014646,220.87555593829873,1,42.6201786944185,695.1968186953386,16398.907827033592,916.457703011776,697.7255605377951,278.67052864767834,927.8179002587322,11338.806036386184,870.2433386080046,741.1056527821627,0.18460886147831104,8.465872520862991,5.476293485543852,0,yes
207.82186116017198,107.40931714718712,373.9103810615185,268.1157272532926,0,51.942540868668175,955.8738478242626,16217.170273657955,949.1715671905971,319.33425458054734,590.9370332987182,792.695807218591,14376.569363797025,634.4175307969421,766.7753090258053,0.2040496563492692,8.437968116591794,6.537348714359865,0,yes
269.73483820522415,193.743313859312,187.11178065420222,213.2843034653272,0,51.72087851066604,939.936838031072,19701.25447125981,911.9628321375131,120.61152977447732,824.5923927874481,878.6539774861549,11035.771067186392,528.0069971994452,693.428271166544,0.19805379822298103,10.171258534520405,5.187913358928327,0,yes
255.7075627514398,112.29138639710327,329.9149174021984,293.0292004011169,0,27.428055919585166,986.6339521556376,19423.926456384368,906.4573942344183,904.3321705262198,26.253317496829027,716.0422015040361,14254.350203119015,569.7702779529043,686.6468212235608,0.20515463594885486,10.042576855837687,6.42410589404129,0,yes
264.67716533066255,394.5285150517142,188.62515885277213,282.43617350538295,4,32.66214126247693,611.1564287227039,15018.643591090342,917.1489136664524,555.8660540220299,369.6026986522719,982.8168031455144,13550.582891746239,848.822074553156,704.7267525960746,0.30546544291420136,7.757469837409131,6.362612709728128,0,yes
209.77915504175888,115.67786905629578,360.95612208065904,274.3507188253859,1,40.49905131645459,871.6680581791493,15931.085349030542,901.4271621045023,198.5245031186211,776.8241522275207,857.3296045551651,11367.931910433621,350.355713770258,613.9045945836755,0.20882190972355177,8.26921424339378,5.234914966562483,0,yes
281.5360511316294,161.6014303350075,241.5155761384958,225.7638741547929,4,79.8385030441533,882.7652889645417,17852.187680875766,937.8836642652954,10.661834438000017,970.5448532606498,706.5048531377522,10401.028792664927,210.22640674269928,660.3702575982,0.21960277710917286,9.237261542390407,4.738661899542149,0,yes
258.59537778572087,198.35665011367476,367.65534625728105,229.71012533466728,1,39.55801441307852,732.8237044235316,15224.592488092063,912.9713814924127,15.822166789068635,928.8227461359438,750.985934458999,14087.702817856221,380.23766278434755,685.404002192745,0.24035475067323575,7.886529358783271,6.297377106380295,0,yes
226.35433047059422,150.70111856391097,293.7019772735549,234.0271953815745,1,25.91429007536729,629.0751019865595,18002.76545389259,977.4958172167296,391.567485516432,569.0641655333923,735.1357872158759,14224.415123181428,733.1059643236696,703.5881191179144,0.20157540715166483,9.261726932567619,6.491466921329155,0,yes
296.0682673019245,348.0575115029415,191.05113499850432,280.56287506987826,0,99.84985720655058,965.7902476323782,16580.771169692933,951.1945084820231,275.9151910313377,669.2144127778352,948.2525125263903,13315.011868904368,500.8592959664762,707.0158878396267,0.2834101264169661,8.62232508779093,6.11837264112937,0,yes
251.1068104723427,186.94083378928133,230.78513536535525,228.88255601137783,4,99.63940592190004,829.0911657684242,19550.152899311666,940.5294937186275,530.2552252145882,463.6775124203273,735.4951615604314,10230.608954505049,102.24286856116444,696.9354968371163,0.22685565399291746,10.07451183917953,4.645470608193065,0,yes
271.8286883876913,119.08534249485771,324.6795560322654,260.68703102961547,1,95.28156378529755,975.9429406341116,18523.623761211424,960.1959697622528,340.24850099066407,582.1219730505736,884.1514453538264,12812.099896330265,548.0832354649741,610.6836210820098,0.2149267471249664,9.597328105652949,5.894695671096141,0,yes
204.09380898738067,397.54364686169964,207.63864791084896,244.47915844534614,0,53.38181240715576,656.2467499932278,18163.18358282195,927.3596877488043,887.49077919111,70.13797436472998,921.5122180543577,14218.487853243429,445.78697646374906,682.2361990666768,0.2818321938429773,9.340965288307958,6.44549074123605,0,yes
231.68238882109614,242.46194242112324,124.57368928481407,299.2505163590833,0,63.26515760799745,893.0148785936352,17030.98531766315,977.4216426431625,143.61609711570063,811.2286283615501,937.0099644396425,10364.44247857822,696.0960659461427,715.3610075181533,0.21886638843595874,8.834430014700075,5.014181774654867,0,yes
248.10094863824096,357.7216204236172,116.6783534203081,248.37806555915,1,79.19126546174094,662.3105945779183,15550.070718797411,915.5533390901006,494.3526134783008,425.2907562548395,998.0607497739579,13168.526420877166,347.7380043436434,720.4002541633363,0.2612940275391142,8.034119690719741,6.016728615313487,0,yes
212.76468905587205,214.92869310560934,153.00641145254474,224.35456040605553,1,30.914380285597538,644.166729988322,19870.74470450853,903.3256943066157,520.54382649187,402.2942481323996,903.3598054821683,10466.150282134922,569.4196381558478,731.5819354654518,0.1961052987097844,10.188822826022703,4.988488330474828,0,yes
259.05043965634536,222.012289100043,324.37433527226136,215.08690277014935,4,33.36390349319356,993.1799290163065,18248.742109632105,948.6124215512519,444.0886946271138,495.20143326984044,880.4985688618717,11362.428379287014,895.7432906659812,694.8628747839381,0.24951524675632936,9.4622713126802,5.465785497591091,0,yes
284.27520065203316,120.54122089856781,379.68578607585084,203.305228792775,4,62.09676825913179,961.0525613307539,18617.815629865294,915.1554396320269,628.1273133921758,277.0936766039687,982.7591961697956,13227.106455312023,387.14362839346495,634.9179925001664,0.22443734481242192,9.634816764511994,6.036587660053955,0,yes
203.6170304329077,136.84544474672737,173.7866643385586,285.3023309745512,1,84.03793557770665,986.0963977656507,19775.961390621065,962.9539646293056,694.118520887196,296.1447829712457,933.7163212374585,12725.862558003018,326.16951277427063,782.0980208701745,0.18674117806438642,10.22621919821052,5.823223894742034,0,yes
211.09960189948944,260.9410822273213,340.7803273766582,291.0525211274247,4,86.12791961356368,788.8147675617021,19053.587141376258,944.0936656272346,71.62091095996493,863.1054354234741,926.8082433847547,12541.487221564497,642.8276685352931,703.8850803727228,0.28413531627740535,9.817713727326995,5.855330746702531,0,yes
243.86631669874672,241.6059229329176,214.11141946476155,245.04404887601532,0,74.07187897693092,881.4569502835509,17854.826140962672,918.4522057349593,687.6906292493716,279.06254706574373,874.6075711108115,13055.775638720057,684.2887239428646,791.974746132342,0.22848853399504426,9.235622763441786,6.072861385055013,0,yes
246.59138080743668,198.01399892738544,175.59203062958449,215.49065928360488,0,45.3340702905657,793.214324819638,17471.169729100737,910.6788635864814,524.1211624240525,384.55886694322805,866.2680026312582,12914.798126412357,569.7391204941723,633.5951863894056,0.19416909609709196,9.022909100760975,5.938405006430253,0,yes
252.51008091516437,374.71991214877505,152.73042538497074,274.06941947085454,4,73.1957389985597,779.1750874186081,18856.246646446518,949.1458970156446,216.33611455992508,776.4014161786911,960.7932586582514,14867.350401895468,760.0089071934663,795.799719898924,0.29224568554479263,9.717591460079088,6.866360789195619,0,yes
215.21049554356551,279.82773154232996,364.7376239154476,286.4976849050897,0,77.15188763607833,990.8195259740105,19541.21662425313,962.8444410645761,206.71126851782319,752.2552328158841,914.6137437931209,11091.874316441019,314.05133300861166,779.9036698706468,0.278960677227899,10.109922796875749,5.15252130471201,0,yes
243.4122664454588,368.49109978903607,272.06139056758417,291.88014627342034,1,28.4639647209427,872.7842113960717,16840.810991336908,939.6313750039894,630.9269547536194,326.07492350387326,932.7492179151524,10039.386619633035,788.5916798047289,790.9482513622892,0.29840958050412003,8.729555268639333,4.929801847193263,0,yes
259.1512718448973,181.7488728510829,272.26514680143003,213.44980335563275,4,52.984923352061344,734.005291600441,15346.289582845247,907.6485621947344,517.7252664333838,460.549875742233,782.7634989267302,12179.768014232379,874.384983425052,667.4601353137039,0.22513948950730073,7.946912276472033,5.7468497115684185,0,yes
230.11167278457975,349.79816419305723,263.4587930171716,294.7353055148399,1,32.188815798738204,965.441951842759,17403.71177497948,979.0252019328409,432.56925539360924,562.5147996777937,908.5566864142831,13198.853423602017,488.06700609350787,781.1955706422228,0.28857035406735426,9.037554922133001,6.067663608019377,0,yes
246.12503862769432,318.4737116366558,107.68921440935928,243.45496523292832,1,52.6935033659968,695.0365980044129,16513.78368648879,947.1854168989378,663.5973755331954,297.8460303456088,934.4873522273533,14216.714005699823,284.2376212535762,716.5683576804095,0.23923135775801554,8.527487414066004,6.3904067557241095,0,yes
235.4682416571149,164.5556490377891,211.20882497993523,236.9028531544817,4,79.49889449882,806.7797697232053,19429.95784795619,976.1823553712618,176.80875489569033,728.3297631442558,958.983749245708,13701.658027044305,337.26408705695314,657.5356507605787,0.2110807030729089,10.014331069746572,6.199897718743816,0,yes
214.90021553007878,335.6942533992524,374.88171995093103,204.7462409485347,4,62.707140098901505,702.8136004397084,17184.470307610194,920.3787020722868,829.7298888044849,72.97246734422026,916.6268160781483,14905.756274095358,832.8871193392752,763.3548260730346,0.30113058694356953,8.860864624116948,6.876495418141707,0,yes
225.91876638001406,135.2049204238292,173.50435095264444,291.6792010863339,0,48.070186614143786,947.4210282656004,19203.118292839354,968.562755211813,293.09910908247423,626.142344664707,778.9901193090682,11936.893063789907,323.3623702535624,757.1009803026697,0.18159737137241758,9.931675601348644,5.431511429439518,0,yes
287.80485604622754,389.79683101371967,238.26587468945868,276.5745678767794,0,44.714663939032334,859.0174160015722,18578.67017864501,927.9523220209516,834.2879564549205,144.46546589447632,908.4868563129414,10210.086471429207,602.267558356351,737.3203274563305,0.30077170507148704,9.59377563716327,4.90970667374063,0,yes
279.10254336326943,283.70994869287443,365.68956512980105,282.0584199922191,0,20.164710811269,902.6295032380647,18278.58607526496,993.5357262678237,140.2711444688395,798.1772052686431,924.7600215812428,11707.010041966594,796.3731322015457,625.7930528523715,0.2807308034183642,9.462645343793504,5.57239465599937,0,yes
221.3110636616569,159.8565103972436,231.92036881560432,213.52750984358485,4,71.02811413561383,822.5480291242333,18869.66827051154,932.3353262032794,822.2607835323655,121.37300592026065,833.6389515953117,12007.586162703874,700.2024037808782,681.367561483087,0.2058149853123688,9.731678356558474,5.625707265999392,0,yes
220.85248115910497,273.8213392890174,138.49086615565756,273.18601771708137,4,55.66495502998119,769.9327700435434,18784.47961173156,945.228880823526,835.142288974107,119.32112332084353,995.6276962471197,12209.979627740417,565.987469316852,698.3580667273094,0.24265745177628295,9.679114418312077,5.721502200939496,0,yes
287.0073292444344,311.4939879171956,372.5243393627785,286.41986152424926,1,91.92916723130566,879.4935889327078,18194.735648705195,994.6907095710292,58.080974135399536,923.0017124121854,954.0822570238505,12724.79037575415,525.5764786372436,729.647411783304,0.3081062705185715,9.415634324238045,5.902454985797395,0,yes
277.31736793270204,289.47548309704916,318.803087023636,248.75417089504373,0,94.8468554940046,811.5420408328279,19130.93350069682,968.6102818248946,182.06343560732228,754.1146289090068,756.2471428525797,11646.959714369685,469.1366003391004,740.7971038025569,0.2761611473619595,9.864837472019738,5.364903896006563,0,yes
243.36959935006388,131.84853254850128,383.80833175843674,217.306742612117,0,29.28984642266353,647.5161937730685,19174.026501194912,936.6689470936764,294.5767560180958,646.8813130299399,918.9630849154995,11941.520439251308,862.8910956477638,648.1963938142184,0.2072856598356852,9.845755490270601,5.69383155881938,0,yes
244.76798220459568,207.33540372339178,327.9061574446473,214.43964715796704,1,25.576497140698482,893.3228248530552,18513.57728585962,922.7554528055774,780.06390282181,135.03628012238858,807.1731483781176,13053.990718790974,724.3330877843716,658.2058527438467,0.2294366495849007,9.568275778120475,6.036382084737202,0,yes
234.93327205328393,374.229966912908,354.3807602414868,296.6138820931707,0,73.95134800583912,967.3792997544892,15294.687997026207,983.0399921134899,632.5402545244827,361.01312179593765,812.546367666004,14639.816567601923,768.3480033545083,646.3419680474851,0.31876189780255343,7.984044258889354,6.6997139455697265,0,yes
202.4593023799074,317.7039378981988,317.80143790120724,293.3260545980421,1,60.494776291470615,721.6049718306264,17690.591150939443,985.7078284245307,478.90139014347653,517.2649607975306,976.0064530160471,10717.535328866741,297.2779563210527,619.4930031998967,0.28638613721370276,9.127056682897711,5.0046091547130835,0,yes
277.5855914245954,366.2387606924108,187.06019460152373,227.21350064990045,0,53.959583068881145,738.5308388551391,18783.711426466496,952.5349199587407,180.9890688584112,721.9489574219841,872.2979154540735,14172.224219061463,770.2667117161882,726.3022793134063,0.27110278394712906,9.67277470600553,6.535414234355839,0,yes
228.7503723446816,103.3921888898015,213.76901923401675,236.0257568887556,0,47.93786873368293,600.0018292963172,19722.03238817704,908.3868021658207,495.83439742272367,496.9318894624457,872.3311342362939,12838.382748573287,753.5069881880146,659.3670220255407,0.166135543538043,10.105544553536404,5.998716329999334,0,yes
232.83283820199628,206.85222263565188,203.6193479171971,284.4295435330929,0,92.89519170407435,936.824453767263,16405.289846061758,946.0619626212886,367.9478771293056,575.0407165261038,902.7784521443668,13310.828790745447,571.2579170445158,761.5474009820808,0.22133846798586213,8.527236119615742,6.133605891569008,0,yes
270.9971535871255,231.51235563737347,224.32895783464033,204.275963473783,1,39.44247372070475,691.9427383455233,19333.519242390827,949.3853254736123,167.2119492492601,748.2426332365449,749.925639902191,10368.475154048443,452.74438272853416,689.2247252245875,0.2214196913337833,9.936977971044602,4.834767755164997,0,yes
250.58826039384007,123.02738751493125,295.8614169251941,272.8828764378433,1,21.426746940279948,867.6857388598696,15835.295802070023,991.1974508852147,649.7532242712659,272.2510749406878,884.234355653087,10309.887159718617,132.40319323059362,617.6327404924893,0.20120748344854414,8.232760703563924,4.728428205096288,0,yes
265.57263495313225,194.33308652506864,116.47619490280408,238.08446938442074,4,70.27824570890624,918.9122640259222,19741.934437501695,901.3480119192639,758.3170141625598,225.91351797836626,905.1748497956206,11226.543585038105,638.2762403078692,737.9532365571855,0.20692872051916666,10.185349032135477,5.330210247537567,0,yes
289.4367982249263,370.0162793404398,215.90693257908214,223.48775394058032,4,63.390255885948754,997.9878925277969,17857.475707548634,927.3039083419336,651.8829938422622,282.4392052637287,850.8582921583995,11568.898909133244,611.6316728241108,608.5303505816798,0.29632463212925847,9.26482602144288,5.410873889435321,0,yes
271.36689506365724,253.38161089488602,146.19879697549652,294.62510611336086,1,35.30334869360229,777.8280569458777,19939.204038494758,914.7890070254347,924.552046657186,31.27421963312088,744.9451077694712,11777.959144280205,215.79929488269656,701.1290336118849,0.2321377821751736,10.254060658891715,5.308898954157073,0,yes
211.33670524496705,192.74762674422328,109.99601633538228,266.80277532334736,4,40.58074232366654,687.099422827338,19876.959033418356,941.7232101610547,802.487728892226,152.96384551186748,734.0262419554256,10660.41458387236,704.2928917901514,768.5522325039137,0.20015505668474273,10.206581282411134,5.06180055467138,0,yes
269.83197330516435,140.4057599308834,202.5875625766874,243.77688046908162,0,94.82261095433574,625.5885998241981,19707.696096026906,970.757152476313,282.45456784624747,661.346327492123,952.3833478266089,10559.868110306852,561.2456921406672,700.8402910749434,0.19134402025836142,10.11250158747762,5.041124178007507,0,yes
239.93289275970932,271.0282890038118,307.5590766438269,286.0198006138797,0,27.593111023694192,996.3011854764072,19992.133502175915,998.4649859212979,270.43472466540965,680.6675242516478,898.4075869011381,13435.904025488157,544.462213586695,741.512409089955,0.26080271995312765,10.341578393748971,6.169621401329322,0,yes
242.37676052972182,385.9926748094688,168.3837047565595,291.2087336449579,4,47.34160852252317,958.5528853535511,17289.18800215733,980.7799265023575,583.1422249062533,321.9003649826342,960.2341731455635,13265.38531665186,715.972812031694,746.3221647635849,0.29878208268902323,8.978952743467502,6.189077966515548,0,yes
234.2378270122289,278.6017383683211,110.93592784568192,217.34931547322057,1,87.40860544591104,626.4146829756257,15406.15625204765,961.5198768060577,513.526542912543,418.2061322347088,747.5300369655571,11463.037203445112,250.61416649897401,706.9033771905287,0.22157303625949698,7.9606368905691856,5.195342120725706,0,yes
200.40796571706804,213.40849234442584,316.41936017192074,210.14484737564104,4,57.975895992163316,664.2803995451858,18046.36722575998,979.9138555294584,564.1354817632598,434.25241830732557,935.7436237673785,13460.93773567282,297.3629806829523,697.7283490573005,0.2391798468591313,9.29154868755672,6.096472595607305,0,yes
282.4901355810989,381.76505831255633,119.27463096282995,228.74040948688355,1,72.00540784998998,797.6262523488473,17940.193577399576,961.3525576541197,881.834347562165,18.974135742442627,812.4745112861265,12117.147676067923,556.5412489132223,636.1868117249667,0.2709512896954901,9.26535727759464,5.591813670373482,0,yes
289.1516402562079,399.36817124780646,294.7348377211895,261.43204919505433,1,71.6508636063839,801.8534628263112,15642.095047027613,906.3749495831408,870.4799898754499,101.1081526116077,960.604263016257,12496.819328041614,353.2055221256919,790.7789501850843,0.32042222372590573,8.109712238470925,5.751751882267791,0,yes
265.20720532075904,129.9975546068736,358.64153894978256,233.56190999948905,0,51.705512701965546,662.4052901613027,15417.117064847587,980.0273965796518,275.6653924391326,712.6362117022218,870.92600921184,13982.244018332833,502.51780606916265,619.3398492264982,0.21034204054040082,7.976529034119701,6.349445470231536,0,yes
240.6135681986626,363.4850937606897,371.1301815690884,227.62610972173636,4,82.1102905576095,993.6563715812946,18844.387869665734,969.4302423007383,872.2080681854418,101.81940367794266,826.336485772918,11322.119840811023,834.7391234102331,615.2487577668138,0.32175998333086814,9.763073035436996,5.397939004950284,0,yes
210.16630478938535,256.52259823399686,321.6943800144086,275.6721444765626,4,65.84165098741659,860.2150279080379,18606.347770128967,939.0774120202024,906.9996082622803,35.12859590260791,951.6041274297044,14481.758849904109,731.1216166956973,703.3353569394934,0.2728061516873499,9.609409990897678,6.677618678510466,0,yes
209.27391039606047,140.79723912387854,293.35404672951773,238.15590371065176,4,69.6941494078381,857.3970002846881,16415.65117054902,963.0417106364878,339.3497054808714,640.7931960535516,772.4284935696645,11139.287632178914,283.37392431944875,755.7408346615463,0.21371640222486324,8.516723496067554,5.102045519526728,0,yes
251.20998306824208,222.85823910803003,203.45471745623098,290.28012342629864,0,40.535973949200645,658.8330600565012,17267.18456358088,914.7374503711138,116.63865522111165,803.9939094550786,857.989898756394,13820.909241425326,181.8648421517855,611.1350903369644,0.22461811999055373,8.891804497989002,6.141088539761642,0,yes
279.8869768460014,152.41340910069087,197.18273734760385,229.8248345261569,1,89.72486309548812,834.7037677288877,18537.038186503127,976.9505095813413,105.03508831837075,814.036252950468,735.0141962894724,14143.569347023802,104.55982460827889,682.3335950295037,0.1969075835153005,9.574232619222414,6.199154023094281,0,yes
238.7160288015489,272.50684363519946,274.13938327413337,277.8325190537584,1,88.39430913042611,887.4796120425808,16935.39453276479,917.4800942776703,879.0181146508816,41.42581882396746,972.1759950002504,11278.196259279786,758.7779402542565,699.526135575186,0.2645622367718444,8.777138064007275,5.412010043670844,0,yes
271.9839348534888,329.5951804249448,202.65083467812065,280.99332031901264,0,35.8590168905272,903.7761204081553,17635.726314634932,927.2278178676156,770.4310789639928,184.09056603532213,701.8904979362054,10002.003464850624,304.6980939850523,796.5706253773351,0.26733520351868184,9.132336071858905,4.629358459415784,0,yes
268.08747466080115,360.8437185567635,273.9555121074891,253.0646248776464,0,33.82398884804053,703.9792812785755,18348.06154270599,938.8362056564808,2.879378544758896,941.8420089861766,889.131455712814,13915.93503415963,157.43903936599537,751.0849202874192,0.2877608707958111,9.445445791936763,6.203508248542453,0,yes
234.11022295169812,298.01381262973234,205.7783658194108,203.6507438521679,4,52.32522462099504,674.2458347409472,18315.469057890936,904.9815228117819,827.3352725075313,166.20716062877216,799.2354316447662,12377.17371892837,250.9056843493701,765.3762548390264,0.25313963987848026,9.417988728492846,5.598074749443225,0,yes
210.04669896309872,119.95088987088624,285.94642321515363,255.2231806648643,0,66.68329161499365,886.3976032859338,17153.52459632114,908.8027702940971,211.3844504396707,737.1333645213824,820.8773103485391,11225.501087038376,328.99020954709147,619.8675015113074,0.19102879795961714,8.884772607716105,5.151894328797189,0,yes
240.56502074984923,386.0635394143291,220.535832950641,207.87857541985667,1,29.490776182935754,997.1420812610793,19617.231773286287,914.0019181325057,947.8107921866698,40.03388979523811,748.3400291725926,10098.57339960807,662.3316347484082,691.3824933338177,0.2781023029484644,10.142688701806097,4.820253509256593,0,yes
253.41006399397023,140.4663921535726,289.21176134759446,237.34119237326092,0,51.61583835685776,942.2238236378876,19440.00918468582,983.101894093601,435.5415273086721,502.11233806201636,917.1633371860512,11755.29138563757,146.29276224408514,689.1909844083045,0.19989584849251163,10.050940835936492,5.336844284445462,0,yes
287.92577469522394,322.4502675307012,164.3698275040067,247.76069395535296,0,27.91257190014651,933.016583161635,18276.94718804415,940.7173649296263,863.3446027509738,100.23238075199617,814.5933941808469,14892.101160337952,743.5782384855361,781.5900148131934,0.2511947226150928,9.461460061521645,6.805275450804333,0,yes
223.19282513591605,368.97477544108057,243.4913584974982,284.9993939428865,1,92.47524892726614,610.3351352171381,15143.936838407762,989.9205203489918,203.09918695541592,720.5138719788173,946.9706045620547,10261.120443776046,874.4008704752963,644.0667245421671,0.29700540700722383,7.829955606554746,5.034491025407279,0,yes
208.15018189658997,357.30544657814,141.7570441282628,282.0154759411354,0,56.82443094857205,742.9079582547138,18524.078864615054,992.1652155732686,34.0521239238742,950.3043096580762,711.6910340722543,12308.952228393726,723.8241810392715,673.3131092213964,0.2610124807524426,9.549402065910424,5.7114809023507425,0,yes
286.83242138755446,117.29565086821869,275.961138812695,204.2975386631617,1,38.05564880386005,774.879108712989,19761.019742922203,962.8775882637509,617.8756886498886,368.1155650432961,923.5556703709077,12316.53351637808,385.19781808056274,674.9191148342159,0.1878947408943769,10.170913535806072,5.66424631798733,0,yes
227.956413684651,311.99169632115184,396.3507489252161,243.2698842048879,0,81.16047306649558,626.7628906719166,18919.896639635776,963.0632830508522,860.2235494946066,94.57006184241868,836.7922825305533,13762.045802398712,664.1832674898785,701.3472644137797,0.29161686171850965,9.717795727957567,6.318512680205753,0,yes
273.0283590117812,269.0314458358906,338.93051245363733,201.02298485203787,1,88.87082433441066,989.0542854323287,19525.387011178365,962.0300583732815,840.8623916288141,73.41785334684721,787.0760097562518,14601.426225378676,586.6929551677897,797.8175965932221,0.2651681632480627,10.101487786710695,6.610647614211085,0,yes
271.7709005713245,240.02600203532282,389.476698958447,279.2383712664528,4,42.8555600409139,719.3780080089265,19232.860187870712,943.2704089321401,19.254505685537655,907.8684595394948,809.2447178170834,11068.002131398878,587.2247906126034,681.8574994665042,0.28537409459977753,9.89184587632443,5.192724568403999,0,yes
235.5276484287129,261.88399660571673,315.6956013997985,204.2509885606391,0,45.471483820243286,870.7614239453233,18827.874124453778,924.8625903852266,69.87780500121312,904.7361834771109,727.074744014933,12058.609922961838,826.3136778330689,717.2230995630747,0.2441088312530753,9.720605085891059,5.662935193424623,0,yes
286.4302682529702,232.8160467144048,219.37497292962797,269.60997753301785,0,83.6753202784696,614.2107670544746,17547.847924010282,950.9543075819678,610.4021736892815,302.163164062653,830.8595970514416,14825.007516756637,635.0061169750921,646.7424106895179,0.23753213760804437,9.027372033269847,6.716683485637931,0,yes
276.208152193564,192.0144898118929,177.64206960726227,213.5675252233373,4,46.71171251984657,751.4463076477466,15445.082858062338,937.0705151225579,609.0639272247688,372.9906663079628,916.870271756533,14125.005377958707,591.1923259892965,600.1350422767305,0.2117148224496294,8.004194082177117,6.45702810748305,0,yes
215.49525914195726,335.15549697389554,241.393540933043,227.17254394593817,4,81.13440434329141,692.830372448422,16157.387912410879,988.7909708931338,163.38470314170976,835.7179960995625,788.7871501721561,11192.39727110411,700.270459741735,627.1335717947943,0.2810946547388773,8.35454814987399,5.2822688848561725,0,yes
216.7351617283261,114.7766053530651,270.73279187528755,238.92967247315198,1,91.48477277896643,767.3575848522265,18281.14141663184,934.2063449889079,581.7314444013175,386.536597928883,799.4111149655884,13098.513897973009,862.0372983366244,621.0214534430203,0.19062052874328164,9.425360027376493,6.1086036941176385,0,yes
297.18383592569177,259.86115734927034,178.73343934083462,210.68529955115363,1,34.90001897740978,768.7485724840203,16418.495976621933,952.5154728785867,716.2458415164631,278.8708305453109,860.0901799587434,12996.719844680572,552.1565659220144,602.5527431004193,0.22766816263110692,8.496861613827726,5.969513001869555,0,yes
236.63247753583204,357.8918692370715,272.15350263421715,216.0233847886741,1,81.50248480277321,918.9796188734705,17947.89753182275,953.8176209869854,516.3840995163899,428.9197254942005,914.8688253949447,11262.961841766122,343.62914628765407,793.886723273996,0.28482728242326283,9.295532872621395,5.232878380811804,0,yes
238.24179472711708,283.4998423548618,322.6267456482599,246.45370789057367,1,55.111735693925084,966.6881912801078,15389.31020662452,915.4440251895235,491.43688255291397,447.24873214200875,873.2203323180001,12374.735918275095,742.0851615855744,641.974539294954,0.26813664106432444,8.021899017961319,5.799302759336563,0,yes
226.06032127325506,377.5994502490829,231.58404921664166,284.397983684823,4,22.788646903972865,979.1729117682106,19256.176124582278,921.241880583053,521.801719585519,384.2262325786595,871.7014305086099,11776.669808116945,575.6766714619898,798.7609941640762,0.30155537544615285,9.958999879583823,5.5091883901478935,0,yes
213.0642903869108,294.17954298676636,129.4391643125977,246.61820303502418,4,22.93029541924497,905.3201165138285,15466.968853878212,973.869274383722,93.36383659246827,807.1338973688812,807.901161393971,12166.310287535804,315.082094190271,659.878780057277,0.23857935372768052,8.054724980840176,5.516127487328014,0,yes
203.07657460490586,388.45735930548796,123.61210619973252,243.4247042900187,0,81.24134866210785,762.5511697805232,19756.57651436732,910.517744550323,191.75117266078425,712.9377138664776,764.6573246580027,14023.489064981959,629.3786926105215,601.3198942941423,0.2645556468378563,10.15876901904896,6.360335999301206,0,yes
226.45184937010052,381.67439545502896,354.92972319072805,231.86609622124124,0,22.6910736348433,718.5510127016461,18293.675217656782,918.2481472778388,701.095332737975,223.46953127534232,938.4963741862096,12928.3514649056,878.4663742398373,797.703395237123,0.3013852990816438,9.418641674888168,6.1200864578024765,0,yes
261.58864794024726,112.76068153928597,250.9668590438466,278.7368548326243,0,68.34716582536387,735.5619769425206,16945.25779519741,963.5345288456026,418.2528918323519,508.83462442447194,898.8808678074229,12322.040307776186,770.9314857388954,675.2778293496134,0.19258149543905942,8.754406962186257,5.802806552409624,0,yes
229.83254843751297,376.1773776131488,381.1233927201688,260.26865703050316,0,89.75864723277866,954.965586393241,19763.707795486647,959.3593232430569,52.25093337090388,935.7607804334168,799.3255140668265,14755.851990948799,174.6178401592947,789.3329850139132,0.31896366122673553,10.212430984958278,6.521497449735766,0,yes
288.33874300365846,211.7229048523708,224.20355181613175,285.45434010407354,0,37.80883682476493,869.8236753586975,15054.004181820403,930.0320036732726,688.52500064946,279.21151047659873,810.9183715325532,14922.213533809398,125.98607757524593,693.4090577407001,0.22770530918944332,7.8341663014067375,6.557688623687322,0,yes
218.3724943706566,211.17614271352306,344.88562142794797,242.72341587959576,0,22.07721021371018,742.8748300037648,18442.581554535624,955.9912957628492,496.07027407203657,464.915956233481,931.1310785798063,10420.558565184569,309.3016049336471,650.2713996468964,0.2322512421470687,9.503646513837403,4.871836996825053,0,yes
214.20489608739305,100.26629483078227,148.41604455729004,274.25690347320096,1,37.75701231447415,703.2582592397697,19798.489265498272,975.8873006185454,55.650236248041956,921.2180866245178,867.4932953241627,11269.356920174598,646.947479794029,650.6991942240697,0.1603445038118389,10.175605009899934,5.323208431400754,0,yes
281.4426167169174,298.38043924803617,354.2913885678023,290.64258951606297,4,47.235187479115204,704.6425279479838,15244.763168546482,910.7287455698272,863.4082603060843,56.70420766108191,819.8250392577204,14856.856385904097,425.52763776825265,769.7929104895368,0.30573473045421223,7.890094675869875,6.658506260875116,0,yes
271.67185421327383,182.80989538412678,189.37173237746117,283.0400202803507,1,88.34590746422941,709.8709229951346,18155.361357737238,936.1361781433848,431.1593621138469,527.5016762877675,741.9141150443082,11987.396746978655,317.4125123252409,665.4735810422239,0.2169334625399108,9.350022046190412,5.427803739459419,0,yes
257.7618470116963,310.77349977187004,291.458787190471,242.20383158534895,1,82.75429135005999,909.5553115794868,18247.697825589486,984.6104511110062,795.9173670076044,135.94313410369477,990.8281476260245,14834.43273082489,353.46665718986907,666.3244924935386,0.2779057751794905,9.447538702150679,6.677033894170004,0,yes
258.5442270070178,181.04501745229874,381.9124748084016,232.71291947365938,1,76.32874573746732,732.0498657591,15549.629508813588,915.2089729060104,31.824329634904366,882.5382534820716,735.7366005897052,12637.847416845354,465.5418489479642,723.3221589915206,0.24149794107233438,8.049182612690885,5.746313744861784,0,yes
203.23960099849927,303.5326072988197,232.54187395080567,250.24115985151016,1,94.98049769854192,837.4498929316428,18435.656449682647,990.7374544902814,868.3866780390558,61.31657140605262,961.9485457878409,13573.526103893368,203.53297574800155,734.3947897713917,0.25948339953528626,9.526067653384258,6.109832478283593,0,yes
224.7263942473586,109.50329420845587,180.18442361821903,273.4197393083433,0,32.6171457290388,866.3697016161834,18305.16475606418,934.209239981563,190.68178047418158,800.1042434969804,750.6244665834424,11715.126109071442,421.6802519862636,717.633659765504,0.16690804965314113,9.4595392460126,5.375401436301856,0,yes
247.96534008748057,397.56357571019896,202.04785350535113,265.7910906884539,1,80.88538381406377,620.9272482707771,19411.91327434693,973.0307708620027,442.0734436237444,555.826355829853,829.5225418628266,12766.44677429445,839.5610709409862,791.4990953196543,0.29798319358677766,9.963909593024036,6.005452957221147,0,yes
227.50087291784254,122.37361793534632,305.5127409629535,238.14028582794242,1,81.19971161976048,667.9811326401979,16934.754662020176,936.019283911676,6.9614821106628115,905.0927052643623,927.5528464476145,11162.90835105197,183.65764545264386,770.0808982293327,0.20052350421998805,8.730504977628366,5.126207199730796,0,yes
276.26650655102935,304.0782775175844,212.97015224825645,283.86558866350384,0,59.05528255352443,613.541538618372,17732.989679722145,996.2901880822084,164.7622373529493,753.7442357357642,815.843104906049,11577.60879278723,192.61366295386563,639.6967652133526,0.2632245242050293,9.126062719425668,5.234649796202606,0,yes
257.14595678013717,245.0317064403428,163.2652716230557,233.85585908101297,1,76.2990415899778,992.9215060595799,15865.08590149164,999.8324361344963,401.8149808562288,550.8206212733976,741.6848541448875,11008.979379529745,451.8510258436617,764.1418925357241,0.2234111592168813,8.277462831758305,5.102337884227245,0,yes
232.1270472631785,394.5134629507679,379.6013431904814,289.06885409115836,0,25.4313812470009,941.9110781468637,15984.2563356858,936.0231401199655,211.88577010710836,713.5651878795271,822.4254526950231,10217.767343359075,672.7971732084274,744.6500785523472,0.32395705848039624,8.316504618168326,4.9002038430450865,0,yes
279.2829014101762,359.3876964579665,242.00126662032895,266.7614845735467,1,66.28583230244811,662.5301958531585,17037.918879024597,992.1757816289755,594.5480964604034,397.5335919661894,723.8229455694143,13699.34886714981,402.0677217962299,760.7279155673876,0.29302461689591885,8.788640303738136,6.156422959843104,0,yes
233.36022506516173,175.4881391728424,396.2556293603661,215.54080227354842,0,84.95663170756163,681.8210193214238,17647.62684023748,987.6844640228501,318.6896755113094,606.3255501352799,789.0741147238107,13166.356869129482,715.7692415740637,613.601998422441,0.23261060431109862,9.097097515073688,6.066184554545684,0,yes
204.42327470061167,389.6561831395529,100.46450467818366,298.4668871191938,0,23.056505862846954,958.9314197457462,17542.304269336444,989.6799374400441,426.92350275408415,527.7866747206274,764.8328641349771,12001.326137609782,699.6411568218653,680.1104925653124,0.26427012958810614,9.106830597287063,5.596814294312475,0,yes
206.76715954981015,119.8516054523985,163.66926381784623,289.774547030425,4,86.90051088497601,794.841825560801,16648.010082397108,973.1122262621005,723.3544940533815,246.95558690936593,732.1714750008105,11603.249041086585,345.6410946980016,692.6365467784728,0.19157209324985044,8.62026736741288,5.286719577404937,0,yes
287.88320058939166,309.8290772890051,115.5585317632143,242.78106531626048,4,65.6837508632829,640.4966764991166,17368.260971470518,905.5608379476489,788.6680194947231,161.46848581905272,930.8876019277328,11192.325503916172,504.95179635020435,600.6356996332519,0.2561302157937346,8.937084966929078,5.250727681590997,0,yes
234.36613519166556,379.31542410623916,295.0910678021033,251.66688859506846,4,92.23934762603007,982.3523136484695,16720.843975790933,969.3355395063957,386.283729588489,588.0926038115963,766.5408081833974,11952.94020653388,613.3885204720935,738.498725041517,0.31817679726979486,8.69867690797939,5.554069222819141,0,yes
202.32961739478154,371.58806647675334,328.6581139039786,257.95300386196755,1,46.788952636581136,611.4254680793238,17494.099962785425,942.0425704227617,406.5101124143881,537.0784540423193,951.0674552322399,13938.53421686194,260.0655237460186,783.1161022673765,0.3012973344572773,8.9986674898392,6.282485590208476,0,yes
283.423500588009,329.8979483678363,270.987378151368,265.71149529561694,4,40.089631670519694,719.3063342625044,17978.09317173437,986.4719581013286,26.2024468332985,954.0435009673514,829.8715088953983,11020.82747417225,814.9224180494008,692.7124579583467,0.29604750209414193,9.270406599477267,5.281927036419971,0,yes
214.46948782599415,343.3324145812571,194.44161060575084,232.0386269076815,4,70.03483967084355,837.940406126334,15170.075913656989,998.8040202057795,749.0528644117104,178.8474291908028,845.2420876782005,10458.896791336221,244.71604945592497,741.0787410351384,0.27442315968908837,7.894507074571334,4.834411107093269,0,yes
215.99893878749054,320.14490785325677,284.3328767728854,216.6200028015896,0,27.38727874418438,928.251743162878,15854.175176538653,945.6637662007684,135.18370498184058,864.639458248503,989.068577408529,14534.42643010429,395.0690546788563,673.9127502525225,0.2588751772800976,8.249665219077981,6.583343732377527,0,yes
289.3696346995978,183.23722054652342,294.23814948244393,223.96699814759685,1,29.199572840524112,686.2948629275201,15171.34622374775,911.2703955713544,714.8190310509148,247.7504972046156,909.8508778869779,13055.125116365225,603.732936125004,625.9588137698545,0.22106911240993712,7.849427984900432,6.031960986295917,0,yes
225.4041595318938,394.2305746858974,148.53301998976409,242.2953340741732,1,81.91085351335089,862.0694501106562,17173.0293691245,953.0377984463405,430.9917323768132,537.1509893906132,945.4514379204095,11926.936500058306,215.2839663224632,735.2001031492334,0.27852595696304505,8.895087943376376,5.454691573171427,0,yes
284.6757935043746,338.3478196736247,259.770833598713,263.21730965003616,4,60.07986573267897,772.4973245600436,17828.682498093236,999.6398775433195,961.5755170443039,17.476151875275605,722.8655170320292,14381.220627980118,595.0171551329647,720.0124039617081,0.2993566093753968,9.209303565164188,6.498759835427393,0,yes
206.95611673006945,105.6489082895164,112.92933848886663,261.75852401863494,0,51.68757374682515,808.915963634217,16936.062230933134,917.2072710090494,630.6343999707819,342.2372144275869,996.040002370569,11310.707477629421,201.9846746527273,777.7042423102587,0.14973653925752814,8.75975321515015,5.22942348684912,0,yes
208.67198231142999,104.78599408086333,378.77726302488855,266.69997877516874,4,25.10517003583484,936.2312920885533,18078.39150439767,903.3452387203025,384.91910610556266,602.9408227410545,908.2496911572707,10957.186642312734,544.4420594975287,648.868250255997,0.21642484424684713,9.35780348028625,5.174922399907098,0,yes
233.17536152993281,303.6549127419421,265.38547944127436,249.15446879000092,0,79.22971346261632,794.2975758761813,17667.759321245285,930.2052844917845,484.59181477898346,440.77460195514846,774.619049900779,14420.395952125318,802.5706296950852,601.2267181181097,0.26368251635686585,9.124116438735234,6.595173639937009,0,yes
255.89976282695852,183.15609547005909,258.87290121977276,292.46684062368695,4,33.43468654140991,675.2888283914014,19394.69149179559,971.1568436015692,735.0821912815139,184.00197768751775,771.5385171901582,13308.024729087865,715.6545233524763,768.1679080739407,0.23595883829995928,9.966910963400087,6.135352507691933,0,yes
254.83325635683704,242.55200847947134,397.0155247859097,293.10919242758024,4,83.64844466891924,607.4867589998413,17991.81272580375,968.8915729949334,377.22905731852205,544.2447152015388,825.7102571106265,14886.284252399404,612.4207985342811,707.9979457930524,0.29365162391445826,9.250365162945792,6.739375354237537,0,yes
298.6490656803754,119.35467072318463,355.13062500915464,253.0999227541476,0,77.66239724166297,911.2132736805258,15979.50711489261,994.7446279406281,212.4361806929076,687.9953890579457,859.2391508477737,11509.846957868951,864.0582633039976,619.2025404370368,0.21678911847940027,8.315225616682172,5.488335169041877,0,yes
231.44667470736874,264.0290811234686,373.92954840490273,230.89044458941243,1,53.28055229623001,872.0343214244197,15538.257151305816,953.231730665144,765.6045951242812,224.56142898304893,818.4311346310312,13987.667990322052,167.47522685690876,624.0075552512819,0.2664074992227809,8.079978415426629,6.197468053225005,0,yes
225.9070745506033,143.49774285736595,272.55562901119606,267.4231590328879,1,35.32279829263121,845.9034948627584,19566.78179347996,919.2672095284821,207.98909190144863,755.7646127944007,971.1844207332022,14614.295068585996,705.9384336099544,784.4266641277011,0.20226990977705814,10.083689353970845,6.742136811507599,0,yes
244.29413024291472,261.75834824517403,223.3025386257142,288.44933290341044,1,56.127340176397325,698.1844962124809,16151.408188331798,922.5590069678555,821.1178202443101,166.85797984992735,779.4080458226947,12133.331683757195,302.0320438535246,767.4603961189987,0.24886693605517798,8.343613827082235,5.5125632916288625,0,yes
278.47790076480794,200.7261737303095,214.24817441617898,231.81118937532648,0,28.438570182950784,984.0416682220698,15933.754427323169,914.9087887134806,49.72347601589046,898.0181483193821,891.090054121006,10408.675321294932,412.18410025893036,603.5525835723256,0.2081602540548228,8.298046314778528,4.884292126673015,0,yes
228.13958252062136,140.503749536715,174.444610324383,279.30488861240826,0,59.668928390660845,978.1886863362258,17607.802162908018,922.2223626349218,632.7897527979559,318.7409802751182,819.9879700561526,10059.807956850595,899.746986380973,635.4321531985765,0.1831685529132826,9.13472012785774,4.916012479960551,0,yes
201.56272357387317,281.5539819362593,312.9973981622917,243.52480340921838,0,28.55323219639729,994.0440664177372,15626.82096720856,960.0767708912012,644.5053630422055,274.0448198561611,738.953487210631,11109.807917995975,802.9615753915934,605.3766849882702,0.2528772622676937,8.15308890302152,5.256436640849996,0,yes
264.45272410979044,171.3848820956975,337.09808486215996,289.9920305942628,0,53.5555861194654,996.7580038511203,15941.022209431274,928.9410787125619,609.6117085349755,383.3326707355251,909.0144267553447,12059.438096222446,257.37247444169765,627.3399596088395,0.23401138526556484,8.306538908576883,5.499189015336291,0,yes
267.581097894912,149.34167822390967,179.77961707808498,231.26318946520396,4,81.26995661184301,699.0238555846735,19853.433198706498,927.553924403507,283.46231326464203,708.9134334166274,923.9955497936114,11994.120832479384,772.5693397708728,788.9154927104383,0.2018647985877023,10.195494700861913,5.706402866207033,0,yes
227.7710850561217,153.79457205334194,341.24798579148415,241.12286427467313,0,26.799937226436885,720.736923216128,19144.326414520525,989.0559321829503,721.3469076049754,252.9396259161399,985.9028233282946,12898.812982140016,767.5491751843837,686.0697348536313,0.2100313690143569,9.854196814749697,6.0748851492417035,0,yes
229.80041566521558,233.04024027003103,392.3404538794344,290.67987253001985,4,37.7380569742726,703.6509163688307,19313.984469779192,920.1390970147693,48.65054353620325,942.5379965625286,782.5021046326242,12320.597586182415,790.3475400383898,679.9370633120442,0.2794905340323911,9.92577314459623,5.772890819239814,0,yes
254.42526015413597,326.94338716604534,240.80015245707628,267.07470488030447,0,81.08468253095914,711.5817240197897,16872.63379719146,953.247160678379,57.47094579362248,916.6416182694466,855.2148855707401,12938.679946938752,196.7691874834611,763.6103906021818,0.27458421592707927,8.711386382576451,5.820488620649605,0,yes
224.69052239937858,121.77889715520402,360.36821504636424,202.6922253283419,4,47.64146897284921,644.3791414485837,18701.663920083254,908.1837721868926,948.0043500922762,50.676607190691016,925.927051134668,10617.099660053154,109.07169658485518,780.4919269698264,0.21159333174647665,9.604991505469597,4.890717561899543,0,yes
288.7832092213331,324.77644943438384,384.84013024335206,269.400737911654,4,89.98493609731855,925.7680767639557,18649.32300681857,989.2369816907085,481.4704093192763,464.91041342296967,836.4026557421732,11130.917053586189,276.8891402608961,732.135113748221,0.3244590688901171,9.652686582690743,5.11390224989953,0,yes
256.70734854524125,301.2077096183556,128.97291992953868,263.9552956741386,4,94.54273518082783,886.4002027080589,18931.613866846772,992.4484824667625,939.6419702110755,50.911395818400024,742.2317225108545,10449.692708062463,551.8226749291705,781.6821116862855,0.25928172792542253,9.785326113485693,4.9264080505849295,0,yes
261.2194083036939,160.39579775498737,135.1129217231009,261.6035299023432,4,36.73989100606272,603.5088059963631,17339.96259422821,943.0932193581775,543.6068429438205,360.9748770422739,851.1359942840899,12785.188058358752,231.43479918811778,728.9419315525713,0.19701837268331843,8.92002317564327,5.757176041072802,0,yes
265.1102492129524,388.1435158675005,317.6430723262451,282.7367769445551,4,26.395705737638792,813.8279431679855,19883.56476170959,979.9909059190387,808.4430552723768,170.4025933118071,974.4334498807301,11084.517683453423,298.58714015284477,600.590571750645,0.3280424166559734,10.243237432402324,5.146431493081951,0,yes
274.49162464604274,137.5542921417643,144.256508470255,213.6667289134892,0,57.305224310355875,850.243210165052,17703.14487748481,941.1327215870748,420.59450476657565,511.6567661439246,966.1501294172887,14756.119392925186,382.93842295274726,778.7209446411257,0.16838772111783756,9.155843906390844,6.662559042840102,0,yes
238.08735078532544,194.35286133176896,203.3248435724301,252.38454658993885,4,33.43403110854169,871.7485100614194,16147.49007726356,954.8244856428735,133.33176930610594,777.5740978168423,835.0742721494296,14776.941591365692,256.2906414365781,662.1927163891363,0.21905948063468833,8.384749557800982,6.549456164449178,0,yes
257.68063981298724,361.5042551153509,361.57136349334377,236.9628733075865,1,54.396708718318926,977.3185084592061,17704.606565405986,914.4556657742695,973.577670168452,1.109450026773061,720.586114123922,14028.266471858376,328.7692938859211,638.9345784105845,0.3075969319501669,9.18185978179551,6.238895791007231,0,yes
246.37516248782345,309.1456129574779,371.86966088849846,253.94930435639316,4,37.69080532319131,770.5475197774675,15782.092060801468,926.7732161319342,900.9781355510268,34.28541654035291,819.3015630548337,10738.85731207416,523.9692469756271,659.9174837078639,0.30058101756272004,8.175525333966307,5.038019662874437,0,yes
245.37451299450927,334.09036827478815,398.1836416384669,225.83619671182203,4,38.46358156759089,948.6461731687286,18788.718076995956,994.3054609120846,512.3344731992702,449.0898401585207,785.9281808557928,10164.861843716497,213.4836648273292,681.8738088511977,0.3101697195423014,9.728319338111415,4.6773607747278705,0,yes
206.45939925541938,169.1372164261779,332.0229021691888,216.01221580282618,4,84.32913433433221,656.4612975160619,16791.886365624323,926.9019580230993,894.6954097575419,60.556671805207316,903.2669226489945,13932.1081329158,540.1078712300384,637.4317099628636,0.22984239876272317,8.655300890807656,6.355162309220853,0,yes
209.4444775221906,151.0120351515561,186.78879546773288,287.3500691807706,1,93.87918006259522,617.1826711548653,18111.127059173683,961.7243212145303,233.41842365924145,717.6577353046712,820.0444783947189,11533.171373330308,722.9126067266071,643.2898223134745,0.19739083311155328,9.311141229849554,5.435612511251632,0,yes
296.35219213833454,224.54386490363078,387.2103300818125,276.61658053767803,4,37.74658112242645,867.8705772704243,16410.35202352737,929.5970210937123,110.2900574730484,885.2236213258892,897.5493418181483,11504.88506306015,649.3055187507166,679.6858111526121,0.2806752150156459,8.511839504839953,5.436774919079243,0,yes
250.3071385580791,311.48943293009575,119.05630959177596,272.69806887350495,4,59.20143679055354,901.0568637621551,16968.323971420814,939.3446249307766,901.5849321995044,3.338608202664659,856.137365656331,12085.0948185491,323.6857563329445,615.2402682696301,0.2579064969955267,8.799678462869815,5.501139904561778,0,yes
261.8545127269461,144.05321957442987,134.4084823974324,289.3096796387178,1,53.94097177468027,623.7596086021628,16604.869561504715,975.1129814469539,354.88396637252134,586.9504822083118,848.3931703165244,10222.773436042664,846.8451291953575,744.4499506846441,0.18612402974552486,8.561291987663152,4.984432590855267,0,yes
245.83445043994635,313.7040389914745,118.09001230321206,297.5632969616994,1,46.682201948732754,808.3413539778644,19386.326004967283,949.0131825573721,701.0723292166343,225.72005488796583,975.8028647533645,12985.431567593227,196.35531474418474,672.5070120466196,0.24943299256197626,9.989117683388784,5.86869669161,0,yes
278.03576521754684,239.27623548828413,113.85153381994189,226.66647987540105,0,81.52432930762188,612.8815798524228,19876.77183257148,987.5179571304947,256.4467356976645,706.9555828517853,756.9955945766965,11496.77206114586,197.83094121441226,737.9227634008801,0.20908912034306482,10.196593588629101,5.1999693003555505,0,yes
272.30549132250707,192.04528618273923,281.94293025134,204.05984429299454,1,55.465647051929345,651.7195260114061,18689.6552586204,996.6521420484312,380.5189913762649,569.1908713294322,729.9601038025837,10924.063336637882,749.2546091084739,720.7004859285248,0.21929203122579696,9.612766200647807,5.176473257653217,0,yes
232.71622095151574,128.8397968028359,196.5852767059493,229.74790961261675,1,46.146184093995686,691.5401751973112,19944.568978257266,999.0123088548725,793.0215134946698,135.5184367590474,814.7404847835826,11532.110606338889,734.5060595247165,657.3279899490226,0.17589806090482107,10.249273567552661,5.4364498493831555,0,yes
274.87479716392016,234.055894595196,291.11082867196615,287.65817321251774,0,44.38059238165395,983.8057032334806,19372.95584703957,982.7829957232452,915.2042744769893,69.59709695521826,780.0415723205117,14761.865059361,429.94342540075206,619.5474836434538,0.24958145240783122,10.026927497668957,6.595452500376164,0,yes
249.43379508702586,265.9499911128761,379.20280743084965,201.77511735557408,0,68.75927485540208,668.5930512951942,16470.441461830025,976.858643170994,92.9184474535645,874.7941654156717,863.3264420979763,12027.593596141733,605.8065047026782,631.5605116412876,0.2626265625252802,8.504107210533729,5.604609716223126,0,yes
272.932405300252,105.99620644140555,252.20371778905917,234.42910804113149,0,45.33475520401371,884.616156805026,15057.319235635772,991.5589621887221,359.49597885078515,563.3843716872747,710.3994654236133,10556.470281072416,797.2326185578797,764.001812099274,0.17980436491247473,7.847651290660262,5.042870600811656,0,yes
239.27753238724097,201.62452144686193,382.11727719449783,249.2706332840182,0,55.90485640703638,748.3272563644136,18940.780961759043,928.8846962374981,691.2838673943214,224.95241468513473,893.0107882640444,12607.67596882131,502.62062225127454,687.975512483168,0.2440785905690413,9.750229888863975,5.807574907589808,0,yes
235.64557894001132,315.2318173269153,147.8190740005388,252.27953535280406,1,77.95601266893784,815.7990566429896,18628.704891468406,924.4369948860325,361.36567703211887,634.2134564308783,966.1490106243855,12249.113685427932,681.9609573201265,730.5796128008676,0.24957696107545857,9.608603260275991,5.781697571328507,0,yes
207.2242005911287,272.4931926900028,277.9329837310751,277.5849578022847,4,67.82280719406768,667.2405867075554,16199.263748650228,988.1726935056396,405.7622397400981,537.4420479093085,807.3861326375303,13539.427452212318,516.1895985572341,705.7664944193846,0.27070243253705356,8.369788566058727,6.157494903926322,0,yes
226.13585296631598,388.51182869235237,133.1201943636393,264.3609012096449,4,47.45675902762129,999.0689132003979,18681.282220404348,904.8712226280119,616.9091093731108,324.81135848177996,715.5029765837237,14659.187423236945,706.7863189391652,738.0755509140167,0.28532995836318287,9.673913509988324,6.648956838526931,0,yes
290.9918564343002,109.1930899757803,151.04318754397428,254.5062754793272,0,72.17505499268941,845.8426372305005,17541.687865174765,998.0028370514116,225.91524791141188,700.8463941851819,963.9720359200153,13996.535300479925,839.1773806289748,756.8925072930444,0.17052779136695803,9.081978216364375,6.536688508400939,0,yes
245.93116134602826,134.69682903044153,293.75268556660325,292.06458319347314,0,48.095015443434136,896.163052785188,19285.694561893182,957.5996652507852,534.1291498798039,443.16205739672296,880.4639083922311,13270.815456446478,756.0618801457381,769.4889864388283,0.20805270507254206,9.959762943267595,6.188382244157347,0,yes
244.39004274791958,230.26367499757853,180.3479299871957,226.48713434355753,4,58.18163958321777,960.605459643532,16284.543735606845,924.8461513695999,208.19887619007838,717.7100308935707,936.861032923953,12292.601983954433,110.19745177822236,758.6719980357029,0.22755606347008817,8.469403544174416,5.552798823335916,0,yes
219.59666437585776,133.69787913423784,354.91341152282916,282.0659206824023,4,51.54045013901719,967.0933920009899,16161.677980649283,975.0379515156765,255.29691379052218,707.2610010751841,944.5542118529859,13483.516242002654,735.6186443507397,696.7858243169333,0.23099154133725908,8.416366449160735,6.2792478449426055,0,yes
254.91665136649107,150.26713558749853,307.9190939109997,251.16021705579703,1,67.82958422904059,632.4733883847061,17246.679881954347,946.8477856120583,624.5998018907152,359.47309858405526,786.2806173963563,12654.01197706503,371.04506772968324,645.2283019677457,0.21655015411262063,8.880198692922251,5.734504624898317,0,yes
234.08676048638702,151.19193125263064,179.577656793455,211.15266119129967,4,57.202755519362505,991.6466045237094,17738.24058071532,911.4256507711932,879.6845003788936,22.512298783894607,718.0670438560915,10940.447547984106,270.311392298398,695.1771033272319,0.1912812747967095,9.20157018410665,4.976815018916255,0,yes
232.18205858904219,352.9069135461312,198.41450558386478,219.66097700586764,4,40.41228685825344,967.697989489863,15713.862594495391,962.6511739103363,696.0558356861426,293.2284200314598,869.7238942611061,11587.55536357006,547.0500397186065,753.6518072290736,0.27508520660091845,8.19088766615128,5.4267294633209975,0,yes
265.2588152674334,390.2468700082511,380.4812529799086,267.9558607081852,1,46.85250308003912,727.296534210011,18215.44970738371,910.253004596634,400.12220882518915,576.0051611118313,986.1668236261288,13397.191785287503,100.56840830818743,692.781421809218,0.3290850369026762,9.380366038815541,6.008688690161745,0,yes
228.89888952543373,208.3073976425976,376.5706614735362,224.07100599966316,0,91.66410664832547,836.5129881912742,16351.472946252494,924.2065552519541,445.04022747904196,456.2379508059662,784.3000205765419,12647.477699093142,402.57723050802906,624.625913641749,0.24378729610080238,8.47459996650731,5.729643000085089,0,yes
249.79307243396806,354.7978052229464,264.1079857702993,207.65577621760173,1,23.75946562112385,966.4379102839291,19776.804650597205,913.650711006556,443.8333629156166,549.9400660975443,853.3639626031594,13268.406147074882,876.5717507231689,639.1788116676215,0.2747121509590802,10.215343643354666,6.209858972470305,0,yes
254.71634246935193,281.45846868495755,273.5419999045717,203.74272776371902,4,40.958713800347624,812.7608034499588,15848.076696960346,963.3108673619663,531.4750013961467,455.76005736579066,920.9335040612002,13401.037275619232,384.8517277580031,656.2874758225356,0.26126473765410746,8.2229504494073,6.094586090011618,0,yes
277.96419516948015,154.99336816579478,205.77328805674506,214.39330185237824,0,40.412504479429586,885.2503080914018,18673.983002109464,993.0707611928644,851.5036807222044,120.68812861262597,913.2736364709675,13502.956645593182,208.19195927088742,666.8010982850055,0.18612839395026626,9.656336515503241,6.060924491605154,0,yes
257.9819409731132,372.4905180727354,149.4877320968181,282.16027015920326,0,84.09656448538693,631.3045092533082,15009.068130022659,952.1378145895312,861.1150644850691,67.83156114351755,848.1802686983591,10308.722004668403,870.9049399693524,630.009977065303,0.2783862902726262,7.761865709380475,5.011508390968742,0,yes
287.9807365876435,296.2501338316664,270.21326405605464,257.90296048509833,4,65.49907772748494,747.413969142109,15916.349844409604,935.9329622249558,137.84813814148575,832.8741222268101,959.1488167896084,12414.280279600474,565.2244100424216,727.092077046489,0.2846431049096625,8.238778370540809,5.794365806101264,0,yes
221.29888171411406,233.455784503954,257.4788973526421,289.051718370549,0,89.40769783876218,738.9085579318944,18805.885926354695,937.4966302778777,367.6357485417414,631.0177648891756,918.768309247021,12734.922951803092,382.4261371456923,701.1057046069934,0.24178082463333825,9.681878845878737,5.833784289371435,0,yes
216.971804519122,123.00073248871499,277.6692552419482,203.55118614134304,0,81.42524781391757,872.0726048911588,15104.043480662118,925.452232047925,467.09035170684916,467.8175487516224,859.4598793318088,11224.215667623648,264.57259977345814,692.4573163880725,0.18298659961774122,7.859066758245616,5.148698231917481,0,yes
274.979929938369,369.91047873404034,258.84416248795736,202.97144559950556,4,87.47918161848997,927.096518683876,16337.787665946491,903.9780675651637,960.3568916641387,23.68043268682095,733.7126214007128,14218.892216756587,687.9981069328288,648.4228272211839,0.30196425319950526,8.485500935898465,6.466624290941052,0,yes
258.7879213063969,352.62430513375557,363.1008716444973,218.1396227441694,4,88.52837756273901,726.6334478907817,17537.522561806723,912.7230677434936,565.6183194319871,419.73464973678017,801.6401258153093,13157.480708802716,675.8830177860308,694.2659270438769,0.317017584147587,9.041593394438456,6.070591855160924,0,yes
253.59431782609943,331.91544748911093,170.13735753595932,291.80482157917356,1,56.84704089488699,756.7055639721266,19420.757050744058,921.7833653150244,882.9438657056497,43.74074277680154,974.4390006205601,13704.052895596185,899.8165501430805,736.5888418818499,0.2682341805024553,9.991102274386694,6.445430270384307,0,yes
259.7335191866039,323.5795354351807,215.7907419897049,261.5665980798464,4,46.03395110055043,993.4685009296365,19050.983660721537,955.7928329370186,686.9675846506666,294.6250844863572,704.1892441917848,10806.651131142875,562.0726588390014,730.6460551066065,0.27940019148222633,9.864446952856804,5.050043475146283,0,yes
254.44727482573398,218.0739362026572,158.688174442025,286.05120304320434,0,79.94180959291589,678.2629036439135,16480.846267814206,912.4796806150767,696.1672050937484,247.71533980951813,845.4675907743831,12056.12663051976,388.64991697771273,733.9290091354401,0.21826841419362042,8.502581229317013,5.5322108509002765,0,yes
241.7526863583015,233.44742110566753,290.3665691638679,291.1209356810429,1,22.732858452483605,928.8159240989986,19612.193510873374,950.766526944015,747.4752306849832,158.8648074285794,912.8520764289399,14898.81080152816,222.47758499199398,668.1753616099551,0.24697129887900032,10.129504879872838,6.615952187647626,0,yes
236.70160928665882,113.42056856192373,276.9106224060526,222.45087882433634,4,22.44295715067393,712.5772453126767,17848.130295370556,904.4317905752836,63.984423889798876,910.2070255472664,868.4691793110142,14882.705203856416,270.38314247718904,732.3934389314705,0.19386058927788963,9.192665958008432,6.62870919359822,0,yes
230.03472380794005,352.32220086649295,194.8489779217839,298.7715383315517,1,39.023768775792185,625.2215971786641,17626.731240770245,905.3395370561148,74.9354590496698,827.2168042081468,975.712365398231,11937.227506292551,677.2044137867971,676.2403108099603,0.27751454522750474,9.06296083280697,5.638842651481506,0,yes
228.73464195630805,255.16253122244393,342.09428633205863,282.4509676724577,1,32.30743055723667,884.9080504458636,17612.15679693452,959.941524164065,909.609918189019,1.3582177236839925,895.6464356794731,13895.372445739882,151.16403527846973,636.4418488449088,0.2638272942172874,9.120764926262334,6.17564078315308,0,yes
249.5954827275869,281.07132092854783,119.70427333207446,263.8753141257609,0,85.99953376804645,851.3374862100235,19937.102618129356,932.9069984398463,9.46224697887992,891.484303171793,748.6031963132154,12604.21891591339,240.49384561094146,705.5178795708181,0.2313836315350163,10.271940456687746,5.6438050420561385,0,yes
230.87804933590425,249.06084228209042,157.05420567658012,217.4660748966663,4,59.72556431745461,935.2245351976311,16301.197842294361,978.3740694246626,288.6646682611008,704.9696048204141,928.5570395245509,13618.407467747116,354.52869118958716,624.5027085005356,0.2270985870752912,8.47927968187024,6.169181323090452,0,yes
243.13301043395833,287.07382164028536,218.60492731350894,296.8742388778768,4,64.34826878967516,625.8051622696055,19247.77365198246,967.608676932054,803.8352734554963,110.52238828259397,966.5361953201841,14624.534679871575,339.32402281830133,795.6894056317046,0.27262525801004267,9.882152800335433,6.592453156895877,0,yes
219.01420793946286,327.7735500857818,364.69699114088934,228.14514896565726,4,57.17342055786138,938.2451570695964,15186.31083963863,985.67441105598,836.3250927868698,129.96944521401963,860.785826655927,10747.867699774437,202.41862508727053,750.29425151898,0.30042889571441467,7.923537492418638,4.9458005210447515,0,yes
213.42854273323164,315.0402381950531,105.51741544090049,287.2319944742575,1,47.8221706971371,659.3166079165243,15131.414022085504,929.4070481561164,253.35884882302634,661.3673214128096,927.2976278601733,12461.121392416891,186.75696637501744,649.0430347212033,0.24143642731507162,7.826032182973055,5.631001206985102,0,yes
244.7682601507072,221.94424319756519,285.0423399271022,279.1922127028795,0,88.2522408926434,986.2418947590895,16079.917899144912,926.8002917256939,39.35636124929164,891.2646827086064,775.8598382056608,14845.726892204566,346.9183634743273,762.2044075988266,0.24353680968075586,8.373262703133227,6.605452401645443,0,yes
220.10743891397672,236.7024387175311,338.0204090536429,224.21873965195425,0,52.83645764262889,688.0062710674183,15629.556118103668,903.4920489949664,796.3133617355312,110.5959998679075,822.4930138175066,13145.925254863272,100.9616779294074,706.2635249709838,0.24147272636016892,8.07784721053253,5.835142241097534,0,yes
240.98641740826906,177.65098102808383,312.0930855005894,274.2935229924041,0,94.9966944102237,982.9987672860822,16853.656268583734,961.5632222119867,634.388928502668,339.01647478272855,894.5177608864062,11074.116308991735,454.08581620309184,682.1003976925398,0.23062013388037417,8.76415985628371,5.182422770214911,0,yes
223.87279713920742,380.49338023687375,362.96146799308394,224.16480401707986,0,50.101563578795506,829.2878199020901,15796.720865665066,988.6137780839833,374.48149155151384,572.180705081489,789.8535020659979,13521.821986923042,688.0870983931611,644.6624616315225,0.30409823857435825,8.204473229496587,6.204638872821497,0,yes
209.89811878811412,137.83802523807884,317.2224481836063,228.72171145894603,4,79.33793908189355,782.0198162739833,19830.12089659807,945.9259807466207,301.6576842063253,624.0144443152558,941.3490487913695,13615.507756159583,333.3866683686126,740.5875060536152,0.2167108795622812,10.20471899054209,6.1705961814072126,0,yes
291.6171717300376,199.10413651250542,210.0284690517355,273.580997746894,0,20.542848322820213,761.483481800441,16603.9434178204,988.0655973448493,149.31141889136185,809.1369003338061,990.4242265209487,10198.118498940159,144.71957836841742,653.0917623741619,0.2156936387049091,8.592881987397599,4.740765349822022,0,yes
222.8198123435397,290.3221447468285,385.6859225111245,232.55596887589877,4,63.12791407530252,821.8779354531438,17220.41192550367,923.834107602998,917.8941062767507,80.40271447301723,722.9823196435416,12625.55139078013,655.6938475708598,671.5571270801237,0.2917573523866348,8.90573552446425,5.817087473549456,0,yes
226.6490718752343,287.05738864592206,158.87818679298024,204.67440164990222,1,53.24218876827001,914.4544190304248,15566.554003449797,968.4659666676109,614.8743223197033,288.80198335365185,859.7526286033269,10897.011363127587,530.3628699303165,709.4728952679156,0.2267545019259545,8.105849540497621,5.1222239327716625,0,yes
275.26810597345536,303.02833426989054,115.2962508951947,240.00372762251033,0,60.76414418409826,800.2548084349427,19714.367358918695,974.9686522615543,654.6354250815785,342.0215564328586,963.5873902902395,14819.67541320961,391.11877311930783,676.4119754537157,0.23458580328306816,10.15491052830444,6.685559643582728,0,yes
200.29171722557038,322.36709559503515,192.969145742097,299.26621318491965,0,70.27881731561882,877.2861366023008,19681.150575896736,922.3244646395844,891.277539898268,10.285371310582036,982.2060080755939,10678.951129483725,644.2741249691605,630.3246485497087,0.26142951246715684,10.148370899334418,5.118857025225894,0,yes
284.22375146104304,134.59558855231415,132.13394237252288,227.63551631107148,4,91.41262649560323,891.151575388257,19643.018653148254,920.2532794540662,937.0283885038452,13.451853564841713,703.4373113130558,10306.576560006388,635.4737065598367,643.4102234901818,0.18909437184771868,10.132161697849801,4.863289939600855,0,yes
250.35200633540168,303.1109739906895,367.0466259125589,290.66499854365946,4,97.75171620350694,669.1758816013167,16334.213732236432,911.9871751534672,775.399729194811,179.47251050884245,825.6050822872651,13666.636269352544,752.6881340794799,747.756439033519,0.31259961195787256,8.427206642456365,6.317431758046925,0,yes
215.73850852970463,224.4013036148438,333.9119633309117,255.50925694170502,0,57.093790008667106,704.7434290182583,18217.99124017111,999.6548520510042,801.4525111639322,177.99204666737126,731.7353462745642,13319.958004932225,183.41386235083758,650.0910768431237,0.2419722409936657,9.388976651186383,5.904008882316797,0,yes
230.5836217653269,256.9785265935466,214.67052760937287,278.99540094240507,1,43.808017712223084,609.2376611032294,19276.107158633393,916.5567948173361,542.2917319210461,447.47213483097244,785.4932344630133,10051.30485370859,642.0112743549751,663.3897647493691,0.2400568052466853,9.885703678579201,4.804663319481125,0,yes
243.09523698105758,276.7527345605611,141.7802391494144,240.11582472321146,1,31.07220495880106,722.5011460508971,17205.763849350384,959.0874997339804,140.724807628867,849.7086514238105,942.6749557536197,13443.754192418372,872.9224790016171,690.792238096309,0.22559285696945533,8.881162802467983,6.320577219645979,0,yes
235.90618773944337,236.19869577586425,162.89779616734003,294.9873643488858,1,86.20282976588749,913.185966134811,17032.242042208327,972.0911993079251,473.2181643821801,489.5908060891923,791.208720247902,14437.963494675245,254.2762260130164,733.8987620434259,0.23059096765251913,8.838905394880266,6.4120937179476645,0,yes
219.10000666196038,209.38980536630316,317.07667749753944,231.50329167268825,1,94.05990573704956,724.8648373766918,18071.92218048992,938.013632784213,595.7011592873849,319.75267785765175,824.1989174785172,14673.97863858867,304.2955395105381,653.57911135403,0.23687175790192108,9.311865458762947,6.522614053895336,0,yes
267.85960589111517,279.81432661575275,327.60715814873765,211.30146853273217,1,52.44829348248817,841.2627876250431,18149.1577442614,929.3785989480227,10.463622251576197,970.6517634644127,710.7536627714535,14295.116785093123,234.5993463792439,663.2154707517318,0.26403880890169956,9.375217892500036,6.308106611378697,0,yes
244.08751060746494,223.08676105875216,391.86459104769614,295.99134882590926,4,54.01312091258089,622.7252390196536,16876.35356795411,999.6822600446503,531.5680021449542,375.41571260538524,832.8604008479829,11193.707180127287,668.1574249161617,790.426908643077,0.28032723667593884,8.70021356028687,5.29647426143111,0,yes
211.10582802803188,350.30488678580554,343.46500466374425,250.70020519899904,4,85.6432256651325,944.9891956061006,19090.218150926048,926.94677169476,449.09755495234674,502.3922153260546,945.8011057735503,13460.219607814086,299.28287386654563,732.9271805310997,0.31228714342048297,9.868946226451397,6.099147768615706,0,yes
214.38896700938284,271.3164392363242,369.403654355411,292.0226530967632,0,82.91651795924068,707.7811416052822,18938.686795377776,929.4441943314278,352.0704049204629,550.7732331827191,975.4810875892825,10491.179523808072,708.3993687119736,633.0416822595914,0.27821551533737476,9.7403071393537,5.06723834773606,0,yes
219.01747522470066,333.05161446006133,243.1123278239043,293.4416248154896,4,92.331271525998,834.8984151661839,19997.308049394152,989.7298693366849,615.1405260782349,298.0421762003507,865.5868224251375,13067.365445132187,436.1490266367089,666.530107956613,0.29570344484886224,10.306180724875588,5.950654536655712,0,yes
237.97596339469564,335.23441846831815,217.86500528419577,287.68839134328346,0,69.72235693380881,727.1987287916021,19280.480341359136,996.4473767794267,36.69636000772162,959.754281468619,823.2829866874677,13248.900868692053,218.30054353896236,773.0928441858385,0.2739282013437361,9.924725015912314,5.9447748088518875,0,yes
298.7641832242921,172.7278608983775,321.2738998834116,246.44525487392025,4,72.4814749554159,826.0536425566889,17413.77439376996,990.0150106715257,510.7240611121343,489.18829984112625,741.5722448667489,13838.581969639134,314.66481897632656,784.3277230461067,0.24539929387845336,9.012468937679316,6.188489224770315,0,yes
272.52440401869603,248.67764739649184,365.29670051344175,208.233379825553,0,67.21546948787358,910.3153042706175,18352.213911795436,999.5911088339456,699.4292582248621,290.9194930929119,735.1028077832023,14662.07571265374,483.08519698608785,731.2744802263483,0.2569552250952894,9.50204760193598,6.574280067600867,0,yes
285.85384552623725,101.77685456256931,261.87862836551255,218.62793561432238,1,85.64806023628405,869.680622296859,15923.373123745088,966.6306018033357,771.6135547472301,130.05148078504646,900.3519999522613,12818.320825988965,707.7092543630054,775.8037496945275,0.18759583679275801,8.273851294464556,5.986458261887148,0,yes
244.18753699570914,335.73905385006066,109.60119111274174,234.57323913670535,4,72.6979483578374,604.3108066020598,18302.200419433542,974.5371224145506,803.2021786066487,152.08025235403193,734.7254004687076,12658.997358281991,528.1878475753953,792.7248828446048,0.2590134376333253,9.405649034918206,5.794275943709784,0,yes
253.6235302142138,123.75600589292446,258.8175633186132,256.43254859923684,0,76.38671782432584,601.6444657784853,18829.61553080281,957.4278718149184,403.92439335927213,497.92970548423204,710.5339717723842,13127.549105668595,886.2686432747781,698.6284281867341,0.19409219648425108,9.666416776238183,6.095433774799821,0,yes
295.2308811311094,217.01045646861252,175.99457223405534,273.50793904438217,1,53.49980432321595,885.8620227246347,17616.282784485993,974.1667667144072,799.8186674012117,194.6403214665928,989.7691973217063,10521.236423847773,359.38873743311206,717.7664811978879,0.22463485905798555,9.125007317875909,4.969113939163782,0,yes
294.44578022716706,399.34474679669904,164.90090175568474,270.78121269630924,0,46.93304862515377,651.4253285284826,15507.727658819604,979.516623584692,698.68038119075,279.83487329861964,829.7384733629248,11078.560394531156,148.53558361186242,626.005267188658,0.289879577253215,8.019363224336939,5.029419540991317,0,yes
278.5890327545494,301.71193114454826,161.23759928010455,241.2614630238211,4,40.91020325935301,950.7542686309803,19052.661114372102,946.2340593865437,443.7419006328919,469.76041501547775,770.2890861797498,11619.043120727074,550.0795601823145,798.3527616764202,0.2574239890877871,9.854135166154494,5.3962996269350425,0,yes
248.90867522621366,155.51457512134982,224.3442842471012,256.9781674946224,1,82.51585957031864,734.0551063646365,15668.001792845096,945.5311246224518,81.371884322066,834.0349068485615,787.0455366562106,13386.131395387712,711.997225212798,782.454154800014,0.20418458958389904,8.112967252362921,6.172738481173045,0,yes
202.02443749095733,293.7591470725014,144.35565497182841,259.7616697244319,0,82.9987326459053,979.4647164855214,18557.55527842876,924.7305968734032,692.4348335689913,303.0618798913449,751.5800431730038,10955.93494532072,261.22321387863246,778.8771784088425,0.23418069896471919,9.610234177596785,5.0167157600474255,0,yes
218.5028106079697,155.86957051049941,100.66670983032346,208.61273477064682,0,58.340117767462445,940.8174046727472,17938.50845715251,981.5032953956339,590.5774865281257,397.19422303107626,874.4255546507409,12358.494324343565,757.0685077732368,762.5040353588982,0.1590368559904381,9.299647259652536,5.821961412688995,0,yes
255.2489720248039,386.8758635982166,108.0024726085417,242.1152051141609,4,76.53143164708956,826.1554999927854,15312.104468667496,993.3907250883017,98.97111056066835,861.0451060867772,977.4833022366099,13003.01253790405,347.8459103173336,650.7225084743823,0.28253741821068995,7.962125011160874,5.938702615778144,0,yes
214.97390620660892,322.8818289459837,150.11486908558373,201.17296213077427,1,47.248556147508566,960.8248389547275,18674.541474116406,998.109872615622,134.34449228311746,861.1887004633177,992.6852354722264,10130.268813335875,724.1627090304466,699.5431318909002,0.23640372742970023,9.674553842739455,4.957544603661138,0,yes
225.37316753983495,113.07489372562593,262.17187417438106,258.41112994350726,4,73.07642915650226,868.1639249164377,16009.1395270973,952.8493631074502,668.8529609761541,253.34660853109506,961.3980973971735,14410.683008716951,817.364925696125,635.2302278426881,0.20289987495744194,8.31449264180739,6.675922731936668,0,yes
219.43210372626,360.5654499911133,386.811589619241,286.2972551493589,0,61.60232958709,780.5368124177803,17992.930990348053,920.8301488505663,686.8104450396892,219.0790517496057,770.2774284659675,13924.84253453992,665.822367048743,642.8609102706816,0.31420850780872994,9.282352793422167,6.343291523448998,0,yes
212.11879587827082,350.0695413110159,325.34130408175145,210.7159945567019,1,69.30588956356034,696.0627901861569,18508.386290929826,934.5564237783516,788.2577681522796,165.9587698943501,804.2095962814415,14579.527484414035,541.3511239453428,769.9789746287283,0.2866450491140624,9.523280079497479,6.592362485366009,0,yes
247.28860270897155,253.5875504572218,391.8506609119562,281.5200968860813,4,87.26494317575934,844.4600788724877,15289.9177474456,948.9503679638352,888.0285855884615,104.17890320013294,809.693706876986,11678.171810380743,603.50146147893,795.9140682125472,0.29421582701975685,7.949003412841237,5.467588333802049,0,yes
277.4750728997686,189.62703951335456,327.1436119193763,282.9888309089804,4,22.7497667366557,602.2873441002569,15995.95564179721,956.4252280849953,412.0172306826918,514.2620573884391,985.9090651161318,11460.467634561654,641.8160346164835,603.9311783002655,0.2516933086020778,8.24958830242979,5.431893803755387,0,yes
273.29257229383194,237.23387626642048,333.7142435156399,204.7601298746395,4,34.75211912067431,999.5148566114838,17975.39123683895,954.5419340320756,726.1974312460225,180.7673037890197,800.1826735438253,10615.687493208901,803.775023781575,734.7148675802179,0.2573832721322329,9.327877536260711,5.09902084281949,0,yes
215.90161167146474,157.76669490306182,208.7084827656447,253.33916910205448,1,36.24630217622748,898.4673388275291,19972.774531076735,930.8288430002638,895.1511925480961,40.42658166563763,805.2071276604381,10666.16872739607,311.9285695236746,615.7485749818746,0.19124392927687417,10.300147580961319,4.9127537850930185,0,yes
243.96501822508634,295.3794447976634,230.0713450473562,272.14105874427867,0,79.34783858935862,991.772413167972,16207.474111978026,996.6346721729955,287.1370510755485,647.5819012720115,841.1450452369817,10908.827943351842,191.02921250839992,722.382386853117,0.2592851881335613,8.447947170939624,4.989726495916176,0,yes
266.8656586531739,290.3703290026325,225.92372227435249,275.58760502484864,4,98.87580774043224,792.5356623015795,18593.816745476048,904.3073023987879,185.70231029757323,794.763475016838,796.6142823878349,10594.076746819002,658.4194842554128,700.8313318739079,0.27849361635344727,9.583211823533716,5.036423842309456,0,yes
233.54936566697108,140.2560206522565,133.17558874651522,273.7640616772205,4,89.76336789388705,847.5006331628238,18231.2634508541,946.4407570824615,450.98957739702104,510.3906258761734,965.9687555044679,14530.423260059677,869.6769127566522,704.5452569847116,0.1941747846793104,9.420015203661332,6.761061291294547,0,yes
296.13888491136777,352.0791801917758,284.73767304876037,201.91581697343733,4,63.57596921594169,900.1271744960598,19031.364649943203,991.8375925673452,230.490542697083,750.5078311966272,912.1449043831196,10090.164524266038,426.40031413541,690.1323265923177,0.29947427531034826,9.838230593735979,4.786926478042445,0,yes
248.11528638574364,253.48234846097438,234.75179578457661,280.2915364598131,0,36.95795874248485,906.3436419053282,15198.949281125284,954.0647568322611,740.8763789565866,256.87816852659637,977.7801563059907,10744.038940102964,697.1381831637284,704.7776369077334,0.24028847533758532,7.918216222927627,5.187280078165879,0,yes
275.9406376267125,386.68630644502,289.7799030815153,275.8601753018923,0,45.96605110643012,724.8365579756655,18808.236458919033,981.3872344803863,775.9881283189525,209.91929894710654,762.7585224720282,14841.406476493927,152.24710083097256,682.8825859133756,0.3083420523526571,9.685994070082025,6.517732402293482,0,yes
290.73610836667547,180.58246854152202,148.32038067469173,208.02981927800556,4,79.16945128379865,700.2485886464415,19082.615090554944,949.1928964292266,171.49921581292867,734.9069153108309,865.0488521101327,14169.55523207406,654.8332252604177,636.0968678607596,0.20609072112452212,9.813324921037912,6.47387475104225,0,yes
243.23211465156362,120.99271900162051,203.78139850405387,273.4211534518694,4,52.98669967604353,930.5747589060024,18364.399776202394,966.684333672482,643.3315792488133,326.7029888819369,906.8650734573018,13281.552258058338,609.0417044780282,755.3569139791678,0.19712179737179564,9.508203006870628,6.141544718840784,0,yes
249.37828504567477,396.1417453757071,281.6443920422928,260.93384056995325,4,61.011581352523436,881.3686012233561,16538.2929505668,900.8657209102106,272.26087429053615,688.5294287702388,943.9120721795969,10671.154896993567,148.0163339277582,677.6069082446159,0.3220422981702952,8.574935390612078,4.916235809812349,0,yes
209.0284027277965,228.78642715525913,136.8495009480327,236.5249059190524,4,71.22572298669787,984.4941249973255,16069.083639151033,983.2265145206445,627.3568839906706,339.4459151284284,874.7122665948423,11269.49667709078,685.7978757886398,713.4634244687594,0.21744654128883864,8.375211694338265,5.348562597688598,0,yes
222.555541864293,314.88215102301916,358.52356708235965,227.784561515707,4,54.45767251122003,788.1825443539296,15782.600032956294,962.2122806858896,589.7205573985706,348.5856905268846,969.723151706077,12451.302689567096,722.096474655342,657.6681638164501,0.2940713229190889,8.184573161166291,5.8625397042971725,0,yes
297.23348583445875,396.448598278797,195.82647364621224,266.92760589119297,1,39.43429963961183,636.9141719555045,16917.27075567818,972.5205906537325,700.5354616827586,284.4384992724596,994.8316288812744,11274.082189028362,267.2755954465419,604.6486042827668,0.29754637333635237,8.720000333533378,5.219268920305747,0,yes
247.23669427285915,374.54753734744935,362.0925333884692,205.13294928729954,4,20.165792182784266,994.570675231363,15796.082339777362,926.5485360476648,3.199523904234283,948.0902439843115,734.8010184319021,14919.313810355878,805.1098715260694,761.8636427327759,0.3129295619986236,8.233235228100497,6.804533067029983,0,yes
216.59243904881288,129.57045545171758,202.5220317001988,203.89645923765076,4,83.91162690770997,945.0840786523274,19340.318332321345,965.5832780064072,519.0239076516259,475.2352249850213,781.9417250067019,14416.173992276901,824.912671976785,749.1436776746345,0.1869188629113904,9.999329020666412,6.634299819599869,0,yes
202.5024386604511,307.17015678243126,387.0937612017353,214.87794918384571,4,56.76857295127068,840.4955453458565,19512.818441740783,926.8855413987314,811.75281412754,168.9476693876842,970.0856578033083,14850.535216739529,510.66988460952956,613.893365304835,0.2918785035223301,10.056534285127244,6.737923156195322,0,yes
290.02342593890035,147.032696084724,344.5159618116279,209.8975461357417,4,66.39292547123488,906.1055970391553,17234.719062193337,960.1533696208666,420.446081302381,566.2304266248207,866.653681094891,13422.274843168214,386.7686730308034,658.0777815028524,0.23058677853615223,8.936885674505229,6.082293416701386,0,yes
211.07724623354744,303.51167527016156,346.3886976311877,261.2281960091476,0,55.12220792831548,707.163294532824,16993.28384222614,935.839638296202,425.47815898927473,550.5463053248614,740.6182985503101,10453.093486301115,797.5857142549601,723.43788931745,0.27641929860499814,8.768346471405023,5.0156722155487286,0,yes
264.4550678854959,323.4975226492517,165.75039360895533,254.36136671679068,4,53.563858509031405,778.6955425039453,16354.222550517034,919.6561946873775,65.19362270812435,876.9907956359345,772.8488440096994,14783.779524655143,199.61458683237564,705.0952687400039,0.2694621068642344,8.46242827335819,6.514562088974693,0,yes
289.2013467510968,388.46043178201273,223.3553898442516,238.75272027083292,0,34.59120109099221,903.658566390714,17993.912005308874,923.6602204813527,340.25643178284815,577.8951001028332,821.2175674091126,12816.039011014082,423.6333393136034,794.7583073117753,0.2885952662608197,9.310913745093135,5.845045085308169,0,yes
218.49596932943928,353.83377799443565,379.68990951947967,230.29201181197746,1,36.657849403926434,749.0968266634363,17525.881268899833,977.7650806298413,126.19095045132907,866.5021926008286,898.2306860215651,10561.838873355124,505.1613721578524,716.4868897843437,0.29963687901868624,9.049678809272852,5.006634315052657,0,yes
296.3757799848623,220.48453424526673,310.2686083650776,277.6962743592085,1,20.891761929200623,867.0316810184058,15372.523177013682,950.8703690684428,555.4084465754408,388.51786736018653,813.8382421244296,14458.753680387186,473.8527454287323,644.9538779127816,0.249763843451385,7.995656480139711,6.502973872207148,0,yes
291.3366793569207,245.29039050822502,395.12385573567764,233.9563851971172,0,84.27939045343805,693.1922301487806,17291.057818997357,906.8644009249093,49.182606713533126,876.1048646585241,859.0885953492595,13840.047351932419,428.26965701789936,699.3003351908638,0.2712385600283113,8.91019696788193,6.2599452465417444,0,yes
297.7324872543727,289.5130281545049,340.9273460534064,207.49657391324928,1,76.8766535393032,714.4855679690638,17456.140967016738,908.5298896851214,704.0612839658785,286.4329268932396,911.2397383314003,14909.003985320342,823.565121343306,601.4770835193917,0.27667614082730163,8.997650861328825,6.862668518087181,0,yes
218.95058034827468,208.77974571471728,242.96317023389753,250.21067007420234,1,97.2610628524769,867.4769485007362,16410.37166305032,937.7359943402427,358.96078505805644,588.0132346259818,962.5807260397845,14357.955374611924,481.97290798456675,753.021166627573,0.22593027445194644,8.512876515849213,6.540076677146292,0,yes
295.70512194624524,231.7963072292518,229.90146764122684,279.8282310846073,4,53.07932586564305,887.704575232845,16988.353770655558,941.7625685332107,314.55963588977846,641.9749872232082,996.7637649528298,14475.392474293018,589.1065717681981,764.1036643071856,0.25460189446771475,8.806995919410186,6.646368626927666,0,yes
255.33312469074565,234.9426857609883,351.18505277405484,270.73278522520656,0,67.51196482215092,689.8477071184202,15824.207835043779,918.7856965650684,143.78166640244467,849.092079243733,812.866978486434,13090.571874900108,347.30447671667457,789.940633047664,0.25900082154224935,8.177665731076825,5.93063207598254,0,yes
270.14031911020527,227.03246125106966,200.36485077205293,231.22986524983534,4,63.430988030108296,973.0763192732143,16322.280031224484,909.9258542388559,207.8519668213955,785.2977965647352,764.6758323348959,12882.136042995535,277.13822141449566,624.298723710069,0.23513252498071352,8.489100464025874,5.778070214008262,0,yes
294.3356194700941,282.2434018946766,349.3656040422828,241.15666712784306,0,49.12160298044817,606.0567091836529,15070.602085679213,971.1874482268471,458.2622221858144,479.103223191059,833.8474136608954,11710.1989935517,216.24460908789933,684.4331390405985,0.27426819282126813,7.789766234279956,5.312795506605765,0,yes
241.85853638586664,108.28556538531954,169.7079911663173,296.6533163006769,1,76.98982741699307,977.8789685811447,17219.42659780597,950.381916453612,180.3182654536123,745.2940152999722,763.4066641874234,12706.48964812786,248.03539299422513,688.3963631895318,0.18071466599198865,8.944324353873117,5.694762697270694,0,yes
225.85583817791183,234.81706565267865,172.95520129853242,216.86191831070613,4,99.18520705926102,972.283846437616,16168.621251092802,955.1025801115027,650.7876274818329,323.82384429204365,941.4365910330062,10737.826993736233,616.7820866575883,688.5731250930575,0.22878787438545242,8.418282317371917,5.132772058807466,0,yes
278.26415453868674,346.4855350971626,168.22519971227268,212.19164608302998,4,32.31171329432741,670.6382442126846,19696.113476294762,979.5969493521452,608.1348822549537,293.10360381630846,759.9245298613732,13066.976778324106,505.2791182926522,677.088665781733,0.26979518628265287,10.117769857740482,5.935644122477086,0,yes
250.67654213597368,285.3001152576499,143.6781299776267,273.3169150447594,1,43.41283302549405,768.4486027915566,18865.8643968715,991.3957346281976,847.0885074535844,86.80641831383457,706.7021198154529,11173.946622860069,137.54325003512128,791.3509484019703,0.23854103842346897,9.725850546423723,5.029665752396466,0,yes
209.69184726586934,398.02056702501517,301.53510266098044,214.50162537144732,1,41.15831927030307,731.2938131446298,15640.40424174132,946.4562898120455,197.77716438934434,710.3777376536067,718.391292742684,12052.643737109165,189.5371798269407,664.4689243865636,0.2979768068329986,8.098685561413872,5.386285741795831,0,yes
233.38322462135778,384.4588161423603,188.08134012684093,295.4094025880421,1,34.78663774820782,784.0183646326878,17744.087481416376,906.0423985056311,522.6372459073334,428.2756177426145,986.9883868583888,13579.91631724702,820.0184244969773,607.1421835590507,0.28823373404108804,9.156685964427009,6.3551855550493,0,yes
265.6106969160517,285.71218436537015,150.4671623283607,258.3301732277829,1,72.49022682984946,711.9772469058395,19892.124818101882,954.8714606064871,497.9817121074153,409.6079874906304,998.5121264087657,14438.674425392437,378.1779830782797,760.5073798858311,0.24261061597040506,10.22144262468746,6.5408206447651995,0,yes
286.96770088147775,242.93311063681372,305.9719881105581,286.0171162791547,4,87.67226420376541,989.295398234678,17371.66330780283,982.7492341143869,678.2680936324754,292.05252450715125,800.3640449586428,12199.574859533921,857.8686457576741,780.4928259073139,0.2787505154842291,9.027544236145138,5.769073537187756,0,yes
251.3545322966123,210.09079931780286,184.5662172120783,261.92842164679246,4,76.71894107774912,738.293423141574,18113.721695218,992.0394705669371,445.770689162895,534.0287672154324,793.76824581084,11773.168164812256,210.7784629147348,751.2030229446779,0.23062985952583748,9.343185307117771,5.334444504231873,0,yes
201.121236658297,374.2219747540544,252.33237871717142,242.78723339850148,1,43.89970216566979,637.5990321071627,15173.222374502675,947.0852933592803,140.47100797160613,788.5571823184332,798.8009880986273,14137.911715303255,407.6019684768091,703.4442182668433,0.2835369878959315,7.844619990445729,6.347768056358708,0,yes
227.80104272143814,124.9847672831805,255.95128527841055,208.80636139056537,1,72.62311794321107,893.8013218833094,15996.269704309805,927.7425183313052,388.58100396148313,516.2393328355851,961.3331324779219,10541.811654543264,319.9471521382194,630.747032913466,0.18474840531045816,8.310413311226654,4.926420662834887,0,yes
267.6782845032812,326.88838686015004,266.0007357552653,274.6515746412224,1,56.55297821736429,973.0759549015006,15079.721450063229,932.3846995277925,185.39439733631733,814.3469266350701,730.4503644531127,14182.824171670021,897.3861310262112,689.317032243369,0.2837101834304244,7.870893571838221,6.542198316667036,0,yes
294.60040658008927,391.85821283805507,198.51311641842034,263.53035293263605,1,91.56319454371639,914.7161907760037,17414.57023124938,928.4300016410061,403.2127564523994,520.4576022329669,829.276355146523,14548.810534238739,852.3023085833596,792.8190118890992,0.3017879696353607,9.024411604099706,6.713340256742789,0,yes
204.0666728208489,372.9076365146944,141.02137542089366,291.0537811909046,0,76.03552524849587,685.7082764204501,18781.679506540808,905.3778258006971,127.72171961412842,833.9308804753375,796.0937731182476,13447.896691588252,439.90110018942124,631.7054388479056,0.27081377399293477,9.653661673827969,6.078658688318493,0,yes
258.8322218552587,373.68946004960435,341.11380710795663,286.23785920805625,1,43.095946697383276,721.5886179951572,17572.233770047504,927.6901147212448,553.773563427813,420.63367083381877,823.3907297889982,10166.852115196512,833.049350101539,655.2398671574921,0.3169597384570716,9.059882987703494,4.939261284926979,0,yes
240.4940724358689,267.24622146279455,128.71608759182934,215.27199983774386,1,29.46603145237395,645.1068792907483,17959.30590754636,942.5404784409271,696.2447761313754,284.4034096243554,787.6725724227681,14949.413855398765,395.7440251577555,622.0049254844744,0.2136780350676194,9.238675256540297,6.659590528559208,0,yes
236.67580844309725,345.59713756470757,104.28760902081922,275.1282903101944,0,33.66086347412346,880.3788375653944,17512.184445944884,919.300849643137,224.54823657442643,767.6930834480015,838.4171683418192,10081.443471265076,858.4894380811877,666.9808024106701,0.2481486309084217,9.064173948376144,4.925294728625981,0,yes
272.7286304040757,167.62373767491192,294.36159627155297,215.47183602323148,0,34.8725588802815,703.9733887699875,16388.70896674541,961.3433889061395,733.593651346201,190.66952261124743,809.7058771517063,14012.056063848702,843.7274147005318,743.4920051092298,0.20775477427974426,8.468864294533653,6.480887212191316,0,yes
295.81267267774547,190.92383094913225,324.13962231409397,226.58737099875236,4,28.24719099112789,860.7745451838293,18734.91946348372,912.0589144304047,580.8159089489944,337.5861467611379,867.571666931823,11016.27478581795,405.31401291109216,686.7149903525365,0.24334497221396809,9.6701226868272,5.12204619343598,0,yes
236.42562680035394,113.3905927843602,183.30596969443457,248.91945283162573,4,82.03749137728707,641.0816914712924,19889.699868788648,923.4955415698789,555.7623261780252,430.6093885305622,740.2824947981256,10971.954478483913,872.2585889965752,751.2064975860046,0.18787761647038292,10.200382567500228,5.258067209168469,0,yes
208.80185339932055,328.2083158424325,148.35342616774244,270.9026092047685,1,92.46184845561454,764.5173264406299,16711.540276350006,901.7511068459902,524.7980593999994,387.9497328950415,821.8680910066082,14464.925210800538,476.72415647704247,789.5609813210929,0.25703341561645354,8.635491346083176,6.524662336889448,0,yes
281.872350903452,268.6565815004084,374.59170701362996,268.5658169252374,0,46.453938305198136,824.0613584588353,16944.1972432416,924.9567403488105,866.076581598073,61.43800247303591,770.0593380067078,12197.950506265837,831.6542437960981,676.3066338261178,0.2774461276174536,8.768271136098438,5.7261249056549985,0,yes
239.3166064318423,190.14738040895142,167.96773114818632,276.4381168917423,4,43.90919411045758,828.3545723076797,15746.809758234966,944.8150615200198,10.327138397222232,922.139876508475,876.1276460215473,10909.000652998695,144.60375505126171,702.5214806405522,0.21658846792371433,8.173263726822734,4.982284505549636,0,yes
273.005086097631,230.11524010958667,331.26587397999117,299.62347970284327,4,51.014987830370096,979.468683362958,18237.08390810011,905.3843226998131,645.9355210337889,336.09867762786325,883.8742693880921,10427.647684808378,461.78616217707935,793.4707417879755,0.2750264475840039,9.447355750751647,4.938628094694971,0,yes
264.90467248773433,349.5861037977837,386.6745732513122,210.48094387705606,0,71.68576732664886,841.1270817414869,19046.48681121185,914.177223013946,86.49250963456409,878.9526826184075,979.862387974211,10255.845759559159,474.4586942242495,777.6993942239549,0.3016413361977119,9.821772061992345,4.9089713281141005,0,yes
206.74957291790892,160.79808729367588,285.51135712030396,266.0140049138616,0,61.06544768497926,700.970265896698,16684.941245950893,996.7463071013735,131.09358351665807,773.6657048758165,751.3964727743761,13070.665088980531,405.37009824388906,771.7574599856839,0.20831647477798065,8.621217649742011,5.906760253308622,0,yes
215.0453340356853,232.01425974987478,322.8472658341284,244.9831747552613,4,33.24177035091576,750.1680071239637,19624.447444359826,904.1056299111676,490.62899186295783,454.901414419684,830.123768874856,11373.912187891407,827.342983596557,650.495172029478,0.2536138097353111,10.08908387295945,5.417893999556846,0,yes
277.92684873868905,269.16464789613826,220.12163027675564,236.96039106500945,4,78.97498463440185,902.3068597523729,18397.78474425384,975.5896778744012,114.20673579362871,868.3255687511125,765.1874838221281,10493.333551840602,291.73730306041995,706.3724860122993,0.2600229312446758,9.519685888124243,4.837900487241382,0,yes
232.9434080128692,154.6734034602459,333.327408644905,235.93493207882042,1,46.30909481214529,998.7182951077965,17391.41332529713,925.0249436436055,287.10203059952556,670.6503975875694,870.129458002002,12053.85705934188,656.8960542485648,660.9445107606189,0.21486651319264422,9.03165183340255,5.640747653599898,0,yes
279.81135539720924,388.8559858068492,370.1569617538718,245.9341805440446,0,85.62596145739403,787.2262061504531,18348.49110600437,983.0730201101624,216.04425751100715,747.3875075005477,759.4595474316187,10358.006882419206,755.5331727495358,766.5242946435045,0.3247762773586263,9.470187915348225,4.972336405761617,0,yes
288.16954016242136,109.63978377417915,166.2722277576635,211.50817936975432,4,37.07855486208851,732.3824506609897,15901.286659484806,997.2389296335296,714.6068857914186,279.73694673005934,811.6402189635056,10788.430987226468,297.57141725123745,637.446718718359,0.1763833431789163,8.236382881072696,4.9694317741461305,0,yes
208.9609357098764,109.25583676136601,334.36259773628194,220.36695688573772,0,61.95952384602481,829.2131488109703,17621.055324353438,954.1053313203956,106.84752762142251,877.7425191783418,909.8965232293446,11758.714940778145,486.098505294782,622.553986165216,0.18873188433444393,9.11185690100231,5.468959760205273,0,yes
250.9655022751734,140.26932912140555,316.0727027102128,245.27274770008364,4,91.60152454307384,738.6607394574572,18055.344568860895,996.1087038018895,285.893190816564,618.662388673561,875.8308859260114,14259.844557878201,213.3416297513885,701.7745133097595,0.22749375317224435,9.31464262725651,6.346083377544712,0,yes
279.36274971830846,166.02333359279208,168.25146715741232,291.48223851444016,0,85.35941483887063,643.9671722039324,16786.358868888485,904.6132364081689,802.4940025352063,116.7464310662441,864.5613670995914,13213.348223690897,872.5077874812232,623.0909873800375,0.20428139911961238,8.64676193539427,6.178319832606037,0,yes
240.5178429454948,265.53640514834336,321.33866636890156,270.8142844201335,4,59.19329319748659,924.3659434022534,15756.855625125998,933.1160611188608,98.03821457130559,901.4767044232328,977.6902124253343,14256.064824845937,517.8804619882283,710.2220961065321,0.27836647509796275,8.198396085938677,6.521314983370322,0,yes
279.6173794988908,138.48043258062697,299.9007164794217,200.79641361386194,4,67.45478773288369,631.1219790462117,18616.09139137457,986.9319519078385,735.5663757749695,172.0789016943196,755.7757203079393,10474.425274505416,639.5115584512757,707.6977219125058,0.21523790463114048,9.570142105821265,4.955565119159548,0,yes
247.66315981804945,337.4573129404612,174.864106440725,215.58324298957777,1,21.98486210206207,640.6757784843458,16951.30056509215,943.1557073807301,113.46684636639904,877.5073597860813,880.8875197432159,13501.595391943918,212.68732221837638,792.712812962289,0.25102036310043463,8.733790139325277,6.068510178176197,0,yes
200.69871672720677,268.581716125616,184.64859699617566,249.75303931569636,0,33.85455090077529,982.340224052672,19072.81228507502,916.0001864828972,616.5230468755519,285.2100082265289,933.5194236896426,10987.4159616822,295.9101546536052,753.0432335224671,0.2238214814706672,9.867331759981894,5.099621223000966,0,yes
295.26655479103863,107.17473697869806,278.2478147375808,239.85635343136556,4,81.51735475858504,987.0983679814015,19923.43142259915,952.6209098245503,242.404199781543,743.0408162357708,992.4169125474025,13617.132717718177,887.4737040205397,650.995913610116,0.20994782043173676,10.298762057221346,6.409724612270869,0,yes
221.43683974216162,127.59457295102209,246.7784542426008,278.0837842526459,4,83.30559113278349,749.8445831376084,19251.287380326365,934.5186674398875,273.0524152337135,689.7389578287978,853.204259605276,10132.347283378742,628.5827273550658,794.3909418055383,0.21035270675278098,9.906591439718504,4.872423065531191,0,yes
273.7344731954562,186.4459677393831,325.66055158546203,268.3197866077048,1,70.91928209975666,705.5434198536827,17356.112057820603,932.5386987844315,561.2374210353635,413.92088909323024,947.8395169492627,11372.871643102644,576.943061626248,699.8924918371968,0.24077144575788373,8.948951349388823,5.374983369925806,0,yes
247.64034457029706,101.65211126733978,287.5079158799473,285.4730678435237,4,57.52374604939898,732.4958690311381,18500.84891897818,986.667504793511,539.2852902305075,422.40273089274774,919.857587823817,10680.754418529861,142.57089338564668,600.1198284593046,0.20966881577604646,9.53472277518977,4.898258507408324,0,yes
291.08570166639714,314.04326051565397,337.94458713652523,272.53096807826074,0,80.92107925106704,640.2393774961927,16214.890384102146,983.0444972815691,602.0909991044132,327.4501489886393,750.9841242046825,14530.95293061026,636.3267279592259,751.1356200516484,0.2945646644684535,8.370990929139765,6.583735289286607,0,yes
212.49283667622615,237.42938743244127,203.08837883671703,268.12036032397634,0,33.36955970695411,848.773231041948,16115.95003652788,942.8600313368919,436.9332567963505,531.9860389611082,797.3794734197933,10268.55593936651,217.43203271456036,708.1728983238331,0.22014937345428812,8.362152838633232,4.729499888982768,0,yes
237.76867406765527,247.5999498884766,306.61117043670504,215.24737155314526,4,25.12325796603828,702.1387213302352,18343.527931478628,997.2516938568455,21.438002762142045,950.1707010338115,870.971164294475,12416.953656143309,114.7523987875422,654.7371829226257,0.2525034242336383,9.450838167296567,5.570562678372052,0,yes
200.29799771521022,153.76159053319503,263.12004600975797,273.14436287776937,0,90.95602608194832,689.137997607116,17677.413582640722,926.3066205963661,284.0189452596506,694.3237493607448,830.8786641539832,14003.756372435952,536.9369297080705,696.9764309318338,0.2053939640644021,9.105141928476566,6.364606139041589,0,yes
212.25571400445256,147.25434037452226,308.9083908049297,225.7182524554468,4,51.316197791085536,920.2775147161924,16677.34565640823,945.5305796019048,270.2076501821119,686.0653767791539,735.415676963298,14151.382820682107,483.9640700898856,785.9320874536313,0.21498865085301028,8.65941291181857,6.3730448171352565,0,yes
294.0971436617475,143.79437703784734,280.88140549036575,297.6679096120119,1,28.690988771699864,704.0659543767301,18973.909911386305,956.0003635327074,142.55102431674675,852.9392147710014,724.4360008894456,10816.698335999008,728.3242886398485,664.5030975802064,0.2178959873020846,9.760748925067459,5.121863573644675,0,yes
263.8304514813566,266.8483202108258,391.038258650932,228.14947519093778,4,81.11419136723555,893.1146444860599,18387.92403120373,919.2061043544671,424.9732011955936,490.3220028634517,864.4018859961227,13188.196856919672,134.74873136546393,732.357035067396,0.2900022344524521,9.504916377386975,5.886926674530822,0,yes
223.9172878466229,190.56195797603834,310.29561704017465,232.32455747620952,4,53.19753644120241,709.2800151071949,15171.919703141552,908.2074123014287,346.8241269237432,636.6765542075934,897.9694703618388,14684.328818875345,269.28746449648804,618.0437270994784,0.23561922269662575,7.854349566935803,6.546970359609143,0,yes
261.234026758712,327.83264968459537,104.68866130221126,237.39095938028373,0,68.42412435112425,691.3930065839671,18139.12819054859,931.4610634386655,735.5636690745545,168.4032392725835,740.2007507613533,12706.256633753903,174.77752171197506,682.3057175359311,0.2410502744940529,9.337200620096054,5.6523243144067585,0,yes
258.6620471666931,252.29675507625308,251.73897710456572,205.58752542119404,4,93.3594633149133,742.5310774467396,19360.342709511286,960.9597340069521,644.6097177396597,283.79159312794786,906.8329909921667,12195.479635166692,600.810568722648,795.8041774269361,0.25269543107079256,9.96313559834997,5.703481154433895,0,yes
293.6641597344265,126.31769863644195,112.092302050186,201.45827134541787,4,77.23605698196486,998.299153673146,16936.199689300498,970.7637285738091,572.362672189494,379.93818943700353,908.8020387802713,13654.745048643787,789.1692240676806,633.945934262634,0.1759528515837883,8.810237256244447,6.3451934245376735,0,yes
243.40366136160728,339.75902449483885,313.619999627767,219.34858418472106,4,23.56963898545399,980.5459517125369,18254.2440021419,906.0974709526535,492.07805712996395,423.31052792749784,951.4250995219093,12554.730531630343,519.9028683490912,727.6078486901229,0.29210599176453006,9.456281517997356,5.8217945237121524,0,yes
223.53904636340303,191.55355147185742,190.49978979818752,227.32612174989097,4,78.05474786747686,690.0961440540193,16043.876468460348,903.2950555211485,363.63935909726393,601.545356030055,817.5846632626298,12588.216872529705,753.4742843263799,633.8818737388385,0.214134234025202,8.285439395578043,5.869584127399816,0,yes
243.86929175011053,245.81440508693316,297.50197700863123,278.7952294085703,4,20.165918306110584,742.207905265832,18854.848744977353,980.6125168817545,310.9631527282565,666.8281605776774,974.5733388029735,13920.971269541667,678.8506770811865,671.0132961577076,0.2628249811181773,9.713031508005638,6.442241142926111,0,yes
252.44139319647275,387.95546721615955,363.10505386393294,236.43284132056598,0,87.17963661637712,774.2617629666087,17492.071307774924,978.7297202667821,542.1612395350955,377.0385203321048,893.1853145304765,10284.050237388388,742.2224668535166,670.8163535634844,0.3178372184597149,9.038491516534897,4.972182736094414,0,yes
201.7672948105193,185.5764648108816,327.6316193249006,299.35260893786443,0,23.744545764078026,766.3587922966174,17834.60560939834,975.9410521696194,233.4657212399181,678.1761927737857,981.008240360071,13138.936237356138,435.97739004849325,619.9682341155087,0.22800015314188712,9.207616959137633,6.019075457971878,0,yes
294.0106494306055,350.4063718417192,285.5942388428395,206.08836088385237,4,86.98691683193034,632.7888477725312,17520.415924994348,979.8121572957087,86.09912188835868,872.9743903836136,770.4713947697559,14924.337240369678,110.97546654231022,798.7256015705973,0.3024847863539276,9.021681777243064,6.549150789637196,0,yes
204.5590974341448,354.6182295084543,300.195457474828,219.55561367722632,1,27.036962800691935,981.9580779792198,15855.538323583929,971.4653319714134,836.4864462621879,158.33999065331466,945.2503244062921,12965.392202633891,856.6296403657984,636.019549295047,0.27893625263856625,8.266227263460513,6.1171638507155786,0,yes
244.42974570245383,149.595698808958,209.49682514059447,295.69998146577757,0,97.83855591388522,933.0954668286083,19618.631303810755,900.0048375435694,637.006260832482,291.43109268572937,858.4305487510558,11308.277463228827,856.6106048558772,744.4844296597087,0.203952734257554,10.126751228787043,5.42472230009498,0,yes
290.1961700623777,272.4792670795196,244.63196946529484,219.1470856318753,1,46.01333333025614,640.1483702242292,18393.510343219194,919.4728794816136,510.1897593374231,485.36382650451515,871.1780631489038,12021.281892668432,814.3639330909542,775.9703658067702,0.2480986229380963,9.451533842787518,5.71156996191615,0,yes
232.70423977655898,384.4539406203507,288.410724312561,242.2972411819478,0,43.15317163812908,627.3924340340018,15641.584675193908,934.1325828791568,141.39051414994793,798.9385320481344,891.1961235758567,14019.056031101423,710.7004585447762,627.5441229741546,0.29464097351318425,8.07479827648134,6.4500053988025075,0,yes
256.8615309612592,383.36615035876616,217.1601694859997,203.67605227385786,1,41.34727120744658,873.6745539091064,16468.858346761044,972.5450360588484,763.6521296541188,217.31952750833216,992.4072095213949,12927.936400366394,715.9676460743467,722.2472181955395,0.27905826549512264,8.548313088576307,6.074204444499756,0,yes
262.67814107527164,297.99591634362434,374.6269567696956,258.4049791902382,4,72.08147729295158,647.2626505619869,17829.29791109581,997.2368187806717,159.1616617385424,784.8673518636332,763.4889891345641,11163.55727454956,319.9678532618511,624.8720533284035,0.3039485721129293,9.181695292091733,5.100589070110937,0,yes
216.4723147184187,152.77742032634725,139.97994892145226,277.81160307455303,4,91.98286258236524,811.4412437102081,18769.190709510494,925.389837345337,545.6976660676474,384.93283129499116,801.3902412201367,11526.536676706171,138.42175812121224,736.3692084353247,0.1994761323354068,9.678001588112183,5.20115780645221,0,yes
208.47590472294863,196.60929553590043,215.81072503394375,272.47504094484066,4,29.646214047188757,934.8921039930677,17725.561761198987,965.8981074905781,108.78719253748477,794.2411433371918,807.753985165381,14995.491774326052,129.23145606058162,780.612275782667,0.22226181045859367,9.189662038796142,6.589724037206617,0,yes
203.4438800250678,312.4609094833165,209.29850693977417,291.5020753176272,0,96.8671940312981,630.3765404441085,16427.260042202368,946.632526475801,749.5027840575675,169.12155066374612,830.8764540296282,13357.01188535999,506.58336912429905,695.7983024179182,0.2629213103043788,8.470002273822123,6.0853980977195965,0,yes
218.16840094143765,389.2588608391484,346.9077035264011,288.70966071869077,1,48.61769431060104,758.8620791319238,16824.26988126935,952.7012372106233,83.46926766556305,889.9846037608801,732.6855896802324,10327.42128281664,315.30693588046154,702.7581701676195,0.3203958329115954,8.697579552664411,4.766229803118253,0,yes
297.72347337090696,148.4847415431503,397.67733228605056,226.6003438993584,4,77.85459732316903,861.4782535358277,18982.96584551858,928.9418113286266,245.43430171522292,667.9518449217134,921.7511709840501,10055.53195645799,743.1137164790053,676.0228929501538,0.24755739940771576,9.79661397432438,4.892448113509136,0,yes
215.46047444248336,255.43642221836615,380.6706884574028,223.04149808264157,4,69.57766922165305,733.0867492064114,15702.498129552685,963.5240927251879,96.59037376177774,890.043110874558,758.1128530105034,11513.286751293146,194.4171827674313,747.0329552655292,0.2747787759144846,8.132478680394277,5.210077349354818,0,yes
228.51569530342482,237.0238606864921,256.1160175499619,224.9414724935661,4,39.489004544330015,992.1799506445616,18180.17262164432,905.9125903466346,503.25787083309655,419.4317568528675,948.7928641981111,13502.21253563097,253.58009884256435,701.1156383032198,0.24074919551437576,9.42190703498431,6.090701141810397,0,yes
208.96592401623099,274.4364673192779,170.5884241031631,227.46220594569246,4,96.77052049323466,678.2275773290859,17469.01357354561,915.3268701339471,278.38194674857124,644.0254867680474,844.7334420777067,14974.411312909397,707.8224572736634,666.7492590398554,0.2438462243606668,8.99704611895887,6.815090879646055,0,yes
259.19957865964864,242.16539488988448,151.9300224793736,222.39723415546314,4,69.12585627646465,869.1626787540494,19795.723293405415,969.9965130124107,725.0042018747039,235.278034159424,718.916770488205,12083.178950187654,504.71397820372863,691.72200041692,0.229063750695627,10.21037405129028,5.535514757389472,0,yes
209.4228050473713,275.49066061575525,102.24674364654383,214.09000338480215,4,55.74698496424877,963.7432879722062,15727.756469907366,970.8591087222826,738.2554212986212,239.54019396231308,766.2462018930386,11486.614530396184,644.5024597680318,632.9703438244677,0.2228245861219771,8.19805791507431,5.3664418978334245,0,yes
202.7458941515328,116.87173150096548,294.3888670881187,235.58882193605825,1,53.06391956812827,625.1119853579478,16784.388346113497,927.794924326395,358.85927420193957,576.1939386303005,736.6305304321879,11611.334670784307,738.7625949931546,687.2108522130029,0.18892536784010355,8.64483490006671,5.4434187720507685,0,yes
207.73417030076578,180.8295931334784,223.47315119022676,238.9381111102597,4,28.646161845081146,849.9727728858942,18650.35429237469,955.7439126418217,488.12409486419887,470.4344842263176,883.7739946699738,12090.809714606825,565.0232113222542,731.3168330276483,0.21055573931930976,9.63139700105715,5.633628956089125,0,yes
264.9202964537461,150.23766057670338,141.06912901076734,269.65155976319477,1,98.84023640181579,959.6176074240325,17116.465169288167,988.7726788069924,78.2471994988976,870.4588706775705,739.4421726993319,10422.338910622346,676.407124294785,777.4184031395696,0.19203177175625172,8.893942876898217,4.957836619041458,0,yes
254.0125990461405,309.2734705922364,109.25778534906074,201.42737685652443,0,21.335063419490616,852.3580183027806,18696.335910030906,954.5935604424643,981.4223215836246,2.769465905178663,951.4874576585255,12673.314863918604,758.9209711169802,689.5525847282324,0.2205155986040239,9.654766472188564,5.969297616859334,0,yes
252.29227838098564,118.6578079479906,181.777998430973,289.1983870686566,0,74.96770313009029,629.8373347570027,16287.616421257622,986.2093372076764,260.32731695072795,737.5117436181483,745.1042794015924,13701.903454904284,581.8624957252205,747.7673006097617,0.1828514015459598,8.405524607294888,6.236950629404932,0,yes
299.409470678063,206.09141779822016,378.1434034356851,272.2267256914515,1,73.5899826029885,919.9454978329798,15638.246003317274,903.8804278821061,434.77926790180777,507.0297778609938,943.7578204924598,13694.853393847972,739.264243863332,796.8523144304751,0.26349609341150887,8.134085582205929,6.375361443252581,0,yes
204.40540607677102,211.30215479411348,257.26353257863195,238.3721532954273,0,59.478779053503956,994.8173809136574,16445.12556169746,995.0550576201337,356.9421919535994,616.260101340959,852.7687026164035,11940.85649931635,669.6206748545078,621.3621312844267,0.2168448995359891,8.56725772825472,5.590643101573472,0,yes
203.8764360031335,291.19692583822314,322.2405468194286,206.8390644093865,0,77.75704668984848,689.2325358738658,16473.20962115992,912.783297600719,611.2809420857446,301.2713611727512,783.0603733015787,13952.354536377197,434.7237972793728,672.7595210967233,0.2577228354201937,8.501211210527737,6.271801898765692,0,yes
201.34134335523964,330.1186624570505,157.50449790866145,277.8202492958817,1,21.858058344631797,791.6400304369466,16591.833685681744,941.6135073550493,810.3683234575947,109.77515501652306,995.0133571270594,10039.373122435938,203.47936567717147,726.735983231923,0.2511943189909427,8.587126048818028,4.707052055728366,0,yes
237.95251499453502,145.30810198119042,354.87273826866556,274.2718019359135,4,86.06912401909902,700.8428007335399,19472.977198526278,925.4131280207412,556.6102035721142,393.87060794384445,980.5848812991767,10149.551327403056,153.21731992866958,693.309556783068,0.2407283708545609,10.005373527188974,4.724991874708474,0,yes
248.59034356716109,238.40160677576156,262.15357156297955,248.09022099268702,4,48.34028250466895,696.379784754347,17307.595831122373,997.6830014250547,191.8507672214201,732.715784538764,793.5664742375965,10359.218056924954,805.2508108543244,701.6692854798919,0.2507869363833165,8.931665726199828,4.992411033215795,0,yes
295.74150907980953,320.30536686654557,307.66195614818355,200.63414310842873,1,86.27655494444697,617.864659668305,18946.80174017683,903.7399949681619,249.1199124363288,744.2928117726749,863.9863095771536,10852.215571285264,202.70468552713464,616.0937546227702,0.28189713497990154,9.72117682191209,4.975018063195619,0,yes
219.16484270054977,240.2143264406796,319.80803080454837,240.24435337000537,1,65.96964932930871,660.6372910456179,15222.2924665307,995.3017050307506,876.4371307386393,58.93737463095124,700.8861252856033,14650.846626851064,457.7984970204192,651.8957524427594,0.24797205545410947,7.880846749666266,6.527944048902619,0,yes
262.3181553673266,231.83036454826023,186.6842285505059,264.8348749958784,0,89.68794882394201,803.1066157507164,17201.0999908492,959.3352829572414,96.79260852880951,803.3371887572434,839.0425681814484,12530.23069480689,691.7795024674618,782.1484508543317,0.2273481680795368,8.896755980808413,5.840964315780872,0,yes
205.17234612049674,346.9041038384703,361.96543566508194,282.06577465905195,1,70.0265161380106,821.2287641718476,15906.937624424725,962.263982420151,861.2562851045236,100.4654045394658,871.4416382046077,13146.058081098758,302.4384132334111,760.960491523491,0.3061875782029377,8.254132240265546,5.950134992622663,0,yes
202.07471928841045,190.267488338718,366.2506433260216,234.0335521646589,1,59.00451156596452,653.7705582930915,17967.600818711093,939.0128220934274,681.1699120468917,269.10259289791065,963.8667347746583,12077.700223282673,385.4205529223994,784.0318177190974,0.2330070359911769,9.244230516492628,5.594454930741591,0,yes
201.45739245673374,319.3950003707839,144.368823090034,283.1005164124483,1,37.238621102236245,804.1767396296505,18258.063201451998,940.2003296273707,921.1555120140139,42.49576586891851,969.2649996823493,12037.099813471357,473.78787405915944,744.0466495824023,0.24728136315420274,9.422844592736833,5.612238079377033,0,yes
239.854515850714,275.4938726181186,260.46944818111916,239.37783246526755,4,96.87475956782741,701.8742085283678,15889.24091851852,904.2114751633043,738.9901714922792,203.39309527324315,733.8902332274391,12164.58828044026,669.1570930744948,708.4529148336147,0.26854259059910246,8.210835178073165,5.639589901492047,0,yes
211.75068980325372,228.52924031095324,210.01041623902742,281.4727754968478,4,52.17549405944483,869.7259809151774,16254.061445564694,970.298240088239,369.989504788572,547.4753999129962,851.2750775801942,11211.957773173608,648.1485247178018,706.2233490502931,0.23891418585292556,8.439712032595741,5.293379143924175,0,yes
221.1216897403543,313.13593997521025,326.87384369474273,236.3914275953046,0,66.77487056348133,841.2173006650378,15634.142716177752,961.9748928250771,417.3213800903943,557.5111130014074,878.9388166090739,10713.570034551462,411.3527755019091,689.766571669241,0.27413159399286613,8.122180310659916,5.016086220307798,0,yes
213.93059486297767,172.01774576055783,272.4785695715135,215.62929679759952,1,90.45518950494716,781.7266345217347,17727.839817188935,949.4877149726043,725.680163722859,190.31043236630694,893.1155620630626,11599.285330353921,859.4089002273824,607.131066835524,0.20872252824692944,9.154002911977864,5.536350113920655,0,yes
256.52359738490213,342.2192711513633,376.0329437014686,257.48499688519047,1,21.171212257130048,720.6088981212388,19097.238831262788,927.6663691341594,253.17517920207226,742.0303723586485,941.8932734099592,12065.958890988728,116.21417146636466,692.2172594540646,0.3025574628616079,9.822166172208801,5.467312922358058,0,yes
213.3852246940621,157.03572279995922,336.6093676415909,247.31874123251714,1,73.42276825314053,630.0930314182652,18036.098812445496,973.2322581798367,701.1577265743105,209.73099844227465,929.1875558549266,11623.366617056312,848.5994523511439,771.4437137287348,0.21968314340127001,9.278025964008634,5.57704366304424,0,yes
289.1853339207481,325.4431065874421,288.4497871522119,230.8123697454387,0,33.373840961248064,667.6651192255832,17942.270916692516,931.8625833770936,424.99870045299906,563.2930714361613,954.8007144088235,13498.897675465632,148.1368909092805,638.4119707453392,0.2746641211821313,9.233623891916816,6.050395806311618,0,yes
205.0749912573588,373.5850365501573,188.77621150416766,271.4343971724232,0,42.33199711173873,777.3154552538022,18517.13026608726,919.6329047266407,428.6017711086806,502.6489113937074,859.278156435414,12380.611243084724,164.8504215631041,619.7754539976708,0.27260224386767223,9.543571921807052,5.5612601916812325,0,yes
231.8173896048091,129.20232298229752,172.40516571451025,204.2646520016669,1,86.4879708603912,813.6208786228937,15527.716543799508,921.9805856821266,804.048526866445,151.88585026502608,920.667986750119,12761.56337281112,289.5336890195347,676.0394262245146,0.1710686111582583,8.057285472630706,5.798833299763833,0,yes
263.8782549991636,132.84465775907188,103.86322763427685,299.5118898190768,0,27.08953233893295,678.2530537761864,18778.81737230196,984.2020945127724,151.58590596697678,789.7012638323793,850.7802065541738,12005.422491204363,209.4264582495203,600.9992219442137,0.17045323119191733,9.661427904742373,5.424544450257058,0,yes
203.3740606730091,149.74185461394347,220.180615805248,202.15093605760447,4,71.65581229906505,779.0860186701004,19357.5586475243,973.5192188112459,259.6602782297588,731.8859139237679,729.2521638308369,11169.252395300318,451.47157074336786,738.1084383260575,0.19496067922161997,9.971587779296508,5.163237294087778,0,yes
268.65808292270685,198.8934464134598,397.5433493069869,219.48020110088396,1,37.0364504375323,854.1481825750893,15928.524187141878,959.8286841351073,426.15895977453675,477.0844880004867,855.8449677009689,10936.882194056972,185.9481881102762,645.5802010556372,0.24545740139116312,8.27198496335047,4.990379955982693,0,yes
290.3445471852591,111.4298270986565,251.61006602156405,209.96379734623554,0,85.09331193014863,608.2350561400202,19444.1941096443,968.8060461735124,109.42573464265041,877.49358297911,718.5117234040712,13346.629057550555,145.47814599680473,621.2147245127626,0.18416969029228955,9.976706626860118,5.891471129649927,0,yes
201.6356054730475,180.0131347584246,154.66570849312131,294.533045977755,4,68.6806720123623,954.2570809460003,19306.474674749206,914.1722102768799,387.6586433302571,537.4422892244279,957.4981250513694,14275.863195387516,260.0754919630835,726.3624838557704,0.2118492355771891,9.977451680823222,6.409909361899123,0,yes
249.31904697485732,368.2198083168067,172.86228152947984,210.32349825918755,0,74.00695968254453,842.0023108468183,17499.268771153358,988.1182197838906,160.8203056295494,759.6933779638514,978.8883762886287,14297.0779717913,144.56324915796841,784.3218475801275,0.2646213272922756,9.058533719290873,6.387828396682513,0,yes
206.9975052328325,321.37837123797664,142.42617693191139,225.87700351695497,4,63.04540216240798,754.3296816113417,18818.481573360492,980.9499401006818,663.3042011152351,239.33222912930307,778.0936450518374,11617.53572231251,713.6386436545763,703.2374370149711,0.252184343115996,9.697579030929719,5.450115146792329,0,yes
200.6129332575313,189.65049266560538,353.52699141156995,226.08628307530012,0,54.68302008215737,700.5624093259614,18822.765238699736,923.3804737605641,889.9448731180427,66.82168022887731,732.0578819283796,12464.9824915929,640.9265282542373,771.6696756930426,0.223898395191273,9.679927637192252,5.758090532617582,0,yes
235.44516285638127,234.9765675237853,101.10678825271609,243.01854227993442,4,28.688196888115456,986.7107581061318,18911.51605000882,970.5913475756533,67.89769460293631,894.0869116946601,897.0845503948046,10939.178991818062,755.6940911530392,616.1340993730166,0.21206184420654944,9.795192410461784,5.239896987060871,0,yes
210.4857463180004,254.49101909680917,148.02913979255482,222.9094866294275,0,42.22026924290582,741.421108848314,15952.021566735377,934.3117595463677,875.5492188095908,33.0162385447876,856.3877756806986,12617.69076989056,581.9918659666405,683.662193607053,0.20777903895757313,8.255065486560408,5.827064437709849,0,yes
260.5241169514699,145.93384341348488,272.99634556868347,226.86386810238784,1,75.39527292639423,897.5272094761277,17327.637513749738,975.5042615179508,178.77302593599873,788.4320020864495,754.5213828097942,11339.798432323094,399.3143231634685,705.5278383442187,0.2046335267178918,8.983514938562092,5.213020590617342,0,yes
298.34738349007455,389.104632495653,205.88884853814142,235.207365725975,0,78.67800110467962,870.975433630007,16247.751606896963,960.667749155289,788.231862793512,162.18618071385868,984.7881242553599,12511.722564134743,330.0029184215996,681.4735332618575,0.2913516921861787,8.435510634371358,5.74068833321392,0,yes
284.92941508593674,252.11552298202452,392.32852372853125,205.5576295701701,1,76.95639733662216,631.8379832303419,19993.405612912404,960.2638743544433,899.6162398639748,47.01636830833388,875.9664705934291,12469.823528404564,557.999328381767,629.0582952393612,0.2699971756978613,10.255269839092902,5.764203981695454,0,yes
295.577120746199,163.83803798947724,208.65170332883218,226.51730521108098,4,84.44640950543896,926.9063870924631,15405.889834866972,931.8572352031097,965.4628583578354,11.346266504836763,806.5717180571698,12977.807351599811,505.5052416365934,706.0742368946167,0.21643380004729387,8.023320336540388,5.9329196237085196,0,yes
283.0801467691748,245.73839009534834,104.59548124023821,284.65480097281335,4,66.62213695126052,601.3104857194808,16337.859210888397,960.9078595547269,923.6186445960715,64.90169402317201,953.3838336709191,12006.539220142276,823.0791798137913,628.9377589843701,0.2361855992120118,8.42094565897006,5.721655243916344,0,yes
232.2029424636172,382.68880832925106,266.5028754089023,260.1267720142157,4,71.78055288492713,845.269262650623,19351.355238812255,981.4725629916711,184.74367351932906,800.7822973928114,986.5068592206396,12003.617863010079,403.2907409561826,651.1113018954684,0.3126545448490564,9.984391143016344,5.568307801955756,0,yes
277.19734074727484,152.23153088550714,201.05514529834056,237.0726172910925,1,44.10475226051851,854.8220995244981,15112.379734923987,955.5820114282864,833.3889917904129,137.9341940518235,936.6878429898463,12550.09151400826,720.1780982419039,617.2120156390166,0.1929828546257969,7.863479529283467,5.887326351891869,0,yes
223.04569315046115,296.79040225706,371.572596917825,269.57598264652745,4,49.49374097118828,620.4249449999417,16721.547156854675,916.0533847742265,60.17330423618929,913.2187144580917,757.9034489503495,12287.494748608828,533.2725798254181,719.8007037298419,0.29724065808188715,8.61078757134914,5.649776276672622,0,yes
248.80562159963185,251.80005154968507,338.7509978498684,204.92297037344977,0,56.28329066259158,778.494231536902,17252.846277180997,920.385904162089,695.1165535024063,301.13331317443476,828.260346698275,12238.585999763782,459.9410515123185,687.1244188548678,0.24785798587068916,8.911795153690553,5.6278753131121,0,yes
296.6298181017976,382.7970245115038,167.9222051373936,214.34438675811236,4,62.336948150819524,757.5116305484066,18007.454731801314,917.6368611748426,147.67325429051292,756.0621885483223,779.1211428453207,13367.089922281288,488.34567874198586,660.5258777380121,0.2907905029627691,9.284062753755647,6.05475906008857,0,yes
240.49475946706048,261.7131082516224,185.13160212945746,273.05022752953664,4,69.25360570533283,845.0123706578006,16656.346578183067,968.6917828024355,616.8070975070171,301.16968645186193,858.8328471119385,14087.000955745629,419.6840011977157,760.0293011579854,0.2513047467286118,8.635062279508466,6.36223709935996,0,yes
238.90067122478462,261.2805596671338,283.0590511987202,221.11626732785118,1,33.937141161485016,654.2654720228537,19983.128373251988,983.2438271273239,603.4098181760312,357.02865103647116,884.2760931738364,12372.441213271564,613.1050206721752,731.2313090183967,0.24368975616673832,10.25820003721149,5.765962853112129,0,yes
268.77757261784285,265.28149677514887,371.0364206244913,239.34549250407503,4,51.61696413769924,687.1073295428639,16973.122062498107,911.4535565831703,532.1334515398378,467.7455050016356,895.0457085813173,13762.599791804594,760.7496783541899,779.4572251315308,0.28453201707654796,8.75051925038068,6.397264529346043,0,yes
202.88714716845737,305.93212755017555,172.04776892100682,265.55437498383804,1,38.47337799149935,601.4283649437508,17950.504373271644,970.5679737605742,194.07640117619138,748.3139817099634,770.943780673409,11759.021866852985,876.5493971559401,697.401184441261,0.24425835600987794,9.228626731563953,5.57368385995283,0,yes
235.03941185258589,368.1014861947714,374.3500047182272,249.1950096424913,0,98.22783877557302,616.6761278332625,15353.760980000341,957.6577849280241,809.3375947016197,102.1818539440045,854.530974133497,13605.450547766242,304.0838330795097,718.5337336589283,0.31388691201694374,7.931787578485251,6.115267496854102,0,yes
251.83791536284053,156.8246742768019,292.3580921085735,233.7676840852443,0,98.04096782323859,720.1171972153428,18422.74110970675,946.6180241347832,803.1123880335934,125.64372717450306,844.2277062851965,12425.917089355624,287.8144178151841,680.431912126997,0.2119921968534361,9.487409384791425,5.630155699776089,0,yes
254.62527010309563,230.52752673043364,106.08107479385868,207.0442175057006,1,62.91111722617987,874.5965818330801,19770.144696890056,966.7150748326009,644.7345271575614,299.4793471081323,997.5404047880716,14192.799999787418,529.8886222152607,691.825006010264,0.1988083215475745,10.198359667241396,6.498684782925994,0,yes
238.96861115043453,100.85785430266176,276.77800918395167,204.31568200870666,4,85.15783904731721,972.2162198817134,15224.201934036815,975.9654338508223,224.6981463593983,721.4388636274023,863.886922927456,12797.801197718523,264.5267188323536,720.9569880418732,0.19335190935234575,7.948935633580185,5.785190644441812,0,yes
216.90075019943626,375.6312496495309,278.10217330940765,286.86570882040013,1,89.24926341733747,933.4686965233728,16558.595940215,955.9421978156985,26.48765809400227,965.9486985990246,823.3911857536343,14379.96032462197,110.3190445356966,613.8850739197197,0.30576322638340686,8.604481367154749,6.332500031722868,0,yes
212.35938287707384,113.56528525369586,307.1398016266737,220.36019353875332,4,42.6528129130748,761.4598080675055,19854.652435981036,975.5726108927382,178.04449730448397,786.676811986843,862.0294654672948,14177.113090065232,406.8729155269156,768.8009060743126,0.1990118737733316,10.216501953091779,6.402024019922537,0,yes
205.3705347364254,265.1945256999839,273.49693157573745,227.18373227514874,4,44.76974708239369,751.440450513202,18974.09897538315,959.2765500290881,294.6311422619249,680.9658025276038,881.631356128785,14739.650190966977,146.46978945253286,751.9031120540297,0.2536837385197107,9.77175437366326,6.529970921906732,0,yes
219.21531727198226,139.60688540715523,298.2294138240304,231.77856043843826,0,68.31616310034136,605.0140245295039,19472.764876039815,922.7063308843606,440.79202059286314,545.4962718798215,872.6931435511292,13520.976018028141,742.9405878594985,738.383319119952,0.19802157292063566,9.983956006275685,6.277198370160337,0,yes
294.5052961712519,369.8227888251124,102.81993478014007,243.57400023831323,4,41.62206803675674,662.8620982940187,18821.59073721723,955.5653128257206,240.31304738115037,754.4470983821157,796.7167824020328,13626.349703541631,676.2307718636591,610.138512423833,0.2755531747351366,9.675489153807296,6.246584488088411,0,yes
207.7371336985505,256.452913140457,251.03539803858368,258.0330738578331,1,43.237284437632944,952.8758555364108,16945.512833001176,902.2308546661855,47.850449887933834,906.2298290690519,808.9777321724241,13650.842122397988,551.0453083838436,714.740835752036,0.2399706947713148,8.795024173288509,6.2193211884230815,0,yes
252.16380249674805,171.08962958319253,307.68252753235174,227.4894710308077,0,29.338555073282553,928.3555611492827,15773.581717635043,936.71157220008,724.0069126189227,270.6038326458645,972.7552780811237,13483.590590168864,528.0881307341725,661.0211082614971,0.21091144057323094,8.20816284172862,6.207274566588175,0,yes
243.44571071889123,382.18728710683746,238.49864669506076,217.65580346227753,0,70.8183234287556,908.729074438013,15164.572606723996,911.896632375786,414.01915972860365,551.0053880562174,791.4639621485317,13313.517729603069,593.8748674433075,754.6583821942095,0.2836586444715276,7.8957886572461415,6.101319293375765,0,yes
205.8059196996054,307.5442758252908,386.870749949326,229.5592127290705,0,97.1484552011048,692.8762952519921,18455.847564822707,934.9295619653545,408.4918899711312,527.5480533875243,793.9503463222557,14379.936014008037,660.1107742406273,635.0875166177045,0.28441396278507985,9.496361713193817,6.535620768387807,0,yes
202.44489485151402,307.05263927356,312.81080358611877,222.7133315914879,4,63.0080062539613,895.836806153587,18070.652944465546,971.0259981470284,576.8078194719013,358.43224651553726,990.6137589314033,12403.65814878484,505.98207415075063,642.450026735678,0.2793190691500163,9.354020137274624,5.762977263918277,0,yes
276.0285143045047,215.98368814193725,307.3897341401689,274.2839242918843,4,78.68696634334538,874.1679199172254,17083.80456551566,993.7063198825007,203.55824286614967,756.1097457946594,982.4565852585265,11491.398650744486,142.99010561697008,764.5688289850352,0.26339229197797276,8.858827665544126,5.269095292256727,0,yes
280.79624273802085,376.591477920005,106.20146280495035,299.01870166846584,4,43.03101960913787,964.6365319408205,15349.508255133785,993.6381045835965,498.9253040185842,493.80843886839403,925.9231598185912,13729.858667415736,650.6298571452684,672.5556374554927,0.28846610297977615,8.01229253320281,6.337320189359184,0,yes
272.3972063336051,191.0397764597518,307.528707243847,237.01364926214742,0,43.85738965587625,907.9193711772089,15418.791789782714,910.3301926906366,569.1913871303823,335.20980889621444,949.8890588221602,10066.814807840428,362.8247508186563,770.0413846888937,0.2251502603704087,8.022500174262667,4.767321389461369,0,yes
287.32716015291805,194.91670905366786,108.64338328096753,252.21017969708436,0,58.550321488556314,671.2141091509549,16116.594869175997,953.5667327940147,229.63059776655294,765.9056908567657,984.9604908389715,12404.233412594453,108.22839416676419,751.9638919812314,0.1937008590104436,8.324544422271908,5.624609491168826,0,yes
297.9699180642409,131.453202729402,234.67762031348164,231.51754614221883,0,91.5148297957891,722.7494573451513,18703.21865404738,951.1859654668003,887.7153066130556,21.221628103059288,827.1000465130792,12585.133413505057,627.6533749952908,643.77456647406,0.1948773374925349,9.628856992584069,5.815404799860929,0,yes
294.62650569262786,348.17789042802553,279.74615666041643,264.3648001033838,0,59.970078480233326,724.1671618601647,15779.15918328643,990.1389196274449,550.0860113484015,412.94954975616736,960.7522839108841,11126.911937978823,877.0512481657718,790.3675828248763,0.29276025519773985,8.172520086655991,5.412150957840951,0,yes
223.32775892889774,162.39233010331128,294.8077379455748,269.48986013978583,4,97.34271869171451,727.6797071212393,19511.040115973483,984.6752632944815,462.6398107539003,490.13437000418173,960.4110216131269,12926.166564215993,746.3095219050272,741.1842465779014,0.23416304649030958,10.038478714968345,6.071453227508143,0,yes
299.89310372076017,367.802567017703,295.4645303632013,281.485709177782,4,60.037397516533424,899.5607005104642,17885.261691894055,965.0988282013152,290.7147278434208,706.7797787356976,959.2390653601449,12192.530478653856,290.9034081693297,739.9714358257303,0.3238540708748677,9.261351714222672,5.601388702534995,0,yes
258.23907661010435,378.54448088152395,123.71139815933446,282.83263677897367,0,35.405305279493064,766.5295380879784,15256.309879904678,980.9811572406404,760.7034979869151,207.6089665727726,770.4787847841569,11307.303827173762,320.30630098641177,770.4065889607426,0.269698607863761,7.919204198332808,5.18356302555175,0,yes
266.13479140559673,121.88550225143403,387.0523838040932,298.1156012968031,4,54.9269574336176,785.7583132506281,18813.18696717686,957.687132774228,209.07119960044352,775.9275101675521,766.0950263343597,12041.146278349783,297.41225608977953,795.5812117064634,0.2422124388272064,9.698702883633473,5.47185920610736,0,yes
221.37890488541348,291.0500449995169,396.7998263694283,229.04905408020701,1,26.186089186800015,733.5935180391053,15766.57911292607,989.6874722622692,600.9169485077091,388.7517847717571,970.5223957301473,11053.540009886608,778.6410115466932,631.9280849713343,0.2767447435185037,8.168248960048139,5.330085821465379,0,yes
221.74015626900294,154.0389674194022,216.95109572521142,285.19941532519545,4,40.98137103060937,911.2535738530756,18804.013390725577,915.8301314009699,156.20667122731138,807.3664763580056,741.8572189602993,10633.16472461659,298.53686116528615,731.7115899454375,0.2111056957207341,9.716620848992594,4.887953305858025,0,yes
234.70757932400159,118.83852957810358,346.99723828542756,201.71628859103268,0,85.56805412497677,662.4574112179821,19022.71824634144,945.930299016554,499.2758892574783,439.17374252106663,807.5050192994811,13099.691862185095,748.7721590698509,719.8501314457753,0.19758130039275176,9.774638813855516,6.075889973432687,0,yes
262.74576017151287,294.12104463903825,214.97872039331173,239.150824979377,1,40.60896283753483,856.1910913691157,16966.60204353638,919.063682655023,580.6811859825373,368.0644865176721,704.0672735861718,13245.322237932338,740.1128558804315,704.6744814577688,0.2506704761581641,8.78588794734658,6.088712052741448,0,yes
209.21199296679623,206.12621765869147,397.1850358689321,293.30415623098634,0,81.24656574577514,769.5515999172787,19911.767929076657,902.5372842142287,125.23798122719973,800.5529836088092,868.9357726071938,13573.398082367248,503.29636799890756,692.2514396913973,0.25708856491764187,10.236830398188264,6.186374532132109,0,yes
248.55912234961664,285.07534571162444,262.34056675411694,209.74648396489877,4,90.26509952856401,704.0497042047444,15246.285325723224,940.3250986998653,662.1028460566351,314.24503852114856,906.2927221089788,13942.840449954525,882.1423316619815,705.5545814882565,0.2670921385361485,7.8947775762230465,6.509343701431809,0,yes
286.2515225342095,340.19628303969466,194.0050694364765,239.76128692941995,1,58.12864926429605,851.7073197784524,18355.38861124231,964.7853251276335,225.00545668085354,773.9766311118946,773.9132937088866,12589.708187148468,817.0785107898498,745.549632328877,0.27020596876802844,9.48555088107208,5.8975466890079264,0,yes
218.999954620794,361.790525582505,131.41950290405947,299.18353618003493,4,55.39799928192026,920.5364545883915,15493.464982782358,989.8830770879704,430.18795704203586,505.6515403243887,736.6781327160617,13702.297995769251,205.12950713199115,741.7948656468693,0.28136289028001343,8.073653849143406,6.07369475607773,0,yes
248.09748279486627,260.0642366836626,267.49007738263697,290.97324874121955,1,72.00485315790047,816.9557828731539,19483.34538397326,983.7061260076949,456.0801357553387,492.9437935051477,895.264859655105,13277.908475031276,128.3949327908525,761.6704424958004,0.260008436123281,10.044342042871111,5.941133079254511,0,yes
263.1477105366034,382.82676087180073,363.75894903649424,259.4578077061369,0,95.71361369817453,893.6113526203912,16225.435255900316,975.6265161143659,756.1218818560949,171.64516530910578,718.6047580318465,13012.02341941799,404.4357432375233,763.9695400298034,0.32294906585594957,8.431542068762834,5.871919968713997,0,yes
220.2402675593598,252.2694211244416,153.13124103512007,276.6137087733914,1,86.57506450177382,972.8739835246645,19100.193776199125,968.3662901098476,418.9347216595777,485.0132142890718,717.798689076865,12261.159921568946,231.23338185138184,745.3482970574753,0.2294592433688508,9.886033162483681,5.496239198531883,0,yes
243.12670040906693,291.7645725312382,342.42112529200335,231.23130800335915,0,26.946301857889914,798.3623392103963,16591.757321889756,936.0390670378697,819.4517334855667,128.32004810146543,993.0216280356087,12503.577400882023,410.52760223873304,650.6567928613468,0.2654343235941101,8.587822235592606,5.768522375703918,0,yes
217.35549665364832,200.15256440973673,196.2035886803693,289.4412424298519,4,76.25801467663699,802.8422257997809,18346.46318879639,999.0555889810012,323.84647848104913,598.9658950404466,880.1825538083908,11018.130138241662,463.70528807054905,662.8491351473413,0.23013091929280566,9.474873847885844,5.148654479825597,0,yes
219.80551833329926,190.36493186788817,349.4494764887583,279.691137771122,1,20.474348002367684,906.945570606099,18974.98289374086,915.8734959066554,752.4258769540476,229.16627489449274,938.2004462568486,14754.78715655005,171.1568283783314,791.7436157334021,0.2362125775054729,9.801131469000161,6.5746703617218945,0,yes
272.9341183626201,100.27324363229992,157.07049392067537,245.5634214607358,4,44.30173043015862,771.3051643354783,15914.264024215006,966.0272358225498,209.52565964433663,788.607165943364,995.4457272211607,11735.491100304012,770.6674322549281,669.8747991793423,0.1765857750978141,8.2471756785238,5.615794299727957,0,yes
260.2442686785627,206.0671749648157,370.59460083344834,257.2208131344604,1,93.34777011669607,821.5742998141152,18790.089520389436,911.511435509949,864.120993613222,42.735543324225546,950.7638837532464,14726.397401401207,204.7149084418346,633.0437188487141,0.2565000653113922,9.688821593717787,6.550512424845135,0,yes
273.04135094856247,325.58329785284764,378.8086766269781,294.65883018863167,4,35.45773939600265,793.0703847134121,17841.762085899412,958.5092050635865,17.806693469529396,979.8058100688555,837.4237273483227,11605.793169672888,563.889147479719,730.7940423562653,0.3197785460455656,9.214733332188628,5.425961246081042,0,yes
239.4935192336424,173.58347768455303,261.14286370598677,245.57141115540617,1,49.40165704872285,958.5190924057133,18661.0938304663,900.0928559287586,140.93653733882195,800.0188445070569,898.0771734612902,12234.835501965606,821.6995076746634,782.5396963146757,0.21113730167113964,9.65381847099194,5.804024913711157,0,yes
224.2200145571362,228.53815640872335,292.47162670107383,218.28569108369706,4,78.0565031263973,783.9211958385989,18810.321757413036,926.2233199516713,107.74792561999735,814.0488237127313,933.960300056089,10632.32634991782,895.5343619995102,705.729360806544,0.247600575656133,9.69253972799314,5.194082211733975,0,yes
212.86298117594768,230.6767480893832,274.3247322081322,220.06476644701456,4,96.3546752967918,887.8868393554235,15542.521425861565,998.4284636323429,122.63085830659558,849.5179193212684,754.628478769577,10621.764838184778,611.2761149582274,642.1966631744729,0.2460496807403435,8.091946778499121,5.002991025836233,0,yes
299.94433070527487,258.7491037774907,220.97143982880945,242.48605728597227,4,33.79465637897246,614.1064415227701,18747.410800221664,942.2822351579896,557.4961648522102,353.80067603391933,704.7594343028763,10400.56324428976,492.6582090237802,705.8439925386352,0.25424213663681483,9.625938661758681,4.847126099682883,0,yes
265.7190407812394,190.03838424327034,208.22687476828935,295.4727980068983,0,68.1824215612091,637.9839732592046,16044.855451791549,921.4038683708283,126.88406239457242,841.9743614846188,908.2886679829908,14228.740040921883,158.87383779806052,752.9875106322011,0.21879367427593135,8.276998444458592,6.340444612121302,0,yes
240.18161627742222,285.1904059306746,126.26409138468028,210.8915439708975,0,99.41206727316217,601.6485751755583,15700.28761545784,946.5187663468777,771.9546323420232,177.5456824521134,816.2646857337476,12147.655282643978,505.29183598532524,617.3769474609272,0.2242433649297218,8.100252513744548,5.589241633970874,0,yes
265.78247621229156,284.5086523256231,295.57076091571275,268.8557935846217,4,70.79476646509008,966.8609414415365,17880.897093650725,942.0140529092755,132.81767764112357,784.7626229609152,991.8411537226882,10970.098737790646,105.27520839208337,734.8396991567457,0.2850636186656101,9.271372293022198,5.03951521731304,0,yes
259.38233328728273,118.4305700180882,138.47725321026,225.8720542999862,4,94.20118401862811,928.9921980797126,15337.40315790481,934.84790366971,2.181060107218879,994.1788200715224,944.4467624571846,12640.859292613499,393.59451599188986,617.9905990100514,0.18075049949451258,7.989963262599948,5.799672239470215,0,yes
273.8014660065197,110.98612064400015,178.6452124091614,224.94608845380847,4,73.6385640910681,711.6858663092167,18913.266742178454,959.8872014554313,265.79004350343376,689.5357283893918,731.9494489451371,12391.13945522138,717.761978977343,614.4826814125094,0.18486007192737475,9.73264034198907,5.738321302123427,0,yes
253.85697150073815,170.70556025875143,194.5234369127774,274.1259443467012,1,79.4064058464584,808.5360919947343,15416.37045508789,902.3863836984654,487.98606602259713,461.15136028843733,914.6583514596753,13099.458082897454,193.9413288803487,680.4033851327833,0.20796108695715104,7.997799112469224,5.8929890200146255,0,yes
242.80828076641583,134.73947683906397,276.452692564321,285.1522456392147,1,90.16091637909497,825.2213709168241,16996.668936630882,907.8565451002046,358.0266341390139,631.3247717838872,935.6500206246346,14554.346132631254,365.41724880107046,646.1752865473107,0.21212127129375086,8.792429684401588,6.552990329178591,0,yes
297.57554555922775,250.1533102116105,182.94078772361493,278.8990077856043,1,60.04772685199175,727.5061818877374,17243.75249183109,915.7424458559461,785.9740956782961,208.96765537125145,708.1785442516767,14073.208906702635,559.0579305945464,679.7620147899065,0.24147976459511816,8.895313554208132,6.352187747613153,0,yes
249.87702194131583,153.9305180018056,392.34298886245085,284.1380671728931,1,50.10270544211827,767.843343135554,18222.062324943374,962.6427112102505,855.8549145911727,64.00719237700514,721.9470237653542,10161.647310535383,383.7917616305284,607.004042443717,0.23863016325314587,9.399838831733899,4.703093398007264,0,yes
254.7592276742306,317.28642093702433,242.3317579464941,200.20568708532338,1,91.92275518540585,611.1056790751979,15322.975475716881,930.9816964881536,681.6989530469149,257.7611380205964,899.0461659555276,11656.76541179152,688.7465200000055,735.0792017372855,0.2630591442327703,7.911518169027093,5.513481585060858,0,yes
249.53230704394167,124.43677451238464,263.102899611157,229.90565291388697,0,30.360165219636414,635.5021133114316,17085.545600973546,959.8015938220852,162.95528449873083,775.2175327100297,974.9474709539697,11010.366032442655,855.164734546706,662.2981669502796,0.18361325423763783,8.802074767531927,5.342071330863092,0,yes
249.17864973637134,197.68815233243728,170.35147975706315,291.56545702244006,1,23.184817921178535,789.6420119054479,18122.783818131524,978.3636533435628,642.8672866619576,310.86929320328125,944.0978256709946,13308.279676064898,229.15473144620356,654.1906171614689,0.20974902157462108,9.357220863760382,5.999568499767985,0,yes
268.6995310549544,157.04158567340573,353.5556856287124,205.05553541234272,1,46.69644571153354,907.5990827062683,18561.71758311422,993.3062161664776,198.9664195551585,762.7056956615065,979.6018336161957,11707.222400145158,531.9978415328325,733.7364900794631,0.21825355879757993,9.605308990219113,5.5060649014632945,0,yes
280.6725925211696,186.32223531320147,385.75716577013105,286.1644823547741,1,32.82753281691244,951.7329014268015,19247.703243474083,953.2969320530088,669.3747782736683,312.4246535187408,731.5655937610723,11070.467392522265,267.1304196984206,714.7450947164532,0.25240065169096715,9.952852150248379,5.046467417228367,0,yes
209.58696663498714,113.35210879863791,223.3685528810907,210.00175583952213,1,74.9233617428657,630.9417212235668,15048.95448955961,982.8542352957619,117.70978194301878,853.764058947218,914.5298585738938,14589.686541012707,333.8920643027655,627.3097152532788,0.17180739391649652,7.785969589980136,6.541126237039571,0,yes
206.6725907379869,235.14262419818795,167.97555630072947,252.11177557268766,0,81.24326541499036,769.693182165831,16411.76173559498,933.2777128060586,788.8355703383234,207.9976484055603,729.5461785465452,13939.167493617617,852.7786022633946,650.4280329641502,0.21429386404731862,8.491061671571718,6.421017082499025,0,yes
299.6304017166641,111.5535876640379,384.4994733213145,234.69741478649695,4,95.28685277861557,939.1785591977714,17068.977422568707,909.0808246446416,463.4390293628206,535.353963837918,747.9557390701151,12839.301603814012,593.7131580504267,606.2382858156766,0.2342027626612267,8.854553022394901,5.879305248148621,0,yes
281.6435853682208,339.6784066907977,166.2500686288593,218.92629795902812,0,89.92830453556567,700.1144102346973,18353.41777271245,995.0898456148191,557.369953727618,416.2481490967898,881.3493815250425,14833.895127543261,375.2467309928159,623.4523843180791,0.2596953953592927,9.455037751182088,6.641871680608365,0,yes
268.3337973979119,187.87797216655252,118.39097791496305,226.02959540775956,1,62.046258949871884,645.5963597824203,17767.752930282368,903.804453884859,506.6116324925318,479.7124878458928,744.3664563014299,14197.439041050744,178.9032066099952,703.2346334494488,0.18963317686486172,9.137704277222454,6.266191477479648,0,yes
231.99391477038697,114.96550530226668,287.1299276868445,274.4340590057739,1,57.474547822658764,890.457146202179,19405.79992737144,986.0375204636086,248.43870263515507,664.0966378985988,742.839974828778,14565.363567794713,107.6928498593391,786.3346474464818,0.19872719421749188,10.022449880333944,6.38515356432566,0,yes
249.7582261165981,249.58838564616056,145.0199840533053,201.59365159069688,4,92.21863327964687,751.0296222317916,18591.70086831472,976.2572449499805,608.1796891809508,359.78084985177145,949.4785875548093,10144.520555042656,750.067602379787,602.0854563367826,0.22819997246809925,9.58280823350581,4.9397334005162055,0,yes
284.16508875694956,169.00370133782354,336.0381197067385,209.50663320339888,1,54.84282024739937,765.5722106395148,18544.051869134462,980.6791676062797,598.9962169154138,368.15114174447206,880.2831331984455,11180.07640977815,193.92542247557057,779.6132817060623,0.22340727059090978,9.562820821132814,5.127108960002163,0,yes
249.6333097514187,342.4801667649708,271.9616682724661,282.26819107705336,0,70.77858168453707,627.6638122338388,17119.988159493445,967.2928999299097,32.52629926026696,876.7252964027022,755.5039525791954,14802.34232410966,351.63504078799815,706.7253221541253,0.28816812169961664,8.81862123330813,6.571563426639484,0,yes
268.04444530991896,229.82606769740852,263.4615245395876,292.5883643018518,4,92.1425023597122,767.6994284272806,19728.64191695676,962.090862654105,613.0596812774003,349.6237531163339,815.9444564412196,10541.194871209926,537.3624699140496,753.2828411622119,0.26448591091824347,10.153020568926701,4.979071553885029,0,yes
212.51691449793836,344.31631087180256,186.96209402323655,270.1354459847334,0,79.07997065490017,623.1611466455234,17644.336657785185,923.091498869333,770.8090564465112,135.92897069244054,748.6681046205833,14076.966630964276,290.71301401114357,621.513092244683,0.26583097326688493,9.073740386415825,6.24277813423587,0,yes
220.15834610490117,166.6160582459018,200.85094856989448,217.005305453412,1,39.83653373505792,837.9171481770811,16576.79065660586,903.5238771551614,641.664056194064,265.02111621991946,916.6467581311194,14915.42587454668,665.8903759915614,692.2946197487702,0.18693405599956003,8.584748578025495,6.804701969999787,0,yes
234.677207912903,170.89461455495348,170.02163601839675,217.80210915217066,1,30.74751302224442,770.8279617292751,18852.044949474708,902.3473069035948,722.0061800848015,217.44520860607838,781.0892525367373,11293.39418417344,309.71028920101276,764.6705424497522,0.18333051755844867,9.707226611356516,5.1732674877308575,0,yes
219.8753598999192,168.22614198663496,118.96631007905701,232.55892351817857,0,63.483496060800356,667.5229482213824,19129.68102838409,982.3387446790238,256.7451481324975,656.2774730648487,981.9203547425593,10756.45612493652,816.0851962327146,654.1493234222695,0.17324851531616686,9.83425092524157,5.223152079350548,0,yes
213.15939706002027,216.3573209057173,253.95957655356744,251.39477896337124,4,53.77746599210133,716.1829813023501,15496.634242153948,966.8096733230198,261.5341885278166,658.5886408955276,818.976262252715,14850.112031962402,776.3187645102544,775.022922387928,0.23719883069248787,8.026269695094943,6.796484370273358,0,yes
284.7218152652196,312.55294549784884,314.3177785748427,268.71642638952295,1,86.40010509875698,739.0622137006349,15965.22444751824,911.7302952555071,690.9425427944617,238.52429893197268,811.4721007550004,14192.63684403392,228.88432434442922,781.5592396937495,0.29236297119336596,8.258054831735173,6.313670537890889,0,yes
277.48787538947863,255.73472917823327,174.24109277691758,296.09456625998564,4,67.05614068295134,984.4045120011697,16200.436919279982,944.8469585159175,291.0074665577361,698.2520990744649,800.7723642564918,11089.033308485117,512.8257813355308,715.4315775260458,0.25574755003930016,8.435573740228797,5.180978813010184,0,yes
276.5970454789974,127.54448284862468,309.10013118306404,207.87568380387137,4,68.7573195233081,779.6477199202983,18728.39668932309,943.2230385680853,344.5642480016293,624.9801102897834,982.009304629097,11711.230396648885,383.8498381784765,666.8957875656915,0.213900559171601,9.652957519356645,5.44163818358907,0,yes
264.04655221417073,243.22386382046227,358.3324080250048,284.90553124751943,4,56.38227955146658,953.1372171493125,17073.622754159507,968.7823792326809,602.0962355524991,327.5019077627974,765.4833408064268,11338.740451062577,759.811501496456,613.5535754889827,0.28228046701710213,8.868268725717908,5.343939952269669,0,yes
288.3593678551837,355.7273381467178,314.6598270942809,207.30628019893635,0,56.55671899507216,912.4502978977062,19241.12164572338,911.1059121803869,370.53186233476646,596.6307614672683,781.6417239865815,14260.28149950469,663.0772463758253,624.9222688536101,0.2901277916520011,9.934801997284655,6.486975829932783,0,yes
258.56821124818214,175.08258932396325,267.2108696538196,283.38174875301667,0,89.96281052391778,789.1440878713502,16302.90617599898,944.6225786646386,368.77625835284755,546.8981623508561,891.4419725750201,14408.038067486734,682.7779673300847,713.3678951799519,0.22402392784000147,8.44251931115995,6.602429036331811,0,yes
267.00138263464777,324.68470901234537,244.83924975236343,275.77770856300106,1,66.34914961170358,938.9770148647956,15505.0266635756,952.2771521541064,288.50228891796706,674.332783095808,857.193247339625,13344.382145097497,637.0939613642213,700.3379665350475,0.27996746012051427,8.078451687453569,6.149746749983685,0,yes
269.7391638822492,277.2134755218776,225.87438622457256,282.54132288458277,4,78.27923779955924,672.6843155533668,15268.239590948238,994.4327855099131,30.314549064440765,952.2546311843524,953.4234998567538,13498.841773051543,664.4996750779853,698.4507836196476,0.27238516870331597,7.906336838494737,6.263462672469145,0,yes
276.5190196126325,132.87424518281097,120.15155416099681,240.82270555278046,1,71.4132644672457,762.6790676493702,15007.69482614877,975.2174184229175,301.13558533489726,666.1590483047953,808.3227082480629,11191.61429710779,639.0018416598681,604.5411495473386,0.17315619139999155,7.793244621039894,5.257910274160946,0,yes
286.36104943591926,362.4139386893577,118.81001331668958,205.45297781464865,0,22.59227254726892,760.4164402458914,16813.83137057913,992.1201889311172,489.0323271315196,484.02331268150994,909.194833217306,10473.67815568454,889.1551477418851,657.8008309298181,0.248739836249536,8.698151382358501,5.118904782532686,0,yes
292.68839108472935,275.5905054028926,123.54226315342333,259.1008485043089,4,50.67280572903328,789.2684993307353,17765.007929879026,902.4834491874807,462.98906623909966,484.32460182996874,781.9069861569931,10821.842813029765,752.957735576368,672.0884333560773,0.24601741325622153,9.167830404434103,5.151104639055839,0,yes
215.06196561060966,205.87483489919887,110.55574974622488,285.9970436614404,1,97.03846675134817,885.4235047528042,16633.109398673198,985.4396625856373,580.290665004184,344.42327658902923,968.0030096963433,11800.218471270644,105.77450060140788,777.3965676784061,0.2049251663976297,8.634881063203704,5.3688649177154435,0,yes
240.35319524605427,196.4008448390009,398.6861827228401,228.77658764134088,1,59.456067869745866,851.8459216352845,15727.539850674773,989.6772037768902,357.425536604692,564.6920758778817,860.8383201980259,13956.226609825122,353.24028513564804,689.4161878714028,0.245786438861479,8.175100129221207,6.275368123098726,0,yes
234.51722367775338,183.89898550568063,174.47245524155542,277.08398044036153,4,28.017742386651587,851.0896560789365,17712.397443887552,928.3993610587735,675.8405480946417,304.90746153124815,744.9224561024286,14323.65344614898,120.73328144504218,692.7964909268767,0.21291552788305562,9.158914300975557,6.291482703092064,0,yes
207.93755638285677,360.4633638052064,263.0430907779358,262.3174196093468,1,86.74360495021631,695.4945494349957,15149.93857729666,917.5081926741639,889.731547601247,73.86159669881056,887.4943738082965,13559.733475516015,259.2117249600272,791.8522143666235,0.2903281067255145,7.84159692514833,6.109116078017655,0,yes
269.3635144033409,327.92505214414393,225.2315242081925,267.0108059566859,4,29.519364250718088,629.7444980896582,16256.940611810203,918.6725028900693,471.8938436739353,456.56345881479933,926.3335539735646,14300.876509219976,815.7388538527229,618.8087125319179,0.28325835434063834,8.380871486041904,6.6160348568406935,0,yes
229.2005351167288,319.3118853668223,387.8835521501515,263.976722621573,1,86.5115836114684,989.584097696591,18155.514649794557,930.8018472744941,277.31311444722417,659.3921030735042,970.4555719034474,13683.434945283114,108.54841083719906,720.2221060664058,0.3018229227755332,9.412381289798695,6.118287763397341,0,yes
287.8574587079486,323.6731151122725,270.8486272107484,238.30343478817528,4,54.63877417781342,949.5824507686013,18328.899244806104,920.2747302578332,103.01582382336733,883.4731056069531,880.3177774029587,11993.922151478417,413.3573467025064,609.4574540448339,0.2904386124653169,9.48842609392917,5.520668753726336,0,yes
209.12438289523442,396.80154291028845,324.19796950714175,277.09415237643,0,61.776060834587426,689.5440966548049,15076.150861048218,902.7525489849436,284.17140863393814,712.8431568195565,888.2201536928499,14009.30425378768,782.6558517438406,745.6691264022031,0.3130602451115148,7.8013813980946605,6.497081430047194,0,yes
231.4637294122903,385.79860418851206,369.782034959872,220.33437973030343,4,98.15644013807724,650.6800891314737,17213.38622290192,940.3881134750957,918.9833592887022,22.643463998188395,812.5646006864105,13520.133772797872,186.9024063308501,795.0043964457611,0.3298193035203654,8.866636804132293,6.0317791831516745,0,yes
213.10623600102133,312.4407839195835,237.46582439229974,241.1030482279939,4,22.21400948129757,935.2879852477604,16781.012080999448,950.5425833175552,524.8852165325247,446.4776955575121,799.7326689117541,11227.387741610359,757.6051363822355,649.1491799126554,0.26630143021623476,8.715362063020532,5.32261554671356,0,yes
261.420688329924,245.49336803073314,311.83819471969065,234.30904202909966,1,34.32023539496117,929.3448528151523,19089.9195164043,991.7616764334795,389.59881395556664,575.9760320069392,733.3861621189784,13727.492669886915,124.22344641894556,626.9961320930307,0.2486649218609057,9.874151429455592,6.039068398329371,0,yes
231.0436315680891,374.77592327639525,304.2403870077775,214.46504226391292,0,47.02521274143579,707.3166430170534,18214.931985187624,929.2577047042648,443.561518000746,464.29497424158615,988.4291561596496,12350.413067644186,609.4020744523131,756.7718008255147,0.28864614261695876,9.378301928309627,5.79351182275347,0,yes
292.06976748053734,107.2997947127121,367.1836618180837,217.91420179933894,1,64.71155436341677,610.741039342844,16910.170658873507,945.922137274556,815.7515826365676,173.10416602365058,718.4649228194304,13078.997407490802,588.9556800170245,744.3218983702371,0.20887842494165557,8.707087118511682,5.978265728748383,0,yes
213.1038009395633,318.3899603697611,369.8100949581951,210.14838511533486,4,64.59179115788217,812.6299421136932,19937.29515270771,968.7440809657573,590.3837507907855,365.4343681448199,874.8609790799674,11982.425068020993,436.122534084694,754.6610798086658,0.29428513297105113,10.268280118245501,5.53787148412072,0,yes
275.58859081214575,392.191848622147,172.81239892057695,284.67214763970344,1,79.06566995104451,812.4776074397009,17510.62858764678,920.9374504675122,179.73538508641727,769.5036621697144,940.0044858234912,10204.559494526533,879.2908925291248,791.0125940501555,0.297029652773499,9.048343007256495,5.033992919004364,0,yes
263.5852348697617,284.75880475150063,127.88814133999848,252.49118627428325,4,53.17172280447784,800.8800369595054,15458.477572475747,981.4096096866099,742.9843930373626,178.95805605974613,943.8804020577936,14219.019071589551,429.0622614099303,794.1157184173325,0.24586078017561327,8.02799614353198,6.457906322040007,0,yes
207.61205720192146,282.0368063452254,283.98718273295833,261.8063283999769,1,94.62518643646521,803.8484448632804,15239.546468579068,997.0437250846834,958.6584810027432,19.360616332047243,808.3688316743826,13322.92922833889,400.30722698619525,624.8159022142137,0.26399423923876836,7.921360846390784,6.019103863972264,0,yes
217.24953890607486,205.83566838317336,384.32252385364006,229.26893346526273,4,27.91151642108496,658.620112111199,16883.37699309545,984.4810293632725,221.3393489518867,718.9909714339266,705.1851646828004,13422.69964584297,795.8082252837801,726.3401880991048,0.2519029648129109,8.709447620990492,6.184096889684988,0,yes
283.4500777155469,282.84334177200117,369.43392641066487,256.964373939708,4,74.59802250432718,988.6739495144511,16627.526228742,927.8482806650316,245.03832498072714,675.6726497602459,886.4220703688864,12752.916803530159,844.8560925229752,753.349501376306,0.29950681372358035,8.647772116838462,6.00919319584646,0,yes
297.57212921570846,271.9330162319584,335.2715204145017,244.35471781144332,4,24.1237467936911,673.6517843903355,16302.642918449606,969.4001118266115,612.9353832584121,331.67088191005234,755.4509598564658,10458.856919909644,316.8611305315718,708.961876909797,0.28123332478854796,8.420285338186037,4.825375905040991,0,yes
206.74279010039874,255.60780867414474,396.5558790673475,263.7879320846892,1,51.995655937909845,625.5345842422325,18448.711732871492,917.8127983469469,721.6930256955209,205.04375556154605,851.4051017185866,14939.915147696658,891.4696748273423,752.0419032723971,0.2708630932223711,9.475722587402533,6.889282072874473,0,yes
204.821699439126,167.7939483888715,102.82932698247471,288.7233497376735,1,72.84323623417627,788.6426162825044,15128.33391737443,950.7616893020516,921.7368582166742,56.74634560357583,959.9950115571435,13665.176922415925,113.5767176895512,627.7756294436031,0.18435770031469897,7.855965529784201,6.10241211483242,0,yes
251.39920987220057,168.7753184496408,123.67895973676504,244.65113873540056,0,35.76895627759383,624.3891979796206,18715.607734904548,917.599210148122,67.27204096068915,898.9235791733342,711.932411024964,11778.194700996688,212.48220198423235,742.4278236501842,0.17732880373183976,9.608892008013115,5.301356806836052,0,yes
228.3451419412736,160.5680925065839,361.0828327831927,202.53496549932945,1,21.80411502933925,622.7793047540354,17755.129253234743,983.6241669336453,680.527817342539,313.6012896643906,700.7122458993315,12368.909901555877,709.4481219703222,659.5916905281723,0.21243484627124112,9.137385989480126,5.724874654353954,0,yes
255.76096755819214,398.4174563679867,218.38265618039537,275.5314613501402,4,45.28198462026245,913.2993730483985,18760.27939169935,942.8146669696449,144.9525427407203,843.7769594069902,703.572437842818,13019.832838701273,797.5747802076822,606.8302589083592,0.31204970785992237,9.698916835460128,6.013989875290945,0,yes
245.87446619822308,308.41188186004706,225.5007910769702,264.9283766497059,4,35.83610018321548,866.935707980423,16086.034242104277,985.1361352987941,707.4864770535348,255.07446840294665,720.8559077073902,11761.245690936103,360.2186442934907,789.0709481444032,0.2729131683640841,8.357120490488292,5.362954021846768,0,yes
283.05259110755816,265.19152560355997,298.86455238153496,217.42488793838925,0,68.33565708931415,768.0757306010746,17823.918281633978,930.5964727216754,584.4694834659197,324.52301949902915,890.6515321307442,14786.580657406827,421.9555731283907,655.0839415158424,0.2535866188550568,9.196413075208259,6.640614774471251,0,yes
229.3524532811975,260.52460179412515,113.01336825162008,208.1999508799445,0,53.625772662482795,813.3741135753373,19435.573947996367,938.7828250915584,202.43507181430329,710.2003095297,816.248179266947,12186.348385984318,494.1920460138891,621.3527882629459,0.20406321537762956,10.01346158131798,5.595738612603967,0,yes
271.3501023734246,396.256205512072,366.1381751491358,286.9926416169559,0,81.35996780399964,867.1902521559032,19710.28419947032,904.793214936816,302.12940542000325,665.3821022070686,727.094955698927,10579.717407929113,411.87713470217136,791.6196251780714,0.3335365677260566,10.158261193717786,4.914525568720965,0,yes
218.57449782031478,152.5717687070878,256.9998259973544,224.84713138403026,0,68.67681478203681,982.8315735327865,19252.4291502605,931.385744476888,240.8383323411986,700.5795301777918,716.9740054086582,13863.108745609956,643.7578629796437,725.350228750804,0.19353975491547634,9.959359381190412,6.304174155831533,0,yes
227.90590562461338,381.4384853606084,182.5290859902172,201.19285530349933,1,65.66106051926441,848.1090791244858,16553.38246037829,904.3773860702819,848.6934137198019,118.12932137373787,921.2954633720606,13777.780239897358,605.0669566065419,677.6152777324239,0.2702607054698894,8.575452478555222,6.333492690591799,0,yes
237.68582753269573,114.5772535993683,319.9322888934998,250.56855856090834,0,89.07894558350661,888.8751884893693,15483.193138707627,933.0114837727888,897.2637536366118,29.064245405670135,998.7047434599315,13539.191934220973,552.04168123765,676.6900836031598,0.20105210403984974,8.053480044492856,6.242122537740022,0,yes
280.18233272737615,322.8099349694312,338.4827266219917,243.87812651229942,4,98.18161248770924,680.567734562109,19209.01534253038,937.8924746410753,72.35506343876123,845.5687397537175,989.2961714768508,11788.708370222983,287.0685772099247,659.3642094284207,0.30923788785793005,9.870650398290383,5.428750480080766,0,yes
202.1785334895721,129.73738085265353,263.56984046363283,239.10211586206879,0,86.094723182685,856.8493997832,18362.645803938976,965.419455006909,748.8047228260848,171.27493772439652,943.679050856123,11634.883461453954,506.188287811852,706.9850827418358,0.18869168962925809,9.490425371658318,5.4431850630603975,0,yes
243.14011744621502,327.8517415588193,194.8872022186669,294.2515894291986,4,24.265327736221067,707.9035094574293,17758.76407231081,998.5586145389072,880.1489933625643,51.65311829441157,862.1996372654851,10109.940614444984,780.7408294459533,688.565575503924,0.27863123581926486,9.159906328918353,4.909612736215333,0,yes
290.48681826212976,288.9617904083193,285.66147608706774,265.9188622017455,0,21.886245229302588,828.0779980295436,18124.99014460943,919.8500196257684,868.3616843824308,127.21994823928935,950.2972288551692,11030.958785401439,651.1418766243851,628.7684521071818,0.2652564596523778,9.358869346867005,5.262370823376847,0,yes
292.4512417643968,239.88380658486048,343.9007110411386,227.02915939763952,1,91.64188252316413,711.4217565983173,19844.913036254606,966.6830783220774,486.52124921180587,426.0621470671299,783.3524318469136,14942.234645279845,678.9136121486401,727.4730453385869,0.2625130021308186,10.199342556423916,6.772770293402186,0,yes
285.85533362289937,259.9466381795678,328.01887327519853,221.0736783774689,4,82.5621603720952,707.4615060887655,15323.700709389304,974.651300741143,3.9543761418125754,952.6015559023358,864.1337406716564,12304.945979322016,575.7643742354473,778.8708212635223,0.2761930797899892,7.93896487693697,5.7217732000150425,0,yes
272.74066359058065,254.42628495582838,101.48781482990753,226.87097354677417,1,28.11830835573077,627.8041461713865,19720.157650181598,906.2524157642015,440.10304911920605,549.839189521157,863.0245891864072,11676.408153921995,696.8239163589263,609.749420413605,0.2093335401255853,10.110360963173902,5.500649200125397,0,yes
231.12772435564497,304.668262352994,218.34406561232763,205.384020126592,1,30.001127075487204,937.9140945711176,18469.99630993895,942.4997839458688,602.7525677704065,340.1285839039234,932.6342698412996,10780.2911877258,593.2037042193291,649.8312456661674,0.24347860483347233,9.559349096830625,5.127343060277813,0,yes
248.2954496845895,137.66525504343315,369.77921785408495,276.9108199716064,1,90.00463895602189,965.3833551668986,19196.46499928581,989.0704273021476,813.9372700665759,170.87497650751504,828.0028427474888,13916.855861370355,137.91642634031786,614.7071247155206,0.23098260625992162,9.935309149340252,6.159192329844099,0,yes
232.44677764337678,290.3854905421475,116.59155632577429,240.4177369104006,4,36.67543893232474,911.4947178012351,19032.665238747584,965.8800267539732,77.50732162750349,852.0392134111731,735.690737822998,12407.807422808282,508.40434716420066,636.5617587846662,0.23742718785667605,9.837874444406047,5.662085493814842,0,yes
271.40484249157885,243.5952026366751,354.5245997688237,240.55536250419786,1,66.35675129356105,610.6592311777454,16649.69428901658,926.3258129074179,330.46262622013893,570.6047384844198,884.4410850667142,10703.292529766597,135.83319652647327,799.7981603268524,0.26298254604896115,8.57414269868712,4.90845844027017,0,yes
255.362590586888,104.4778025966031,189.43688434511856,219.63423462225873,4,92.98658586363949,623.2687282495249,15292.434549742762,975.4764780163785,535.3914412978023,395.2378382018927,903.3494967321476,11872.398148123139,687.8848230419504,683.9949588268555,0.18345253917617982,7.905017874068052,5.5931506294481235,0,yes
277.48568888893817,142.89095428931753,106.27305322456269,230.7093993103759,0,97.86016397488305,600.0087346130805,15287.22441212961,967.4623261966103,653.8008620244938,304.3795513718777,937.751179343325,11674.837560102374,526.687910745181,709.240942520802,0.1718126987775533,7.896249785248375,5.4705235527821845,0,yes
207.92873418605538,213.55438607953155,112.87207940998869,247.8157491390387,0,92.83613197977131,728.9442706243289,18881.877312988523,939.7738108195005,222.6974809749891,700.5421932965703,762.8407537664132,10828.960107363642,619.5948321482527,600.2372014568404,0.19539508518006338,9.717985180996568,5.080277662837312,0,yes
202.0949756360694,250.44041534190922,162.44805515293615,273.3370862351564,0,62.56888409987859,993.8132778609078,18435.10966067437,960.1326749869319,914.2459188838022,75.63956054420112,867.9455625676349,10326.320116902643,680.1052983860884,730.7261098586746,0.22062702744284113,9.557187581610506,4.971786062038262,0,yes
275.77206795191955,375.7977107846602,278.7252958388183,239.18785607856313,0,53.24515515998755,973.6886440866764,17064.286468984905,908.7965794163371,524.9979211089267,403.631931101233,824.4693576946951,14140.07048245446,102.46038356531866,630.2277555329848,0.29533482758992163,8.860090558173852,6.227170664894541,0,yes
290.9989587293821,361.155061281531,360.16144561293754,224.68994668327798,0,99.41561034250314,628.8998240953784,16051.82236639579,999.0659876625871,148.12407444021122,786.2748304385494,808.9408294781458,13697.772511977335,892.424504713444,623.9505230519435,0.31059952391458023,8.289206857655321,6.359996239709197,0,yes
224.42836304183666,252.84877620893013,381.24018069982344,237.93704732765954,0,45.756895984987544,779.2091887571106,19817.919697502737,992.1102475582368,891.0073112993852,31.450381021435078,904.7688156281018,14365.794588470231,111.35048421312375,739.991446847626,0.25897465906309325,10.20436961562537,6.366745253811827,0,yes
224.5218831749293,203.11047855820914,129.588889215073,203.76952469580758,1,35.64943521186664,664.3660007498117,16647.716458275285,953.5731763135877,856.2231754790798,110.7288766913698,843.8461305784979,14203.555159892287,551.8457246247003,600.620445921481,0.18465703814843293,8.588606813050815,6.4414754819701825,0,yes
229.1072666881819,170.5455056250654,140.01475147521046,218.178103724683,1,78.25001095828613,638.0540721921441,15124.693171335117,927.8387151819081,261.97151933164577,640.666895586791,850.6177381525943,11254.415763796867,245.25086105869337,770.6374085428026,0.18253222943765254,7.817813478834422,5.155462780370325,0,yes
244.82459500594723,313.3400057365554,309.3441346065681,267.4363671532867,4,68.20895927883477,717.8177104852804,17050.132853267292,987.3709262724182,302.50812207185675,661.1247259618946,981.8395222628473,12479.256045507545,459.19293663714694,602.0242974386034,0.2960911824389,8.806222783009922,5.7696169970099955,0,yes
208.9440880265095,165.3676843146423,119.37421176838382,261.05484551868943,0,96.98800262632402,819.3384342507653,15799.287274376364,927.469073941957,353.7006667567594,632.0422301383462,924.7882059781919,12505.231073054943,474.7501783721181,684.0409458351546,0.18071899569886524,8.195102049105149,5.777205039121665,0,yes
245.31027548076233,331.21253958011135,212.54496814604926,282.7885372600119,0,96.19355865903603,639.1877327420519,15138.777265068084,948.4765252741066,699.24165646585,235.91377220790662,927.0810668005938,10172.494394966303,421.3124431729435,769.0008219844339,0.27453120977643714,7.827935214883412,4.827932662581735,0,yes
229.80690743409895,329.6405898865571,217.00713885473664,299.97087788486067,0,40.083877906457275,771.7646697251441,18811.357510902995,963.4320991477265,526.4888628584266,408.9013909096352,833.3086927434665,13585.03204580319,780.5672072674353,613.3004172528716,0.26921786061181074,9.695466538531928,6.278650068508684,0,yes
282.6722467788165,255.9092269636451,372.63963865688424,283.4857282051835,1,87.76417336371298,888.449704721205,19092.95362219508,956.823507268136,754.9525272860894,225.37279241186366,954.0887444941966,12676.671627163583,753.8046989860965,607.964466096259,0.28423564524143596,9.861536168695475,5.958407782792328,0,yes
216.67781746988655,195.85894287798106,374.0215260698066,264.096012150242,4,98.19001145536316,845.5973457446107,16755.79900056466,920.4351239863161,704.5153651137089,221.64210364605606,757.5852770407099,14589.423350916739,181.75552051976211,631.1808029764826,0.2615805927985617,8.678288826014182,6.411662197007329,0,yes
285.6487951784259,186.29421200594066,304.42668179884197,232.19727174271668,4,68.75195011264691,674.3607999288973,17919.615974543667,957.7142995040128,157.45972037782852,812.9654841459683,807.0726825327278,10102.609442989406,321.43599990272446,648.7549814222285,0.24247579930392776,9.227315508621368,4.700991408081251,0,yes
290.87147910780965,151.47251205145963,313.22461100690845,295.6248136064105,1,54.89742652856975,956.2400746739922,16690.879205423545,995.9405917428707,860.0704681602876,45.149603803961895,773.327022011402,13078.129641833759,505.0891653857552,665.9267411481371,0.22991225694305378,8.681368659115128,5.944466202441495,0,yes
208.26067811688702,313.56323030487897,182.00098164763733,248.94615457797056,4,24.219476272946785,951.7109578868179,18706.070461238844,902.326500562166,563.8107583074409,407.93254028128433,963.6714272166766,13222.287587238574,317.5561728373957,764.8010749319999,0.25686650304433234,9.67504884192635,6.025460305417153,0,yes
281.77020673308596,205.27509795627248,221.9545536301918,264.4191233849273,0,81.7496596006105,742.1283375626025,16169.527750355088,931.7987207384182,796.653909494838,176.76089361915808,922.7306285614924,11331.79328652234,742.3146279442867,729.8052121414768,0.2251610637660402,8.363630478302607,5.418371242196147,0,yes
291.58381814202414,386.901177150322,268.941183655088,250.10706147390047,1,88.6308749839488,800.2574769574699,16259.447184173234,955.4650778810931,201.4027840761447,746.6713612488777,754.2178479409187,10359.013649541937,608.7374305997035,764.811726952609,0.31045502109378714,8.424760205712536,4.9095810709752525,0,yes
299.0232767771987,155.86759986891911,153.82074844380844,288.9416331657309,4,97.81013823162971,944.9716646496679,15935.430132601843,926.5348805808718,198.731853114943,714.8985666700675,725.368646979982,10089.772239563463,201.60788128134266,717.456851668619,0.21688187134323392,8.291491794436073,4.616486740259642,0,yes
252.40620092618357,178.45841289854553,228.10575043452675,299.8185180246368,4,38.87489111768565,718.5040569269446,15918.394758161046,913.988413564938,694.4316763666175,240.87782753133502,761.370503543304,11224.427504212803,382.9927676652234,735.3168294630522,0.22963857053773612,8.230408889485329,5.162636607750576,0,yes
214.8807288848005,134.73754250008008,156.52166128162457,253.6781083755374,1,34.95755248981864,861.8192102985565,19435.955138655794,992.0702418653448,694.1402054336895,239.33472472311655,926.4929465211383,11509.387822107015,468.1868683285968,622.0640956365414,0.17137184542512346,10.03188740136052,5.361595073912692,0,yes
251.81755869640565,217.5436085642287,167.09810118981727,282.8794185476767,0,47.33847760539308,725.5267640116273,18981.911545275412,997.8390441759656,336.73418097530936,579.2471367749056,834.0123127541322,12623.500827375077,629.619435794898,684.0892103442108,0.2146726234655425,9.775264788044625,5.840558365380794,0,yes
232.14888030259675,100.44750600796746,233.0762427413159,220.82643148059,4,71.15537418450933,776.9781995502015,19059.018392016496,948.7584737674953,603.8034951352466,324.2079862395782,887.0017253196504,12638.139507015372,899.3396147970037,727.4829238446553,0.18512719746626713,9.81843531010286,5.982873959860285,0,yes
216.6715675980651,110.82915763963595,199.21906749132313,275.54214912803957,4,56.62212651293429,796.1484398748017,19905.404225861945,974.1753487900647,909.2015385620368,75.04934671408057,990.9288773239764,14857.036821332284,619.5417175557074,749.5545703000314,0.18966988624558007,10.249402843551595,6.810758613640774,0,yes
271.8389819900369,338.3791401751986,274.4587506909769,274.94786479925295,0,50.8033152894124,772.7227342622197,18415.941753417494,957.2247900136625,200.0611711280195,708.4025772136932,943.9887759328351,11653.934001320678,733.2650838856989,745.7121171891487,0.285861238056615,9.497116031683525,5.545301939632316,0,yes
297.27746074432525,318.41651746186557,151.02944912105352,261.1617227116406,0,69.97005761456315,862.9923205045814,18775.91634839479,924.565412042565,339.3484478354753,656.1830795725432,955.711714239563,12234.892234605397,638.8514245780875,799.8188807402643,0.2560649334498947,9.692831446716808,5.763807787861981,0,yes
278.1439262470218,349.43530151848904,343.7897471950192,273.5926726125964,4,49.884919885449094,970.8825518430435,15756.178602101927,919.542441846351,68.78293522218992,901.8054713689891,959.5270828184578,11832.622676366747,154.76840767435291,768.707846109764,0.320561671379753,8.206858653551798,5.403182540247768,0,yes
298.383076774457,164.6263481376203,269.697195064319,243.4211466703653,1,49.74984906056088,779.5533783041593,17143.96403471469,981.6908256690988,366.34913712828495,604.315823929557,963.091180779524,12380.485217878188,815.0721065694465,634.7437401179756,0.21633260525721354,8.866024634789342,5.870202412359118,0,yes
231.85801113239012,195.08653893474548,154.02470412448122,266.66955575097467,4,35.815262471806584,898.6625063026086,18954.35992656256,904.2635161193201,173.5414727668853,795.7104330334644,891.5128224934383,14344.85587463685,795.9738661531572,689.9316787405285,0.2118621120314123,9.787352763874969,6.626729382421474,0,yes
238.63851323527498,196.96172171672282,274.88941986167987,273.05043692673894,1,46.146936131062034,914.7296337718316,19353.87400146787,920.836336363581,330.4334596093911,634.1782707672992,935.9641809994831,10287.88686659644,180.84635798200716,684.2773927190967,0.22821657162666936,9.993027026602936,4.774286216012723,0,yes
204.30679935350992,300.0632008669274,302.71986773760625,262.9658850881735,0,37.14837437582611,773.3389249618747,18900.576605891958,979.457360976633,205.88742838358564,701.9805645814009,778.912895401828,11144.952739007736,518.8376743980108,630.9161646899295,0.26354010936120953,9.742639664964212,5.174703110107431,0,yes
215.37152815101342,186.44914458223923,329.97753888637067,242.69236725759805,1,86.44743750844525,886.0526205024255,17160.37462067417,939.4419136237855,49.10924060484535,928.6006285623984,878.0781288922248,13567.491495246726,414.30593861213777,669.4697424657645,0.23108537655097997,8.89231340175279,6.156219160138352,0,yes
294.50926703841304,201.89171319373776,302.0408167098591,272.2821071998582,0,92.84117859577226,604.4147216151742,18106.340223059102,903.3598096955931,375.5757250715839,561.7410930838528,721.658618584512,10814.266715331869,398.31582915587,750.9654520221366,0.24440644015777963,9.297970823445494,4.9911698295924225,0,yes
273.88950970444074,266.0203919493115,289.80275783354597,210.65666118386494,0,84.18211592604396,929.7550033194964,19527.356255028466,964.0226194749171,681.9442125437611,317.05808252345525,700.4295383038032,10104.212565618143,842.8006212382186,774.2545895042814,0.25158430788130487,10.0891267846396,4.888067442438379,0,yes
214.15521142849386,283.9417464532992,116.35730876123682,269.71885057782134,1,42.18232910867387,768.5800338523577,19059.50711346869,999.651547760703,862.4485426619369,121.93176118550957,892.4330437946908,10713.370589714224,119.03041522432822,692.2987784103312,0.2270452443019808,9.823847039504878,4.906129907689831,0,yes
223.75847774072105,382.92074822202846,134.72082228006312,206.24709799407722,4,90.13072659172707,972.9837699836513,15592.406286777881,902.639157276252,7.7307918793385,982.0857999580073,764.8362486680294,12102.407985680966,760.1758495453986,736.9966188136765,0.2768557992951053,8.123148172241386,5.673827542662925,0,yes
273.22182654472425,378.6810137651804,184.28680459062124,298.3425876979883,1,71.47914325734186,786.6027408113335,16172.799182978182,954.2980768535431,565.2822047095307,360.40525869113014,943.0997931350773,12887.237370206904,737.0290502214915,793.8369966961199,0.29540076547430266,8.378230361072955,6.048543404802138,0,yes
204.64531043275002,325.7879806431114,129.26724489459554,205.55755275605478,4,93.57989550131707,644.9645097889852,19381.827928882823,998.2409291003758,818.8701053698044,117.74617318745481,998.7902145905794,14780.105098724402,453.13930877123425,785.808496811526,0.25079511606704413,9.957598027511382,6.714835044401798,0,yes
236.313140940485,300.88746146077466,143.4339860025253,281.85940043510345,0,27.447078649965995,632.5009480241022,15811.893094263527,954.5903852160652,304.99360525246374,673.7673439147884,742.2719534331742,12409.896280065772,875.4132041989978,700.7609348044251,0.23861351181839477,8.163876501426053,5.827567042124486,0,yes
205.12439116027278,220.27929025716776,368.6948588958253,207.4229769576489,0,85.2495615388337,904.3279918080112,19884.071086049218,944.0338969082331,741.9652395993517,223.9267453645956,804.6212267590731,13299.069390389377,857.6428498034969,686.7758581593167,0.23986305303508482,10.258939327227315,6.197446263940107,0,yes
226.43876762776574,172.71880423085648,213.9179260762494,234.62895257775529,1,21.206488200313665,799.5204119293193,15585.428277463714,987.3600009033156,791.525191872555,172.96340840661196,701.1094549791738,10593.888930033785,236.6220028638506,614.9244809302943,0.19396505481071996,8.091992035704873,4.815949585399626,0,yes
288.4432990962158,263.44942888400647,323.7968378021026,233.38093503888393,1,80.17248183826638,872.9979978507258,16306.230236867936,938.6736820696035,438.6350927952806,509.2061413104422,843.2459876073262,12979.825007243322,408.45037715858024,784.7390417102487,0.2672386224739615,8.462181747205786,5.916028593442923,0,yes
224.73609796176413,148.9746291662513,212.68360923566928,213.08209239670953,1,27.230387500858193,996.0290301733837,15088.071345968714,957.2953503831924,772.7562584245143,210.77945051291636,823.1489059850263,14692.096798536875,628.2383018930711,683.712832618875,0.1804531368892051,7.8837899982910775,6.672341970226429,0,yes
255.0951084428949,351.20120771150323,138.18818791582422,248.2430518465951,4,41.574495933518484,926.8886350844296,15489.058542627647,946.1311063590871,761.1266151426764,139.12055341407358,987.3040373386295,14573.820387438394,190.56202196562077,664.5070868396041,0.2711164338406046,8.066859964147353,6.501658027576017,0,yes
249.82093536039034,227.8690183606668,310.8857954209167,243.1548841744435,1,99.2798006332987,933.8227548311115,16327.238937067334,903.8649999902291,370.6646582596807,531.0388221526316,961.7430314279434,14629.208910191104,614.9313071907011,710.514729128915,0.2498936995478986,8.48174746934389,6.689595174111391,0,yes
248.66547374980016,353.1824037826512,328.0291111335167,271.88722786025625,1,43.18163296250344,852.3400433554502,18570.707538923365,995.4142572618326,324.04162666530783,669.7256179078128,764.7938806636275,12840.366297939447,227.1771657328767,718.8246850118472,0.3019948742867989,9.597591091190369,5.753935130244494,0,yes
268.1328518719064,133.10191301587503,356.4267721058076,217.45587623222852,1,55.639524577604725,825.652699212833,19029.192928000728,911.3617077760586,701.9027511780803,253.9552806404149,847.2322204823197,11762.334332073888,567.5812179908982,775.861052601326,0.21278436703405676,9.809266868689047,5.494196849382036,0,yes
282.8583978445264,147.27740033779793,242.27059315231398,261.77286940596883,4,92.32309439278137,666.6242175859552,15377.090167176808,918.3958112080269,628.534806886773,322.1214803956502,723.2181647468428,10786.612811563324,885.8955901624537,699.5597684278002,0.22296346142725063,7.948961958244839,5.170789486732356,0,yes
237.1896350721255,300.79677095348234,311.8365093348052,263.9994106995507,4,41.869608262854285,722.2005747070709,15574.053972810172,905.2212345959372,333.1130476976475,644.4057196305167,773.7608319581361,10215.205191386927,554.3975333384757,640.5518887431905,0.2866091039160377,8.0578569209224,4.825795646239594,0,yes
210.87429767908924,386.1770223773737,358.46545084542936,275.466888712965,0,30.772004675549816,926.5663087036722,17016.095565813364,977.3023155352174,318.5232903690814,611.9278030121759,887.1982325280887,11780.937752622069,551.274742745268,650.7554828547037,0.3116624021794226,8.834602549011604,5.491071341690722,0,yes
289.6372160383843,135.09033180415608,178.1353841272333,249.25691236181711,1,73.7105069644932,638.962231154886,16420.967389846413,983.6979478198006,493.7114894938028,458.92951537933334,858.7162047793289,13200.694055580072,475.4073137279311,796.2306064122391,0.18927665368860386,8.473841328961822,6.039544273471196,0,yes
261.78166970319353,113.99914269288035,179.6004405083246,202.92739717819967,0,35.10135281948693,972.388559007288,16437.69391936862,915.3818897334493,510.8416415830571,454.4020108371132,962.423332493871,14188.058295264915,704.3834324688812,617.2622217909359,0.15948719172912315,8.547394256844454,6.545656673521126,0,yes
296.78182398476383,138.87164954590878,108.53231703970127,270.2980929469931,4,50.86134172165294,745.5535959290548,16496.725018696958,948.3798181557903,957.0170156921967,9.007662717859944,945.7768545704996,14158.851064292412,195.64918630996254,644.8336674113873,0.19110986031933552,8.530263652558887,6.327533833315422,0,yes
260.877982875139,148.9290228099863,106.67282694582147,240.30508240485412,1,41.92236135822362,665.9133581912353,17199.362499255138,915.9505925613589,27.770318314945868,886.1436715572845,888.0274652285399,11114.436918284515,778.3595531396566,770.5767165722259,0.17109210761441704,8.85960825611524,5.329209382157426,0,yes
287.0248883787582,387.540374334888,363.6552551619636,251.56134745893542,0,75.6349306204319,676.93503512469,17349.17658187563,954.8349809917939,502.22673975517813,442.2780439133516,723.8206058941647,12391.009376808404,513.8186046547056,731.802818347486,0.32373251216266186,8.94226344637254,5.667376263839443,0,yes
274.72931048308567,365.99937364117,150.83864708233213,255.6521884642314,0,70.13783086656231,729.7407572185058,19437.705825638877,988.6065659792206,588.4992038969158,405.23230798688155,977.389487762796,14683.31109972309,593.6457210582906,666.1121925971064,0.27112260674908545,10.002811373553927,6.7157858763215845,0,yes
244.97387586203013,344.9133686791299,106.71673748202342,256.38528678572015,1,55.542188245753785,668.5468920602921,16932.71597463474,919.6128918146266,488.3918222338683,455.44791633792215,731.6101126736303,12702.660756840334,794.9329224067767,698.1963618485127,0.25241134566696477,8.727362225995146,5.903063348717263,0,yes
267.8034860044992,211.3792197635326,146.28444019162671,256.60987442644654,4,41.59233752727808,601.3231843941026,17212.811035524155,969.5031355686408,346.66043147531553,639.5020527520128,905.4868785934642,12635.69933928348,891.7727958875009,628.9158716000096,0.22009030264470997,8.85961017781218,5.981308357425067,0,yes
264.8485835348213,323.8258412429156,373.17120118926806,203.61784523162888,0,98.0599948888272,637.4966219631034,15674.103084013279,928.1595945205288,639.0347564876112,308.6755856674081,837.9494321484156,12628.80237858501,306.8890883560812,646.0297999987416,0.2905734992529449,8.092440821788909,5.7145133844676055,0,yes
230.80183515108837,386.5016365396787,110.50031786512517,283.4627238614515,4,53.80244860247876,701.9940136949091,18012.24083924921,967.5781938919124,937.9507210177172,18.062048881640862,737.3736524319039,14135.561287714761,771.7145442978434,689.5436400789172,0.2852092714634031,9.281054835958205,6.469775404613249,0,yes
220.45602112507484,260.81381690864566,175.38280192619175,243.00732727521483,4,49.67496823467458,702.7606321359075,18186.632378799244,965.5851822730584,131.47691080970532,800.7898181110584,803.5716494944965,11211.15586979905,300.0324665158005,770.265891923226,0.2379941007857123,9.368144203896925,5.145254014067169,0,yes
251.32535982393418,211.0320039746071,130.43850429157266,279.7757521992304,0,54.326675967531735,677.2677446263356,16588.270520754337,989.5609617285285,623.4369221540327,364.29860780626643,721.909160420256,12099.875493840404,597.1824001374566,764.7796646620534,0.20493147673905449,8.566681002574152,5.593850941043641,0,yes
233.2866270288721,339.3598760056446,250.61703885686686,229.2739124339315,4,64.69188251483918,621.1467171307579,15800.48379041836,979.3815117209315,389.3968984302587,511.15844936083226,942.9336585140447,14319.83086148683,760.5628440490033,725.264931963253,0.2852209447413967,8.159120701443621,6.618367473039349,0,yes
277.06798561292095,191.86447928077584,342.833561733789,237.4751658422715,1,43.47823306655356,857.0266711351182,19667.567444677235,987.3424642274234,349.8777540307295,620.3521165146647,878.9038554878762,13108.752885924947,705.4855782587836,647.1495322686909,0.23717710226653746,10.145957466788515,6.08556376636724,0,yes
273.17053867455456,187.39412530460436,113.0698475802641,266.75806578406235,0,70.37382947102743,614.3694684828693,17051.047483326158,983.0015878031578,816.9398993674967,102.53157688557201,956.482488285731,13265.901346891958,416.72200034763523,700.0378351688131,0.19418025475788314,8.783429319986512,6.0639268063321605,0,yes
205.2432815944489,395.0230196164225,208.85804324174737,229.35046487720598,4,63.738589488999324,919.17893188214,17695.05934943325,994.2240190602658,90.42534780663145,891.5027338961788,798.701577137267,13005.184495002355,506.589868394022,698.4922680338559,0.2954890418581752,9.174743698052625,5.940863792954396,0,yes
287.7416016454694,208.45754172894448,356.2856561395085,290.9860428443375,4,34.869352522169535,660.9882000378094,17771.745652781425,936.1706316844326,871.3526913970844,72.02460743526262,702.1927955471696,10234.217926088308,766.9845266774175,699.7666456899344,0.2694768338628736,9.147490913780041,4.892883555167161,0,yes
295.7731665846594,320.8685147585922,262.9668519568386,218.65799511657335,4,43.95022085957308,909.7623499147185,15226.901456041558,952.7323358151697,585.8685500433266,334.55108404959435,708.8119364460655,10566.719259476375,266.814853294203,734.8142670843678,0.2834709676380716,7.9327865020077395,4.82995250120223,0,yes
236.94145900984032,377.3526144088474,260.2025897139805,248.81941089804747,0,32.659199206380435,779.1898588647452,18334.125172474935,990.70446947041,291.0055782915998,658.3142130654537,865.3890561857021,12491.497842378034,200.94028415037172,764.4423087338207,0.2866797234775493,9.462273087494113,5.64404646912743,0,yes
287.48909964168377,202.96282310183904,302.45359894910905,212.81818777668641,0,87.8912403781637,871.0299867776737,19519.663736151633,973.9961634791956,102.52168369159003,858.2023577388844,961.600123796314,12878.104502352951,199.08090741405823,658.1366366970893,0.23151253254317358,10.073318654944549,5.823949897721422,0,yes
216.35039351285582,178.51045276176063,394.82448200608343,213.80649078008426,4,44.62721711479473,683.2051155272491,17591.972028215358,937.6073738997846,494.1769349347984,421.12324280484734,832.2273559349856,11212.214102354814,690.1527339667983,622.5293779786567,0.2419681004080038,9.062668132362475,5.291378558792197,0,yes
218.0525858424607,152.45680181464698,108.60771971025602,232.1995317255247,4,76.63337028878308,645.7838459616696,16235.280895631757,955.9285405767138,928.22016716245,66.35765193039435,934.2983394724112,11255.801503120798,150.983357766707,738.8367775307587,0.18222030396721933,8.378651877945979,5.160197347767842,0,yes
211.41206476877318,387.100116767284,286.65088537071676,202.99788276270993,4,78.37856385470384,629.7863151000956,19762.64859346544,983.0464385700589,12.258470289589209,943.9587749428867,726.2104607678725,13113.695693019521,235.65507994557782,699.6468475536683,0.3052270889344994,10.142591521206677,5.8435002997330985,0,yes
204.88493016691683,284.0004440083216,197.5377885494625,296.7953642626296,4,32.79591256381004,840.7851027512826,19224.050754830463,979.7192019437425,732.2152284935356,254.98540107255462,936.6609244635628,12396.850737004052,265.4413383516854,733.6294705797787,0.2583704250535455,9.919488015739407,5.661631582534917,0,yes
265.3363982498929,139.0658875459655,198.5205552423735,287.5111813989587,0,68.70870487389938,858.5614482833009,18452.67423076789,984.1086450953646,593.6964571456821,365.6156450869902,975.3432566590968,14948.230822660209,308.975426164712,692.5799391046355,0.19488883323568185,9.538408846675463,6.705790051630383,0,yes
272.53448442059613,382.9285517962451,293.81298413042896,282.3561843893657,0,34.07403032521489,657.6114398115994,19664.54491220372,926.4574687123853,690.2593352955752,226.29794741639614,898.2859657492977,14157.253753146904,448.64841570580535,656.6642528527682,0.3070189123875359,10.091820740285055,6.403855468228582,0,yes
253.87986552613478,240.3787935916466,302.1506316587435,201.01601334123978,4,70.2607454273608,910.5317982851845,18257.150448044937,959.0285765560135,3.686411099354438,924.0184856704756,747.9589814348451,11851.271327683779,511.20110925281665,669.567774104697,0.25358681454387655,9.44895315861513,5.449572069323281,0,yes
288.478878420039,166.05858899849102,152.7811694256166,221.45315754539666,1,82.31673176598831,906.0627386469719,19411.5076281294,999.9779240008329,832.7442969015301,132.5622417930681,780.6207971673349,11532.639178760352,640.0600096351458,685.7514164675628,0.19196773531414937,10.030780914354226,5.394025184536575,0,yes
227.11160699688955,382.32593943857796,387.0815269904621,267.5505758157574,4,87.64679796689303,890.3942610675992,17868.99666383471,901.8040633674291,273.4899012799787,694.699393923948,881.340275506243,14161.70995589544,782.6601692071057,778.4204888996579,0.3394618163357588,9.242459800489979,6.555663715157359,0,yes
260.58265418689365,336.8818986798818,203.35241658667084,233.58059910652517,1,76.64180439286534,731.4759590868044,18935.448930005,993.0074606212139,494.4274423053959,467.0061430961235,818.052964792235,10639.435131372396,678.5254207182937,797.9322456403737,0.2685914478842621,9.752676461925418,5.081461607907172,0,yes
212.6887025179923,378.56549723931266,132.59181586909313,249.5420094163613,1,70.75437016177008,645.0932837070027,18711.95007978075,906.3426358763544,420.94513582068464,548.207509041106,945.0151605074589,11550.89569257985,567.0799746450928,730.838441378799,0.26751278280724794,9.610039236270083,5.444380342720469,0,yes
227.10495102111778,383.02553745043235,378.0451194395344,206.7144398925868,1,52.97460391164714,878.1143517205655,19755.19846273238,977.1816398188292,883.233012984426,38.978730944069866,985.9591694969332,13907.233730895456,343.9845146950521,624.3666477087297,0.3094071000419439,10.193128049408841,6.293596923090766,0,yes
212.42819009829213,270.01881181392656,282.1912296056512,267.88296176127136,0,51.40241390429768,966.1090908154266,18598.3876160802,973.3765666077946,122.66128302278779,802.9105371985659,738.4067397796211,12269.074890560725,572.5463383509613,654.5337536680407,0.25121655683125654,9.634265251304985,5.635145196679752,0,yes
241.33997633095953,371.2614541750277,340.72578311623613,296.0836829969882,1,92.45048715739192,952.1901900512995,16497.56933529744,935.4231736367278,306.92273959986585,677.9650329019784,771.4487577721758,12456.180193229064,660.8076638697403,726.0604334879721,0.3218733367840624,8.575434079251119,5.7761016449753155,0,yes
273.1370060307858,223.1001533211331,271.4016767872388,250.61777944168418,0,73.93459260283805,612.9565742227712,19647.880330299573,970.9366785076081,415.9955369823265,541.5360014301967,794.3956291905896,12132.148267014545,282.15418673653386,650.3382521189593,0.23734441825444283,10.079870132065267,5.490452419886951,0,yes
246.36957949134103,261.9174028740388,263.6928539561636,252.75656795635354,1,46.60308407653495,695.5760974206393,18399.85688231892,978.3188644909595,587.763906760863,408.6382163945274,726.9349385764378,12714.25538260649,201.95754211258395,704.5158404055369,0.2489352661462585,9.474935879617501,5.676733966013038,0,yes
293.721950341611,177.71095332035225,310.3407278079686,205.26273328983592,1,45.65255048267569,687.4007178553375,15739.845846229291,970.5006023683268,608.249674253895,325.9185847400638,709.9209823898873,12360.550888717473,554.7906468903891,662.4529151948889,0.2209576430169904,8.142054084378048,5.655455960901325,0,yes
218.5972097042593,303.78908175996685,313.7502444435515,275.8898114839684,4,49.175387727323205,757.1991061097726,15983.4426318272,975.3721971634925,541.5337521275856,382.17634412666644,976.9183870237055,13885.837367555287,210.80321316798054,677.3532388804017,0.28913669811003373,8.279924213847666,6.235299602524719,0,yes
235.07882664118762,169.20499156244978,214.2308646972067,244.8001079637221,1,97.86161529446362,779.2173748219345,15126.243882663395,915.6734263282771,794.5350584575318,136.68835283078465,775.3274624617626,12162.164611422939,575.6623424470375,784.0772775990226,0.20538442125121043,7.848010542401458,5.626312081534956,0,yes
283.39201447697917,278.9399045855355,372.7728245814677,285.2058070843468,1,96.01658510135579,804.2972823903702,17022.342614522968,996.1671271013722,629.36504751959,316.6775528505883,700.111267314111,12743.195553790905,870.4348382660369,626.7319902371037,0.29494763076425606,8.81273748496144,5.927799803389535,0,yes
207.69917308868196,380.68237205678395,106.20785190327332,287.850790689439,1,56.649235985599724,922.9714887405908,19036.999269707354,953.8506722437647,704.0497515430385,274.5017163084216,910.8256830293915,13981.503855183468,175.614842765167,601.9606622322644,0.2683415348481151,9.840998435728475,6.2307317039370185,0,yes
240.12016989886516,111.09523211633294,116.94995575918169,260.50950596435115,1,61.917289737361315,865.3091238320012,18421.58925704111,997.5054078958917,67.64457232315331,857.5964031901524,920.2549315323995,10142.079945960277,365.0313217614422,628.3245961579506,0.1619434805069628,9.52624624723118,4.7706041849480005,0,yes
225.79002901260995,116.21646538475925,115.12391347940681,201.3794681527339,1,96.28973066707013,980.0534058063231,18355.217619092313,946.1416360511813,253.89913821907092,696.958285962247,783.0467471209422,14231.643026611895,885.3124938544537,784.643057526458,0.1543123755153398,9.5121381397065,6.583822971613846,0,yes
286.32733615572545,332.19903687706807,194.52582295283486,237.8353098912124,4,38.110374860460226,879.1459581178754,17462.37872822059,936.3763757390997,464.3002793802238,504.9580094691591,821.2529888203525,11044.146926908481,474.33775378428845,645.157662476073,0.27621947628323723,9.041331047395122,5.143806831696111,0,yes
204.28197844665166,275.57415603552727,198.1148767416753,239.73513331422623,0,72.68523366091324,699.5218503400831,19646.65309082229,911.8292573686498,737.9957350033146,218.04937641171364,969.6880904162601,13889.746776840324,233.08200387656487,700.0457569883047,0.23264128027686515,10.090063527952559,6.250311480259894,0,yes
251.53604965572345,252.75469725028842,235.5193558408267,222.0155281244089,1,51.52065916359628,918.0255489388412,18738.291723126036,984.4711123023377,116.15458959451878,862.0503396479276,800.1625942362098,10401.876847308926,418.43659004594,631.7383616239136,0.23475860950282862,9.694744981123563,4.85558255815646,0,yes
285.20743056989755,299.40953469946845,215.7162603020112,242.16833599005412,4,76.53769610122629,949.9933834138228,18707.912278935346,942.4307480060453,888.7917275409139,24.099232896613444,892.123032699312,11302.215513548614,834.5551237334437,708.6420343739535,0.27289704100234285,9.68106369371201,5.420078485623547,0,yes
203.2099613568244,173.72273193006595,279.29028272758023,262.3536093493811,0,23.406992266267466,715.7307839273589,17533.409454563207,973.0788314881806,129.11791724956444,797.0098926677206,818.5716442656901,14770.702852245835,855.3557338296318,765.3233230334263,0.20633019864321253,9.045423369669406,6.795702322773192,0,yes
299.4857125090607,362.7241839727805,145.8143417433368,270.8684181910141,0,90.71674592215443,968.6661240318699,15282.173149075914,989.4764282061295,357.0762830504237,622.2608196318979,901.9423225512162,11987.747514585295,774.2205632429931,764.7195148491156,0.2775750441876497,7.97897462409051,5.690657350384613,0,yes
294.17939696441556,333.5667253693244,215.89388107011706,288.89136346003346,4,60.67132695192672,921.8149944117972,17412.704211487347,998.5688434866576,11.446024078823747,931.4587256413969,851.0743230963424,10669.231079736099,295.2849425460305,781.215879038017,0.2950821311430008,9.034770281353607,4.948507100380532,0,yes
268.23647244094894,367.7814110294092,351.4011140750099,219.78475267954934,4,93.19456681360515,610.3014590545195,16730.182807195277,918.5656011321446,758.8891007931587,170.50140290052082,831.5955494964339,14404.001132463132,237.9809511305579,694.9719062511793,0.3228518651588516,8.613247313582484,6.398405148448932,0,yes
252.36480890138807,268.2219209816226,340.49909538603026,284.9610762695745,4,75.28041176628858,903.7113476358353,16609.17909529987,942.6508352330885,677.8468892169062,229.10430072702104,779.3371098210954,14543.657096227822,590.7571946620075,787.6284143059664,0.28962229398255795,8.621163172347858,6.583706187154813,0,yes
244.56128362239355,203.31801169859625,387.14470096423355,249.2034762179253,1,34.91302292405648,851.7340627945631,17637.278931084133,913.4959108348918,100.51537652271737,831.923682380839,985.8420161937579,13860.973317750844,612.7727088154851,747.019955884221,0.2477774079210428,9.119461363456365,6.400115250806706,0,yes
270.22919147513215,191.97477697526745,264.6642283872271,250.6175506174663,1,39.143476673551795,925.4652215885144,15385.1205661051,963.9101494643851,596.55407662921,323.3080883443665,826.529983540507,13982.870374208373,269.0652763165035,612.5300051678564,0.22280524675984298,8.017014139753963,6.228245753688827,0,yes
289.4603719044185,226.24085544812715,334.7573878237629,265.86065848350245,0,28.97308789876936,877.3804611717271,18252.878312803838,923.0587591368599,347.2987150681851,567.0952700535581,743.3821435084778,11756.063679683055,824.2607815276856,732.3073235296793,0.25073617994975833,9.434356586789658,5.541340591416355,0,yes
270.55139684454696,107.7863668254014,330.1570721158256,276.6664400596017,1,83.13832349120774,732.2036134394019,17023.387494971495,902.526921108925,299.5070678829453,670.2527708639282,870.8698210464727,14057.42948621132,357.58667232555297,731.4287255951592,0.21300969631609454,8.784364565722845,6.333700477939691,0,yes
294.28333619811576,270.66451131785766,179.7073393171934,235.61491333267617,0,91.55657814284667,877.8273329018732,19062.104929865356,947.2522386099523,917.1216493633995,31.856011966534197,965.8332483802276,10511.591383873962,182.83277339278632,740.8827884720657,0.2399252264343074,9.84238952109925,4.8818390089645005,0,yes
238.27344771467267,123.41535238994831,307.77383246627454,208.13007143003057,1,61.55851205504713,810.353262796101,18536.50834332866,948.568332999438,833.6912606592044,145.60268793715488,720.0466579134962,13684.956856872168,323.37977348912125,696.1064215286299,0.19428193338872574,9.564597508463267,6.107347526573975,0,yes
231.30095963838173,226.8006567913092,387.537890761181,277.3407450878409,0,65.22026740086802,833.5086273660584,19824.792849772708,972.0325737310666,816.8011945706685,163.86202078243684,889.2301192935163,14044.082427763773,792.4435418927516,614.2904821290542,0.2610103604672674,10.217161884727766,6.4957559382078776,0,yes
277.50583213566085,384.94539151658205,218.55603459575298,243.21817022037249,1,30.62666384338759,856.406175372759,18375.044463977225,945.6800288790861,467.3163505951768,451.62936133757455,926.6228676933258,12393.681937090956,703.5470165007673,622.8333106893419,0.2891428068201807,9.493806583946828,5.807619652933787,0,yes
270.49773733180564,231.7724648213457,247.273768922785,276.0579222660738,1,72.77849532892498,691.8729473775187,18214.485849739074,901.1368081369135,904.6759658348003,19.538783249756875,790.792283336018,11586.90685147903,708.7743807061431,775.4376788215102,0.2445963425708298,9.370840096671243,5.45352618920822,0,yes
220.14869799133294,160.3165452201809,394.71690371295534,287.88701122883924,1,99.11073576277207,820.2662315465045,19493.569046453587,939.2427554713051,729.2063725826739,233.3883078344585,753.3632724577644,14174.482459040333,195.48875231602887,793.0004314317675,0.24481494568830384,10.044065132852785,6.2758899601213605,0,yes
271.3831704446973,368.04488071875784,390.3821674205259,258.6763835687082,1,22.171395619414128,696.1067059720989,16189.933165474864,943.539713949872,869.4262105163763,101.59003262002079,836.6065223141145,13408.918980072385,180.8476873363599,605.9439502298479,0.31800173310321017,8.365296285471993,5.973580674811794,0,yes
222.94483749270836,242.78157718418117,140.08994297264235,206.19213780722225,0,72.46011251043352,851.0295885777726,18141.980235975236,921.7943552178162,786.3666851577433,144.76988701380412,970.1029516322558,12691.37990405135,134.8433820895221,642.1076556822268,0.2035382032468759,9.372787910978595,5.720798692781062,0,yes
298.74479664211583,395.4373892068153,302.0406692048575,223.19080419811027,1,95.96363460877362,782.5559901449603,17565.598368955358,942.2898728723802,789.2522694608672,208.80372895175867,766.0380060636066,13825.160586398233,135.73151940156052,724.4943529819252,0.3169360466261998,9.072077484003831,6.113117964842383,0,yes
261.59356009666,249.87975543991746,146.80246268323418,229.51412872536008,0,26.109610904036682,945.2708124184587,17812.324425362836,905.4974188930321,418.20432966030523,516.0034894360925,794.7691180005307,14172.16781991004,672.3194620581891,763.7741902239344,0.2114433477001074,9.227132188876634,6.4744536991886275,0,yes
245.5062168049492,334.7468023835597,305.67196760958257,217.88446615538882,4,65.43977889748726,881.7666196579305,16527.243505159597,998.23428578345,707.7285280713065,276.48886912025046,850.5670140258308,14762.921122982574,249.8051220580642,734.9356637469107,0.29374711385959407,8.582894651586857,6.567127618011169,0,yes
299.12178729625447,119.56551780142448,193.81027815171998,205.19982457237182,0,34.50806646830341,829.9363377293264,18030.211244053087,985.74763606241,66.74523386715717,925.8988194516114,890.9500055914098,10668.464030127165,436.2579940195319,742.4890738534975,0.16966459887215177,9.320966744209235,5.022249305572344,0,yes
267.4447655422996,120.04350516302866,133.35084135156347,228.32048419235974,4,55.74795278394661,657.4131300546809,17031.218414492672,965.2079332365165,856.156462939712,132.5276076115017,777.2349795486522,12313.550808022346,898.3614962654943,730.0936569430302,0.17704528663836905,8.780440327004802,5.817446222337739,0,yes
206.05572863098774,213.32301273425242,261.15260346931507,237.44670408974258,0,68.90077466557345,928.8489450531754,17690.562597193275,933.8017033345416,747.713518494009,199.30974082460818,751.0295631990011,11588.30703140164,132.17729767024053,664.6598048325434,0.21963870257780144,9.166366791413564,5.196011347661645,0,yes
219.38898468455125,346.3258299130662,125.12586583150505,263.88651722120835,0,69.86279408985843,816.4626310017212,18912.811342141144,945.7134500111722,838.104380515507,117.36512518417851,868.3243560582496,13511.309477713474,877.3240393358193,716.960359109582,0.2527264070672615,9.753723390991235,6.318243056549955,0,yes
239.1266697307887,372.11425433738464,131.7451350125843,248.34530292538582,0,97.87552479884071,873.8506234068379,19473.049647248037,998.2401224928605,907.3511890824631,53.32498570219013,930.6628917375325,10579.543866585618,564.5416327163346,733.6251763070169,0.2672732688184124,10.05400784531187,5.0482833728920955,0,yes
226.25719052663203,111.8204971963298,139.717106930693,283.35368058260326,4,98.73402774000992,921.236979614109,19476.323994191665,981.1796970524614,477.55145989364684,438.0087344517502,779.3597243612891,13662.000576115823,206.07736708251406,794.4684000859708,0.18623391953714646,10.064037445541842,6.079271164606065,0,yes
270.38421972163127,140.4065270644873,392.00268125130174,294.5445406768451,4,39.850571397227874,874.7218743852118,19516.456585044445,914.1970483145966,768.1123927665108,134.78243652473304,928.77512697293,13706.56801780097,811.1619871529248,642.8079967010724,0.2485395277950178,10.064332759818347,6.37710130323198,0,yes
277.9457698586465,303.76784204206086,166.34164639159832,210.57288111999915,4,30.4940409221608,700.4146722964904,15709.090736588065,951.3258419507889,461.4188929743878,477.1984164512915,949.2411969181167,11069.338208926965,836.0561871438266,644.9989263746073,0.25173889135108257,8.126892684160271,5.345527077123986,0,yes
294.3221837870517,193.28556494001705,287.5051933224023,200.4072348623743,4,75.82805059088258,722.0870461323879,16337.557387241934,922.4643269583984,102.65188021625708,799.9469717585274,919.970174270381,10580.88632526428,370.45841580746685,696.5057764942628,0.2375187305938481,8.4419393084879,4.954040609594556,0,yes
213.7502851386139,223.5175501183022,242.88489495504922,235.30736666072747,0,24.741185956127076,790.0571171938898,18269.353136728947,983.1913763443534,626.2653057150816,318.66181501196365,738.0213112958252,13181.134010158612,442.2181685580952,792.4295805068066,0.2150557047040364,9.431266160750942,5.968597115038653,0,yes
250.6274947031295,197.22701479075315,264.7284659414331,256.5487141430028,0,93.31343618646986,830.5869977985018,18327.931080538598,971.6779861653588,472.0265085808109,440.7403889916308,801.403834299507,10164.192322294974,517.487689016335,721.593709612069,0.22643574008274428,9.468026319456948,4.803450160205195,0,yes
201.40668742081016,193.40864146700395,149.28455107135585,268.79170735775017,0,60.94047556574013,893.1543621682273,15574.786770931367,953.6155378391987,741.4683931164551,203.69447400668003,983.414444000617,13387.92409566048,117.82707143316387,619.7571048802838,0.1939809911584341,8.103077745229696,5.996937503254463,0,yes
252.48114742394642,212.9416320499009,383.25890839996987,280.9226434637959,4,63.38071503494046,903.7031104712516,17794.535912584815,982.7072691514769,720.7594833393449,196.50909606878088,946.1472096046355,14208.699159559288,172.35036899317544,626.4415609813602,0.27377309493665974,9.219363455805944,6.3291996564626265,0,yes
284.2633862933145,150.4165824600651,176.55442190790683,267.13311926389053,1,54.598102599239475,703.8758365143048,16560.732372646395,993.9694549853926,237.89283353948525,702.9968874229032,819.1447197844276,12200.804533041064,787.2951257275032,705.6856689884385,0.19558267091315268,8.559366952894823,5.7348628114940645,0,yes
208.60098708421492,287.4521239307959,336.2316408700404,285.93469760302526,4,73.67587687836985,774.27659821932,16644.026708395075,956.8137933944479,830.4044426048877,78.39298600954669,964.8596517438258,14865.2554601208,532.9073711738163,779.5424664297055,0.2909253188773326,8.61144733713661,6.762586308441425,0,yes
262.81620487022013,357.87849724672316,334.8954581238031,253.74802358751072,1,55.232880712321574,826.5492285381241,18450.20017338082,997.9050502009679,950.3311632691897,31.414235634232796,920.0833362557477,11649.578550228167,749.364150420013,600.2146054329268,0.30492327294283456,9.531887764322146,5.531378894594539,0,yes
211.96476966683124,298.517009431987,384.8575093409137,203.39706231212827,0,83.1849300602706,905.9412482380325,15099.981262156016,981.1066784366956,691.2140349033987,258.9186556066418,810.3658410257176,14232.585201995993,572.4049676259726,676.1132552100203,0.2741891448169518,7.872373340918489,6.455480862866256,0,yes
273.72566337728097,159.73149645622883,347.9046711551774,289.3833236971494,0,26.66389164034112,962.6676569584326,16949.385457318785,955.9438306927991,537.5258254593127,452.3239881735965,723.4240874161767,10389.114487725401,864.3568841951293,763.4181242291518,0.22918338034943947,8.806568108298972,5.0171340271052385,0,yes
232.08562212134484,325.1198254479863,165.7047239174227,201.79572854540947,0,24.705001552090494,980.2663967459657,16209.956034928699,987.9207973259413,381.3956918082823,591.3976061765659,838.6920342368707,12770.260844129987,699.4903235815005,608.0563967143621,0.23586913587493852,8.445322716349498,5.926929525731472,0,yes
233.29914165261704,367.98406753235776,146.57864590799153,266.2667205377074,4,89.98942370568766,625.0828768492117,19797.150383735512,995.8393745328917,722.5194587907635,217.67548278702884,763.2817342902557,14025.427299270434,633.7537097094596,662.6235006962396,0.2864439625261943,10.160591567634926,6.375185418408406,0,yes
225.0518691020642,397.519825323814,184.44721471124996,235.1914944323344,1,90.25196480465465,888.8240919717574,17099.02947613047,967.9937162562624,924.301000996514,25.121757314872184,905.7425334902587,12141.687824211616,117.12351383697879,603.6154556163917,0.2866081782319636,8.86619920660481,5.4655732649356805,0,yes
213.5226154988772,256.43517319495857,185.58824037484752,274.0440677653434,4,92.42257692431902,783.0454737801304,15286.131175736993,978.1228026554876,905.81230482002,90.74241221741215,944.7008199957017,13145.797996179,750.3966372647861,696.1427279207146,0.2489903208741926,7.937391784578314,6.154749366572504,0,yes
259.1022527614976,297.1704635802692,242.60534341060648,282.2467065307752,4,36.03913976288772,673.6509121739243,16428.861758376013,990.1671434568104,792.2370426380091,122.97952663550461,851.6867754758437,14486.516734706147,147.9609608613748,724.937758599477,0.27699945336096077,8.48626799657204,6.405459779764043,0,yes
214.01670530273952,122.68974618104741,197.22357100950998,222.7441112471254,4,98.82220350893346,890.0540307749565,19542.09662470902,994.5339781869392,38.71426674376855,947.895034366132,868.7920073739647,10176.845568145272,427.1032720447536,755.3498678755097,0.1884265221713412,10.09168492668042,4.813949195702617,0,yes
245.6364876148991,350.10515008777645,265.40061176477496,208.64195503442065,4,77.69421349839092,961.6926802326109,15513.908750723496,938.3092686844244,842.8534932048774,71.56069791083837,977.8915984543037,13230.271023601228,745.5632687508783,751.603780115169,0.2915448659660416,8.086181282400917,6.195912611008073,0,yes
235.15349050948447,304.09199049544173,265.8032305937662,260.1695908204134,4,31.35975933506402,621.1543488983211,15588.49040960494,990.0738075140923,359.6509134085526,561.0508781829964,919.384964540188,11840.451498126291,337.67265181737685,766.2777626998687,0.27637640625565213,8.054606571654281,5.456238416850283,0,yes
221.94470891100477,343.3341648685008,377.07373767595544,265.6668465044643,0,22.315694597792877,870.4272987581262,18584.911217578563,939.3297492649197,267.78256677491754,702.1445201630406,801.1425089247095,11534.204295614976,566.9575432749695,625.7868763236662,0.2966217827332211,9.601031400375199,5.36639198534656,0,yes
246.36800110288414,268.46240640718884,149.51914313512535,231.7290026465924,0,27.236048038002963,748.5958897124251,17988.7246279689,922.6866174431002,666.2884439474894,305.6390056193559,883.0134982547711,11975.468634741275,407.18385420773114,713.3838996511084,0.21807874432181623,9.273412552614955,5.5235233553054,0,yes
262.71551261683135,264.66981321591584,318.1265816719889,292.5577652559797,1,36.91475481257646,981.3428610392284,17571.348325322284,953.0087917910464,436.0086759942739,493.2599142769922,965.3713210464792,13306.590507254263,626.6645337291411,609.7414883042815,0.2697328200962465,9.121445451948029,6.1572340516615265,0,yes
269.32166845599767,304.64647041301,302.69549897558045,208.7765924135158,0,78.33863904601361,864.8536136605966,17695.99884359073,986.3247725149398,431.48128820562755,529.9144116181039,938.1351817329819,12095.182301875544,480.8229664685925,790.4413023824483,0.26792427022444093,9.161797448874559,5.631704698217198,0,yes
287.64518623808374,390.74646576086474,207.3120267944813,297.2495014980163,1,86.96207388442102,636.677759057646,17247.95908529674,966.7668418460815,613.1043996731936,325.6688540367263,993.6816587183041,13869.289204672765,797.11147834534,646.5045828539884,0.3083868626684136,8.884498436530484,6.467924393355297,0,yes
238.96032732671938,210.55132052794744,331.4968058454077,261.94277709965047,1,59.45737972684196,710.103161999378,19147.508250172123,923.4872875061309,119.5431942346411,804.9846608547384,723.428728954475,14388.5626537299,382.04045427875,732.079931794362,0.2444661276548213,9.84441339104142,6.410826461821239,0,yes
233.6967538320697,231.2020386150394,329.021464491957,263.0657550421915,1,73.32260932838248,922.7357626048532,19616.003186823997,900.0507091253943,479.89988489866886,511.408912587016,725.0350259002525,14278.878480398853,372.9620191427019,753.5166043844167,0.2535339594798569,10.123078331238434,6.376010691975086,0,yes
253.1592793904603,239.80234337355014,284.2436186482331,269.77608450793895,0,78.97922831464444,983.9124453542056,15672.054515970864,964.5809522096348,591.5538437612151,386.9285178115724,948.4705957788983,10650.196468235887,576.2962760296173,797.29385381687,0.24853191758771387,8.17398600295313,5.099310407809089,0,yes
265.74350555662267,196.044991017827,254.01681203841125,291.05530438412035,0,72.11186457659856,985.5471859798265,15587.237250026386,977.5138071010433,389.54525805993774,571.0474125868607,848.753657239091,12020.528905762721,308.28571893842377,784.3071787146478,0.22996792989444773,8.13374107031507,5.496145136984107,0,yes
249.39858690790692,323.659386649236,385.5511217004171,233.6562182174098,4,46.531274162733084,970.382751469592,15273.344012111562,922.9754611736244,663.8396562815997,278.04046883296587,789.1100804281016,10616.57423949995,824.5558655806118,751.6400492962164,0.3065575714978296,7.965795971338241,5.11028557539041,0,yes
289.92339919661237,219.57778773204998,249.53407705697828,271.05482122912235,4,30.205474401489454,865.7332973131201,16956.396211586885,922.3035486465196,391.2516751215758,592.9554288001755,809.6136244686912,14791.873164910738,762.1464212023466,787.4390015437195,0.24827867323409117,8.783380384531855,6.774252281765085,0,yes
261.43090449510373,146.01336046773736,367.83613368697223,261.7028812333692,1,68.70975880862738,734.4530773313772,18555.105423845078,985.7329100075826,459.47904915795766,442.5772607518769,825.8939889464863,11694.770584157064,228.04010174091874,689.3997787561492,0.22987525609844175,9.562154023008953,5.303985889483179,0,yes
214.0275294798654,202.08843293635084,239.45355605758857,235.19563939767977,1,43.305041313769934,654.0954949734676,18602.419104659315,968.9024689470237,847.74930154795,120.57495896316004,701.3446813918371,10153.812218213192,843.8095027342146,719.3341136263052,0.21214351795011857,9.56582538654196,4.897132837632503,0,yes
212.44970467360116,376.28217943895896,137.60769750740403,256.1701520525948,4,87.92050945559906,817.8717869926544,19207.340386122174,984.172573832804,274.54167909462683,689.1746540342374,743.5339070980734,12901.03980247066,562.4078153173035,608.68596152408,0.283056599434258,9.906609214013738,5.885173871801885,0,yes
272.2270922658808,109.46192419967359,178.7418299869201,206.17696647570523,1,49.94005059124199,994.6467359009793,16390.344845317602,923.9212556245168,631.8053015463679,331.42230338992874,827.5352756796008,10766.094860857847,678.9817882285158,751.817426569087,0.16533740897723626,8.530024375148189,5.130195809720929,0,yes
281.1465190669996,142.70756752397784,115.02791191384193,287.3697898774176,0,68.39422203839518,846.6439236431775,17251.524335366972,921.2997984287516,174.06159819400543,798.8075242355109,855.5681662780063,14814.653320280002,179.86378816682878,654.1730308794606,0.18158063554175727,8.926505220845158,6.549626059177056,0,yes
266.5350130122071,358.84258892069545,181.9223775378434,205.59514044973957,4,87.98732880089217,998.3074457051971,19894.744435140892,910.5098686815742,855.5469927470782,106.308872685241,925.8252636880834,14822.5339832084,108.77163523201476,759.0106736903128,0.2816724477432477,10.28123781172521,6.56477105446008,0,yes
284.8535697471375,207.1285658014646,296.77725088090943,298.9196903346127,1,22.54814719877639,667.2045381591635,19341.37946232129,945.662878876805,792.0301204957582,137.4093031046997,887.3768878249341,14962.326148122156,620.9978877630272,677.0198326342285,0.24471596306138368,9.934971567845047,6.794897127186283,0,yes
248.91866143437755,224.05200914502873,372.7885679712654,211.8255962335959,0,22.90213713138419,798.3437674921029,18850.856796944732,989.2829235829238,698.2767375541317,285.34569739124095,849.1703256815408,10507.418517515918,780.406222775342,606.5967514308676,0.24076561329376825,9.724710178990332,5.059657901060674,0,yes
285.15988241899686,262.2901298079584,216.00191435459936,221.5078006662795,4,95.86120064124654,775.4561516968828,16179.433132476248,940.737825379072,57.94342289759053,883.7052438177016,942.0638635522583,11882.311299846058,563.4868209602766,676.3033363351254,0.25639833179803584,8.377201989911956,5.5633421381026835,0,yes
242.74437357223212,161.61513662781883,336.25512395200906,261.90274080964474,4,87.73434599261223,942.6298439382626,18347.201020563596,944.13831970839,304.13527779071893,642.9716917677993,730.3485383584665,14245.049120853806,503.68363542264376,729.2032777522958,0.24186887273423083,9.499255673586937,6.407562510442087,0,yes
265.85621305477844,128.92511168189577,156.9297815333496,205.51886942185803,4,44.93404542792811,979.8154609675812,16401.571674983024,982.1682464583446,865.3988862934021,122.01521414539093,928.5789186173724,10058.623450422954,688.9490891349299,685.016584138984,0.17919310655780443,8.540229754638322,4.886117841424807,0,yes
277.41311676627754,266.4027186816055,196.47892570734308,286.84864441113194,4,24.445828473336295,881.3136868002631,18037.764827574203,909.69964101683,548.2178234379189,357.07512362147133,983.5279143918592,14739.76034128232,345.73867569181937,617.1167817181724,0.2572479057633784,9.325863867363667,6.62307875876153,0,yes
214.71571825500092,186.92232676587193,239.08855699444578,217.90375069247128,4,37.089064265051974,822.6744309551568,18679.8409494075,905.7188868018123,251.03056207908023,666.875400985864,838.3939051936072,10455.792392601992,545.7890890821374,658.7504698967476,0.21385132416646033,9.633153197428232,4.938628420230566,0,yes
298.90163883045483,260.40920643034644,190.78947765898582,206.0630919591093,4,32.851038821061245,944.7186038767948,19945.954890231915,946.6589813097928,853.2814793388025,88.19267625632801,891.6433089591018,10345.530370670713,432.19150446479466,779.8863625775887,0.2413344059146486,10.299457324101011,4.889643008285967,0,yes
298.0196981892448,340.7622750852807,351.7570687645615,292.6049547841772,1,75.39756021008647,757.5430097959891,16714.735375868073,902.6185117287274,855.2276030695165,46.07020746353146,986.0412394446973,10067.124791357683,842.5152843763174,651.0574611627787,0.31621389549631457,8.635659662844322,4.957634753684175,0,yes
222.24838748533185,218.5782317007705,212.20751389158224,298.7773214231315,1,90.3861163672984,994.2101323607465,17409.741424782897,916.9922743915639,877.1035375348358,42.282890051354684,901.6393519037917,13670.85848770298,783.3804605993234,615.527305071782,0.23296359674181372,9.038673892688989,6.339536778651414,0,yes
265.0516693735374,180.29960071424767,394.82797934323605,240.14152062233364,4,92.76775282371815,951.5588564607581,19709.90445966229,925.2344387338865,414.77414644109916,582.3567773275081,751.6408556595514,10397.749917996998,259.60979939514397,797.827571485442,0.26015915109284954,10.180060577629192,4.795581225230041,0,yes
296.5938261443423,220.0564883249309,104.52119597718995,279.32532442863817,1,61.17555261759964,865.5945573908127,16269.091373198731,920.7788272994841,612.4485072516422,312.3204830346597,926.0059176516565,10009.789836949336,394.4927687016831,687.8337827220134,0.2138597115884379,8.439488044547689,4.739515865900705,0,yes
206.69494339575078,392.46336291639267,134.43328398577145,215.49101368968735,4,66.62672529771214,648.711809213392,16781.74211205371,983.7941529394016,106.2042322544347,839.0483426029281,999.3074310809161,11637.175400839778,467.8164871634788,752.4358577591097,0.2773546103399851,8.656369833531505,5.460478358725206,0,yes
203.10707967894496,346.66270392793217,245.4629048203544,271.24400606198947,4,89.21949923693604,805.3690143371911,19881.322584568257,971.4700189600433,80.12655386015327,910.9028007917707,932.5465562942422,13385.347998403537,534.322886042318,668.2282535492849,0.2947789374215456,10.239046935290078,6.154837443352718,0,yes
253.18250085097117,229.69315460160888,277.14259590788964,204.47803606937032,0,48.14068563740069,735.5636555927116,18243.135302074967,961.0140799228033,432.1473767394121,510.64822078680874,769.8083792620329,14084.879228666956,606.35822772421,627.2299888825503,0.22613450298983417,9.402998552455019,6.386340379054717,0,yes
243.10938310347055,382.2460687678328,200.45081407513982,250.8884499720518,4,61.57446174530841,846.8551035149042,16476.4866352682,973.7608839985269,610.967289229677,337.0958249166158,882.1079787129117,14450.329410581588,853.3618198930128,636.7237695475682,0.2975144866400483,8.546247034504606,6.678206989467418,0,yes
231.87689064444353,257.69406682480235,108.79170115101854,228.25969372917007,4,23.27397669468489,944.2144991754411,17253.243406039248,972.2337661627139,292.34747168161925,657.8701725599446,877.2532489485836,12329.112588830198,648.0983557571232,694.1764380313557,0.21860281302194945,8.956510607745678,5.7535142161402435,0,yes
297.471258172177,333.92007178315487,127.5059263561831,228.88307118684514,0,65.61462374737687,823.1746840012237,19915.369735119835,918.1547222321947,375.4287277073359,542.216383964415,862.4494950502626,11466.750079677779,591.838842154658,634.2641750682819,0.250582919038433,10.252728052307207,5.367810404023601,0,yes
261.9477044221225,211.34224745151985,245.38947026762636,262.12268651202237,0,85.65369844275743,915.3035534596756,16036.416649003017,937.8328589849984,395.37658930534,536.0990241057502,860.6707847006165,14292.735167103689,208.70046650238675,787.7058733730914,0.22979731881592802,8.336757840040192,6.366412399044694,0,yes
272.3719300651644,225.65846054283531,214.9560053185898,273.4319436978737,0,76.78822723950083,811.8343668844424,18149.872317280388,984.365874441287,27.25941041793839,937.1071511471253,912.4216430066756,11991.152042240356,806.0114834541082,711.8304919454914,0.23190338743319383,9.37655085085555,5.699841956736636,0,yes
264.4590036241379,288.19290441421515,309.77274565030064,243.69658396292544,4,66.53460881968361,888.1942702447943,17629.595421183087,908.4855964147138,400.09223698384034,535.9239786970197,790.2338519922847,12545.231172658188,466.6488473760017,740.1017307652751,0.2836428064709728,9.12317184634121,5.736697570111026,0,yes
244.20918755025883,361.0280422925077,181.84575159140618,229.38306994449118,1,46.927094668876634,917.7683587123138,16971.10155621023,960.9874679990326,811.9738463293205,107.60111418303347,955.2473546173754,10048.903829423103,638.423997379225,746.3012270445336,0.267303025599033,8.80784653233753,4.871453161081018,0,yes
273.27039799373085,146.67732473111698,130.28288051626487,245.20232579348288,0,31.806601733419626,717.7345778843717,16448.5366157529,979.859971129035,583.5484069520339,366.3374115801947,944.4837432679201,11666.351365256023,795.4654765435872,739.2537027728021,0.1721898258365674,8.504366290508178,5.580164995763842,0,yes
237.82840397630008,231.14527449954355,325.178902145953,209.02360772861286,4,28.45483453463597,664.0323614422758,18007.168527433776,980.1520716763583,477.32098010782664,457.2006993050407,838.3093940121506,10614.359402695489,602.0388489528148,776.4380307252954,0.2488165835358691,9.271928022767073,5.042365537473821,0,yes
220.97619048003455,201.25167418614066,213.25596596125004,245.39443912977848,0,24.976770471652543,969.8335662830814,16330.728188340827,964.3135631932508,777.5461278362477,175.5268317706359,902.6176206722508,12460.974889763305,455.9922204886264,676.6699466541806,0.20318287112213596,8.500041140533966,5.737650142828677,0,yes
289.99626053185136,359.336168761613,398.3106236004179,283.9342847728471,1,70.11965952356306,950.9512471813086,15998.744657647525,929.8215293257422,504.6376019302249,426.57758565754415,975.7359564924591,14752.373659985982,604.0402554274433,649.8399930490116,0.32953953616377113,8.32496962656206,6.736151738842624,0,yes
222.820861992904,392.2281217000336,375.0151831874254,293.2645264043044,4,54.22333955181407,764.6304093962867,19361.98474759096,909.4562609658688,228.53907646826968,693.7060689757277,908.9321142753671,10894.388877394342,329.71493492808156,710.0580806402337,0.3414080764841251,9.961789750184131,5.0632013089595995,0,yes
264.8239076824315,155.94193569059257,278.97355321055204,299.0320451175041,0,32.71212799340298,900.2202530916729,16356.575068478127,941.4689411989115,790.1450959609233,184.99950504791093,909.6726110553482,11235.558177348375,323.7496077971615,721.9416822507441,0.21544451488959104,8.493905656137441,5.20642568073554,0,yes
224.57527981618892,211.368792506403,390.5213635619566,286.9366371921983,0,85.23453582674021,872.5564324284171,15353.783870944215,965.6770233788214,897.4123855428909,5.493406151022782,719.7847927402073,12665.24079002823,670.1079787755416,746.0456700700696,0.25902044552520337,7.989574853067043,5.834166349204466,0,yes
223.70716812961035,300.65953141575346,337.70309764754154,266.38279251354817,0,33.69511923852905,659.8636035513406,17993.444564191097,909.5849947777357,28.3248808039648,894.7930290379978,744.1539013866393,12148.962450290426,780.8622034764688,751.8771134309895,0.27347364948747527,9.254456167996528,5.685240189668189,0,yes
297.33067444697434,329.7133247358889,120.44383028744713,205.14040541430174,1,31.18035566047159,969.2916267681669,15742.145329256335,936.7668415040143,370.0678889283891,611.1205816233833,846.416924474295,13431.415084641909,727.4615690589511,752.1223276256959,0.242393265986115,8.201835323415029,6.225790415801034,0,yes
218.03196273604402,155.1446693038629,307.90338849831267,299.1721571294917,4,42.87763649756839,869.0178470077077,19787.669911592537,979.4811314297536,188.19297485595771,720.1000544568884,701.790656003878,13082.471067959536,436.2538902853736,648.9063510930816,0.2323031003512669,10.207625664215655,5.888240643940048,0,yes
298.08935727708854,356.2468947483319,277.7823205413923,289.6280356422016,4,99.02042461407818,917.1964057103291,18353.038399769604,919.8275246438415,345.3863306346825,603.0456184214158,848.0688909325121,12955.318221964379,609.1710967712897,650.6777558054076,0.32199702043459866,9.493033134426247,5.97078853187083,0,yes
280.3115278264728,194.1107444948721,202.01315302139665,236.7445280598787,4,89.518833279695,633.2366719578357,16180.14939574894,904.3456403986064,573.2622629163421,334.77206012471015,993.4733337907494,11004.914295911398,160.12478017609553,690.1263201018886,0.22796439440855404,8.341280370231768,5.068820088127065,0,yes
260.95990747755985,326.17241496869025,187.612705769961,207.4028279066233,4,36.888302302334694,913.2494716412912,15398.949601126376,939.0646089251464,759.8225758309604,144.18760068249696,797.7083082089686,10679.060687657335,161.51440398736608,694.540022769669,0.2629746581685219,8.017725630872796,4.860761237782674,0,yes
253.35379440814657,302.74109582491946,348.749331206821,285.76425211461435,0,44.912258776063,687.5132080035086,19299.95723074661,969.9400571877097,220.31993519396502,756.4780153665638,861.9582888813335,14240.689285555316,356.96894383642484,746.542924594481,0.28554814917411764,9.922057058325004,6.406170730676926,0,yes
225.07508614650214,389.6305397829249,182.9527392126936,229.06851942728272,1,36.915926945420466,727.5674451382778,18397.52238692402,937.8286610245109,664.3206667285108,272.6663942870599,937.6117235771185,13722.03122727487,554.3927033571365,720.0743426577386,0.2752266697247138,9.475236725797044,6.298945573315606,0,yes
269.8895856257703,269.3185471938659,383.13166076781266,224.25920071306467,0,94.67994193148593,686.4919697404204,18709.037484645556,999.4599526213385,23.030377732492273,917.1649813993959,722.9479392053747,13895.749356325125,375.095687339304,740.1488739246937,0.27510376670136893,9.630461579063551,6.213949029250785,0,yes
298.9931297490156,115.16393728184168,188.67396297784893,232.65231673014918,4,79.2070512976189,879.9911744001383,19199.03825546719,946.7742284418788,531.7403565261382,417.4236046491486,819.4019417782596,13448.016568065235,143.93808835106867,734.4505070673443,0.1939698160111168,9.911280049228305,5.9814509901042445,0,yes
252.72717807237774,176.63238853989014,266.4956541458034,290.2289002683158,0,80.86202559370892,916.9146105749358,17366.912345027282,985.2410588814645,534.0021814850242,371.20960152849887,741.6783691359805,14469.393909975228,491.45704359895717,600.392903127576,0.22398701063100587,9.008908805834436,6.474288274910469,0,yes
291.74012317020373,186.58450943834924,270.1589329406751,253.53271841864458,4,99.5130729128707,786.9764410588867,18380.507356039485,991.0320446680861,231.4432269989475,687.8596186806654,948.9645262089198,10321.294544945487,806.7470601950616,620.8680421461213,0.2446455367065345,9.487243248355352,5.028673582311573,0,yes
230.76774083304917,159.73740926213492,337.21446895276125,266.7265582968742,1,46.15144654145251,737.4458525114545,19439.41081673171,960.8583570464576,450.7640103862539,495.57217073315206,806.2190451694083,10175.49203562976,609.6997168977905,703.3212814858282,0.22353317985012278,10.001530931066863,4.8489654951333705,0,yes
263.7608312937515,363.19830444465714,275.5280980075506,237.54122571269613,4,30.527138015001594,662.7190503416851,19988.9778391802,994.582512513867,718.0716091036866,218.76785558533413,831.4825411937177,12919.937821552998,174.22945745180016,684.6692831479918,0.3009506910895836,10.264545020205626,5.778897945439399,0,yes
241.51963096565345,192.12932342436744,128.17796588606953,217.468057384604,1,35.9561626191008,922.9293574629613,17719.231586204573,960.1941231033285,921.6078830255756,28.98771278465597,928.0358901421068,11403.218876566256,468.7230702233172,725.2069977109575,0.18490814049767632,9.182978759790245,5.335871567386736,0,yes
252.53903063007203,206.33313681742902,278.69217350527265,269.13770336497174,4,48.5172443177231,645.4810687434107,17809.395277041767,955.6270939854627,517.0405292970679,428.5008940546744,807.9753484769835,11959.248330771243,151.9681789265384,711.7907867744215,0.24599830224561947,9.165601460487729,5.381087361134858,0,yes
203.4827929744526,236.4955473514951,150.64317994156625,222.94019780514196,1,56.37132437150311,746.0011753779206,15319.897343362525,933.0325496770479,540.6518328163912,430.1537666150625,921.6115635311885,12328.823169342737,707.7108043956716,772.6254215730858,0.20600475505994148,7.939841538442679,5.808225807005663,0,yes
286.5502544342412,158.90264961671596,121.90923202522794,203.51377824065378,1,72.44574508453965,748.4979750663479,16863.590057871927,985.0767593349611,45.40570552986845,931.1448362744051,761.0740933629136,10554.00172569899,581.170662103372,753.1335060597336,0.1778575909321207,8.719412582760643,4.981664415849352,0,yes
211.7594143636679,198.84028461906212,195.15012999002727,258.0052693675161,0,38.04947572939923,759.1765185063729,16011.307154850429,993.9057100159876,774.6948869502222,138.15614449584143,969.3679246710353,10541.889696036107,635.94885313828,759.7872929004128,0.201598658995632,8.296861919924956,5.074179879544675,0,yes
229.5601930950367,396.26485362651476,184.45246853293548,207.08934443197765,1,33.25715569040905,810.182087796207,17264.96534452451,930.7232409542329,777.0328694650016,134.80588053779957,878.2226363739693,12586.31722775629,357.4214790228189,629.224397977824,0.2738911749207179,8.926337888226344,5.726727254717072,0,yes
256.7295604255555,363.58592364733624,308.91678494820405,260.39902406876496,0,81.64155797728502,600.8608093641981,18587.66359368747,966.458287077019,132.72967248480663,824.7562208656466,705.419101836356,10346.34280592615,240.98685952043795,759.3236581434525,0.30189088738958697,9.546515767506143,4.738457613708752,0,yes
228.80064194153215,119.61672035598214,246.54751916873087,279.768600462429,1,63.80377703186812,663.9181281515542,16962.94511961435,932.8565847671692,12.954126028951588,976.5865422077087,771.8428481236142,10546.126309922967,432.6462434535607,725.7585084768016,0.1939303619805489,8.743277135854726,4.921577929966987,0,yes
256.98809150075874,112.64361129638684,140.06708202104437,251.69983254895754,4,77.56239723129936,929.6394414496103,17068.115711037062,955.3592955311838,559.5802283853732,416.84986721619464,850.542873516725,11717.990678229617,350.15657297148925,643.8282470678639,0.18152396076861424,8.858286174501607,5.376204667559049,0,yes
223.9125723844241,218.17981275063488,350.2852335183909,247.98168152322646,0,68.62905343992176,790.8066449122749,17808.007699412992,959.5092179260002,481.1129484345134,447.72514702966447,918.6370702185117,14622.601132135333,781.9039474728114,706.7124437584555,0.24373501293901162,9.19748921972449,6.739704530024139,0,yes
292.8084775639402,257.9857421090245,115.48689868915959,209.601095183653,1,64.21439887141146,824.5406611195707,17563.300061752157,945.1472749135096,349.6088828590607,568.8789299180947,942.3658286388774,10417.775091509198,284.8571286133448,700.3082692382911,0.2171819469254105,9.08069938633234,4.866184859525601,0,yes
235.39981543003728,147.75726376567735,378.94628960099453,284.6514625514226,0,83.90198176366577,777.0005349226628,17926.869059289074,945.0784904486874,564.4452083505023,353.84186359306807,960.8039035230476,11674.382709311538,691.6490490249794,771.9610681780621,0.23200359088992636,9.251859705833237,5.5483963544361465,0,yes
215.3877659371822,110.10937105660506,120.8521855996036,213.38091897434268,4,34.06252448522377,638.3852151966199,15259.212364557328,910.7919532460752,473.62105339918395,483.4161208437561,913.0002663803527,12608.460031393179,445.32893685378554,731.862851520579,0.1582787661674435,7.882814019179474,5.804364655818877,0,yes
210.18330742965077,279.6785713005121,197.7344965453295,271.006010747871,0,71.96816614417548,865.1978606195155,19543.112784634268,996.5660900938021,123.03946656151572,782.675591477577,733.461769920401,13567.309846569955,843.8092715576133,615.4252258014379,0.2411157251468237,10.086852476794745,6.253137182267106,0,yes
230.28137740334597,173.45416223110766,363.17139202450005,218.37907041235738,4,81.76254924853274,863.1944570009773,19103.50603769969,983.7561450061462,867.573241823986,83.0864226828852,928.1287012537482,11545.748141791932,598.1791394901974,706.8772528970933,0.2409572051845395,9.864820856440582,5.44228764213468,0,yes
271.59920065106735,127.45725920394926,193.03957287775097,201.21602075431588,1,35.57448575184687,794.0988331767634,19888.818969943462,960.4419720650824,536.7505271866037,422.8303691202692,705.4094165230318,11320.314668991148,279.0474134365205,750.9775146201997,0.17251786168511996,10.238757490591821,5.142445242092265,0,yes
273.34140838889016,289.0820319403996,378.55682743284365,213.09963449997164,0,22.05479650662621,847.2571443782081,16650.8456639646,901.1789465000893,511.8092095564475,475.6589562465142,856.6899188867899,10070.339676579208,686.4729355474827,641.1028466237675,0.27116941271684347,8.623556299862196,4.855300744829489,0,yes
298.861768601668,206.5040450468083,254.69646566761043,240.07631237871533,0,99.69053550257063,623.9657895226277,15992.529551151723,915.3262179251981,139.73875544157082,837.4973792722172,829.7030356405816,14341.415481342818,274.7446741635928,703.8162659888956,0.23175457818407433,8.246950055529421,6.3950720962385015,0,yes
208.4975425661561,262.9353681226868,188.59853827795274,283.86466716344745,1,31.573629652924666,927.5896611101346,17883.4789703149,908.5063929679692,151.17211187478281,781.5180888947314,981.1023499681793,14030.299970640177,731.6050497949404,687.9732127016423,0.23387268677081677,9.259076942009939,6.505706970056902,0,yes
263.507407278676,259.9465880555674,273.0582983808886,230.3014633102392,1,91.02312465865624,933.140455249809,16746.463563840676,936.9120713191776,260.0826085309383,689.4474592440707,957.0330716217816,13418.765624029878,757.746889626421,694.4950642432083,0.2532811775299472,8.695724235882695,6.265094201312741,0,yes
258.2649095926579,391.0693053782859,351.0278946152419,234.12336029133573,1,90.09591860256207,987.5893582467273,18152.148824954682,933.7918621820298,766.1356816122727,199.96217817054958,868.335734439026,10619.803693841011,290.4222245638655,702.1682634530221,0.32130871548292694,9.410647468445662,4.926395291654743,0,yes
254.72211695349938,369.9516964304549,325.67029244586274,261.69723330944913,4,41.805084025417756,904.0032768087378,16315.11149305175,955.4367500849335,180.1365487465043,742.661665430743,979.8210186609201,12423.474967992293,183.48001608808238,692.6781510317451,0.3187856946772282,8.475954188311924,5.642479424029677,0,yes
299.75235949391333,379.5978266645311,105.36690250357822,207.88756348879963,1,57.6089533174181,795.2555817813575,16219.813986660658,987.6285697961184,128.68498326191883,862.4007488296677,859.7661430738239,13881.904821257034,634.8688922562466,713.2770627788705,0.26350990418030296,8.408270399758697,6.37051052660896,0,yes
233.21223365497713,399.8589331075151,371.351387473954,218.6858129874052,1,84.42120720723861,719.0012772629676,18908.471195114096,979.1868661958875,454.64823350754773,521.3323219061764,887.5157893453853,13309.06506140354,221.95235584375234,759.920987428923,0.32192104717448383,9.734519732821061,5.9914032902722525,0,yes
237.61504970307823,337.8018252959938,228.86732969076323,297.5368234204467,0,92.72666826936285,951.794639068967,16406.1417512286,998.5287643243933,213.08814486311516,758.441526064677,741.3724454419987,11947.571705189685,543.6081693854967,720.3619787657897,0.2819724103287991,8.538339344754071,5.51114585460325,0,yes
222.02743850207546,230.34542938027354,203.29993011467508,294.7051757045708,0,38.51606240336675,675.2883773514948,18504.38449998178,963.9388543120926,193.0890371715962,775.4440240723386,780.3347315033323,10134.995901166074,463.645258012324,763.1911577537387,0.22452562824663735,9.52076107767444,4.774986829533085,0,yes
266.9225809831558,100.08702008017276,332.335352966031,233.52888733702306,4,30.104557093323105,947.1514331952121,19269.494596867287,946.7663468736092,220.87609304996658,739.3729686586438,997.9020106361429,14544.690660393382,136.13962179347078,686.0355465742269,0.20661214370012881,9.961799253686106,6.483530099401521,0,yes
225.95887641013405,110.37817897575206,263.39124944736375,297.89065893773454,1,37.2607585994036,827.5482802857739,16546.361595988314,941.605099369337,938.4037643599073,11.831345531107331,916.044237798489,11551.518144909904,108.82878886470779,723.385902663149,0.1935328137540981,8.572417840061235,5.246146194259222,0,yes
269.7623372977073,195.73737902078165,274.09979534117167,227.88053514003522,1,67.07150742761215,777.2547291811552,16021.956958124714,989.9555110061405,636.2442987550755,327.2793841261604,819.8846569643063,14000.576497434857,294.5274787718665,657.5194373455685,0.22510144662043324,8.305654613982774,6.254736188355478,0,yes
268.54294185955854,335.22793517873504,206.5679395170066,230.38248505237158,0,85.16407330068857,799.0024601043469,16524.681387193832,989.636947527056,322.1527088610049,589.7498433454364,945.2600606038375,12247.397138852768,842.279547023126,796.5049915571951,0.2660122389354632,8.56181857308459,5.834043705798173,0,yes
275.45911112944464,208.93493370238724,249.70236584226157,201.1662926305228,4,80.70542323683392,855.893045839553,15607.281256827031,959.9749237376568,251.80942009459744,688.1409840418107,947.4759536853051,13025.803361582462,329.0448891206403,747.8651967568292,0.23459350309165627,8.111776786479094,5.938352515499729,0,yes
271.98774717495786,356.88383740020817,372.13075905341424,266.66863897544596,4,76.94876750102452,906.0443239149513,17655.459640614994,930.719738092793,664.8370210604926,239.448562534419,968.7652030379879,11588.865718493435,516.3310223588389,633.2430620720897,0.33044738127110296,9.143196758801341,5.42702209035702,0,yes
227.96178240344295,360.6000276275534,241.76279295303388,238.5915470534021,4,44.11536171996949,793.1038339572874,17952.449373914318,987.1800962061545,8.061242218201937,895.7529977622313,887.1092766584641,14119.616672681728,786.6750170249959,760.1838492238445,0.2905505319983279,9.274046024512101,6.531477129067687,0,yes
267.70074099894794,130.52985757706935,351.9243373576418,270.58924264507345,4,49.7265244100209,642.4507095552051,16435.669075266007,936.3789117320518,565.032881257709,399.36509819057665,904.8468579335251,14193.16522119593,546.0463849801856,750.3507755159173,0.23268379071812828,8.47543129168132,6.478740892577953,0,yes
226.47645941837874,231.29408019643938,273.950971354472,211.52602061591637,0,52.41533930643896,606.1054194762559,16929.199449785632,959.7460295751845,220.7312808646649,704.934159757173,775.1602806258778,10968.75621003146,337.775359518803,751.6823651665254,0.22470832427410414,8.717496896560803,5.048648341981089,0,yes
283.03385431517535,128.7895695090367,215.17552539930176,269.9921843447668,1,39.093712439007206,873.3072583926253,17708.389163165208,933.7626622664992,166.6916224824612,829.6991644682281,727.2876202002567,12233.359264658626,410.88639241512215,600.668447885571,0.19312339343039306,9.162657349749892,5.554471085242421,0,yes
296.71732331416734,331.5326218318253,346.8505297103494,204.34253604547567,0,76.90273461067454,948.8873013560897,15051.125197880816,915.1920715417798,859.5155997399797,66.81000165630019,850.2624806046649,10213.32927407234,300.1465525854553,716.2155324263742,0.2899123987663174,7.848684837562715,4.756854756748406,0,yes
286.46450565914085,396.892986883334,334.2525563788962,243.77949498529784,0,78.11416890372892,657.169117222976,19426.812013101746,953.4058976331033,763.9189730441971,176.85943845066424,748.6357236267314,12463.002190828045,215.40235776409372,761.4774276605249,0.3202773846696569,9.976557386318845,5.590163069048014,0,yes
230.01690193757415,154.94255678351942,215.07633218393102,212.7522976357132,1,73.7243350991476,661.4087171037561,15180.275911135872,939.1235981998104,343.0476785847894,653.1983721725127,953.3355923455806,12436.766619457285,374.7987207010997,719.9769205087846,0.1897640720483397,7.852253266759132,5.727457046513025,0,yes
203.68619190129513,344.64224035716416,331.80132235833446,218.5980808681182,0,39.146715672694754,686.4143982076131,17906.716261516354,913.7208854594178,189.7005301249069,810.0248646294709,742.335081301106,10603.665105858754,112.86260292091362,701.5668291639047,0.2784873012668815,9.217473937805341,4.803092191675577,0,yes
234.7499831817133,164.80986600027722,193.11783315688285,223.76056498771013,0,27.675427340505188,969.3130692101197,17513.002732973175,900.3441396004481,80.17876848997035,913.8881172283216,824.3660378435836,12573.06902415992,338.1298725965829,735.3508246558391,0.18233066163000414,9.082288528802906,5.71745672585205,0,yes
212.87403171053285,379.8599412098265,354.98883692369407,298.41293879202004,1,78.15836475839075,617.2539073250568,19229.13802241988,913.715275929734,366.4114592889819,534.4067602492969,745.8366976032117,11169.14754343512,565.1209261636328,636.135548151388,0.32323846709398835,9.863573625084472,5.189384983417088,0,yes
225.90403725024913,359.6042400399702,117.88858475491978,298.7769871384346,4,84.59756389690763,651.9819070899226,16157.807511114734,995.6930218594596,133.8007031475018,863.5130119089254,826.1269707310141,14389.143126639889,200.8449832670115,618.9560404724052,0.2822438529802236,8.346766503346615,6.374816493404905,0,yes
207.05758671789314,112.3779201729187,376.7486077265468,229.72720407259126,0,29.936258003753675,676.4682405855558,16920.645582983936,937.7268303468018,679.5316479148371,286.7564667887309,711.5601165124897,11562.831587785873,892.0002518126386,765.4966068289453,0.19606472806860928,8.725543963981762,5.4899504767034,0,yes
285.3327688651808,392.4795093217607,237.981810775758,225.4977646886151,0,83.59275433492756,890.6740724582836,19694.883107467624,919.5791612208634,233.61952094315234,677.5682581947119,956.0002630321994,14420.70076641311,739.9635081404574,645.190602477489,0.29614703062692554,10.157893453660446,6.646608614860401,0,yes
244.02331242877972,381.7000386928222,364.5672763230802,262.45318511021475,1,70.29243776740795,640.1132651711949,15168.20561203721,970.9804680210441,462.791386233438,483.98849022996257,896.1170364287485,14161.759803592704,621.9771609956857,662.2854995396752,0.32164384095254955,7.845952720873297,6.479002220671953,0,yes
231.56595157974897,151.68038863515986,251.57050097913623,283.14443529870954,0,53.92736791031684,698.6753041478274,18025.27729054346,942.4945665494183,457.9810516967284,496.715713867801,729.8957654221045,11369.25819214633,205.41434041926925,609.9279110336491,0.2035433835261123,9.283389412426752,5.123127584725821,0,yes
274.92102643113105,311.504350830323,372.7504971188207,228.84583234371567,0,60.94219133033916,648.726423860805,17843.398524531465,918.3377749479173,106.58581712681074,884.0312125732714,723.7186999292416,10748.964414397375,599.4467857958025,675.2111879187485,0.28721391964547816,9.178194995286988,5.0436630185064635,0,yes
213.30261172391562,207.09188840987588,263.4283931793833,230.8792061546169,0,31.286206091436412,853.6281278341555,17727.005605099308,900.8311200671495,424.3807653834177,563.2588362299558,956.7550810573173,14969.319106508952,523.6324499782975,796.6384962611947,0.21247453283791848,9.16302317036378,6.810387853553163,0,yes
283.1238873649928,159.31193520467102,223.42892095241598,269.96986760446123,1,45.39365675690043,959.3488329529711,17424.190159791742,961.7331260402088,506.1453451346968,426.20424168948847,826.5443199227733,12586.535997815427,312.11717220753786,683.4770754808286,0.20778177337280185,9.044005676344815,5.697944265101735,0,yes
277.8616365897716,286.4751555541533,141.0012148045749,225.31105621113602,4,72.65643790998163,665.3552259146641,19785.64257005674,978.2001874976988,153.20466254350083,759.0905936029619,715.6943638049643,11215.487189891175,664.0721612993242,601.0473007395088,0.2479904637851305,10.161184507271328,5.232430085866239,0,yes
260.5110523058836,127.03025723212676,367.41535492661535,225.78294915921083,0,61.813595968383545,984.2991174153062,16754.701549762765,950.1601962946847,76.96921203276709,842.0336423960824,817.314028850252,11300.531563903534,391.79845449306237,621.5325154038418,0.21003053802128396,8.713412248736134,5.201774486804088,0,yes
272.4120503881993,239.3643934199955,136.45040109229456,278.1160124909965,1,95.60981996468297,812.3457838321394,17967.40616310809,948.493178255376,793.1471094199916,180.85959910607676,770.8690336623638,11604.428740893223,384.7955909969901,642.0498024420098,0.22899346560969133,9.280481727974012,5.312198100847587,0,yes
242.57721946592824,114.52074718269199,293.0949373902645,221.91291045503732,4,35.91302897956084,954.7440224046818,18739.454518325758,960.8523510795015,883.5721726736532,22.885725857433272,819.7153540051529,12624.191045346353,592.5571705694208,715.4179838337474,0.19986532583293992,9.70045928252261,5.8231238111391,0,yes
227.79461089651915,111.77582957856558,182.3374355861395,215.6749760810088,4,28.73034464976362,719.7280475376457,15628.644605917942,912.7927113984512,299.4132708324145,667.2584156684247,741.6125759319702,10093.222632848217,155.24530115697664,650.8184986376401,0.17259775649619705,8.085640366798884,4.6043285885086265,0,yes
202.27495591439074,316.0376189715973,233.7639055324854,245.82825168064142,4,49.43576748803821,651.595841877539,16579.806582736248,922.4891552578873,541.9912628611635,396.61139296639533,884.1122944963813,12202.387640469533,541.1791325537563,753.164821887781,0.2699991511427806,8.547593628355418,5.669013860900359,0,yes
270.771152575572,344.77916423920635,315.5346833086612,295.6034305331094,0,23.29873313642807,993.1401405658821,16374.10332605958,904.235634084546,680.1237517081951,225.41301479776314,949.9479120113531,13045.659762398922,531.6493095557737,745.0189914634539,0.2971755628035143,8.518865656167913,6.023238158591627,0,yes
296.5158174610617,233.9180592802671,259.880278155201,227.43736796758682,1,29.815475744139263,625.2934488917371,16989.061209834927,902.6560201753923,726.6029127626117,232.2007301132311,935.3167543188433,10100.05097585098,234.69687862460714,656.0003806895517,0.236147016123562,8.743775510153482,4.715916640377478,0,yes
265.4957503518644,277.1704678845931,196.47392196615903,249.7210286852265,4,51.29710049074865,833.3949754281126,15542.627995309715,931.9150525108528,35.87086407444105,958.9153523693946,842.2197188488751,13754.433479164141,127.65222694761763,608.0137603177861,0.25599468295230327,8.070533303640351,6.096314349204389,0,yes
234.21532646116754,314.00083733049337,245.28431710544288,229.87893300739358,4,32.589795557815094,729.2579346620398,17891.968430554436,971.7629384880838,463.98089575504326,498.4277570203672,857.7932091413809,12691.861380642402,151.49358685114026,773.6826566635946,0.27021408088745014,9.22750530002006,5.704409069298764,0,yes
245.1897841947919,309.9708173531824,101.10676033662008,246.15941925343895,4,80.58804362416438,938.7844866988517,18295.873731783224,994.665445313944,846.1464939750165,90.52582115421603,826.5689644691798,10655.218162991194,674.1794396426358,627.780097295896,0.2504432603521464,9.479688951219357,5.063539918575302,0,yes
274.6935313006193,353.4050947169043,142.6924046285779,259.41508892400225,1,30.74898745211857,779.7969233175454,16630.723964515462,908.2845062331108,726.3669450877491,192.38712958180633,820.1245272988516,12539.64726372666,606.0170370520259,618.7713076743931,0.2642526424441012,8.59937043242762,5.783837884680984,0,yes
220.12627718247637,244.77325422996051,103.1443291648029,214.87581490818505,0,96.43405711530404,660.2534330083869,15825.441626602214,965.4822545252157,314.8988931543099,655.6213831180385,856.1354353910666,13128.210012225854,207.30592427496344,613.0572917299376,0.2013413651893037,8.178210882878275,5.88055092794117,0,yes
252.35590720671814,285.9058576417009,328.51601241974635,288.7206225322316,4,65.90460990307335,650.6737070537253,18029.784232224443,949.6627935357831,750.2710467531326,162.56611309582138,719.5040922394821,13375.807352270589,144.29177605302482,607.444621919585,0.2938712570956867,9.276108988674187,5.891077495339123,0,yes
212.4983053777412,218.0737808071999,125.2672449333841,284.4867437059577,0,34.2905265266304,958.6597412541785,16211.832881154587,972.3527752028203,761.5270925945757,139.5338509100137,962.0920256261414,13277.808240606306,858.911867068726,776.913839337868,0.20023261616705637,8.43913445171325,6.255496079581133,0,yes
233.65174086921868,198.55372235804265,174.3383169311979,231.2400871466922,1,51.899532864178,801.3372131185538,16443.37043987955,991.3872917879808,876.5554212273361,47.03669441602938,775.1846658584785,13473.88710896199,366.8877868374619,654.6463600898284,0.20047402758196525,8.521927047134557,6.049261594028581,0,yes
269.76317949883287,223.10837146940514,243.29656197190204,293.64370990955075,1,87.69832316904933,962.2940151860982,15408.260543893533,910.8635139905944,890.9350055536406,23.408126943079424,856.525886588174,10213.779349016708,745.9834503639584,684.6813598462165,0.24563552227022842,8.029738222103521,4.932074909332616,0,yes
209.50010465848757,314.6441759013455,309.6034682653905,257.5731101418851,0,94.09363722902525,655.348670399799,18477.16110986873,987.2019496352084,773.3369958156727,127.63441942828251,737.8012398769645,13697.250801742462,552.3852557422956,792.5377912725877,0.27748522582680774,9.506001408182078,6.213021644705936,0,yes
238.18459802065865,138.77309484799952,171.41751215597066,282.48521976488547,1,68.7466062214248,792.7939967587977,19206.42456557367,919.6431418185323,648.805125701092,349.20181537065594,772.4778574621768,10147.681091147468,155.4705775053221,722.419987137992,0.1889172294951153,9.89166777047239,4.652316302102929,0,yes
283.7939493964761,293.04797029789063,279.153882482928,276.9309278249624,4,46.630961720126166,958.2863076244951,16216.447921362134,963.8731249971214,838.8758109506643,158.72251270700053,735.1175109759431,10601.630005425008,219.80263996564304,674.7413328571797,0.28605378234369105,8.440185649638538,4.838338092633277,0,yes
257.94777539943277,192.17525638487174,149.34716086404757,289.95882766333716,4,53.87901799050199,694.0657840039275,19251.352974814094,973.3740725379175,144.79440535676588,819.2937313385029,807.2185862490788,13016.208859132685,459.66075001938424,768.6950355521942,0.21998839947931467,9.899668396266643,5.936751656366331,0,yes
291.9610296583171,306.4984732710004,169.19236728309357,251.7559732915467,1,80.59183827124059,796.589695794005,15644.819099556533,983.0335208344599,861.1649539537805,44.59356176172275,973.9895683140103,10440.076384696104,445.673341069054,738.3257984694891,0.25771083113217225,8.120434099239644,4.955372871620902,0,yes
227.94038555738433,259.8939821856592,149.3478401045118,240.91877794777736,4,91.2870397071766,706.2637828991212,18175.942266801256,915.2351911389945,337.12904550814415,654.5561803684327,854.1152706541526,11503.885204250508,763.1860827756077,687.4429014643443,0.2381784256977146,9.356656583289276,5.465043534670951,0,yes
218.05168838308634,102.64380552292269,328.46455983998436,273.61249605502945,0,88.90861266039718,825.8279652417673,16463.440366927098,958.2144851835219,872.3373007190561,99.80798652067404,975.3430135008834,10912.193068729086,541.6258584668349,773.317621763073,0.20009255089895128,8.53285618634017,5.196909749859603,0,yes
299.1081670518489,222.29228493580788,180.81503921651688,230.365559204777,4,95.83282280538842,971.3897707189913,18770.497282845387,949.0829808935028,405.9007189631298,588.9425624549383,872.4217099377511,13413.658771554685,532.8753677408298,752.5052211462917,0.2368974442539815,9.71818610583316,6.153198696887965,0,yes
281.4873425190487,200.84396105004225,335.5841937893432,240.0983766659832,0,31.474218248227235,635.1999704298394,17327.566884428197,976.0313969969775,988.6566721545366,0.8570401959181027,949.0967303198422,14752.236694081199,342.7730311899926,743.7575229926911,0.23489463359822582,8.925259888337873,6.641357375420126,0,yes
204.76598456761752,379.4864032322469,278.86546016165823,201.7623679199997,4,36.7504192643797,948.7053581590079,17310.13906202117,923.4227204140714,355.75830689743935,599.865351475717,969.1119481588637,10631.777768434467,704.5490573835522,632.314189099001,0.2943057319316795,8.979275666794841,5.126526451567068,0,yes
229.93430763259224,391.5105621411105,119.52723655078225,268.05106504202286,0,67.1902408186548,973.1087852250755,15765.900403248343,930.763693280839,151.49213933948846,807.6613547577238,770.5758888577496,14374.069295317917,596.0416018877447,651.6211096951059,0.2715092738514434,8.213768413399205,6.503639517708578,0,yes
212.59983708807465,301.3644029776343,111.5927424260549,230.30549390725452,0,48.16816995348371,845.2393823116029,15627.299570080522,978.1543549445767,643.2912057063576,284.9902003995103,904.7374980114946,11035.96881297382,255.9112177147174,603.7829152121994,0.2217347419619447,8.121897463241076,5.075518616757495,0,yes
272.0295932089432,377.92901114147526,290.4138368987176,267.53596807486133,4,66.50560401365288,792.0482131736951,19882.820287304938,999.6522830300667,889.690093950702,42.79083818845538,791.3673416993234,11270.30149712579,526.5763095802854,682.1702901301977,0.32138783487844347,10.240726547449896,5.243009325034316,0,yes
267.36052649900574,134.50116686827266,281.4283994650849,206.2014282792385,1,60.4311659555378,602.8015246391094,18555.850514663678,932.8958525689758,658.7584840438572,284.2796160423609,866.6757076105963,11155.208658522162,672.7994293814,652.4514434291634,0.19659809698221176,9.526414065136155,5.283129909579492,0,yes
229.58095622859003,223.53151128205948,210.4053082294019,294.67315150811464,1,99.65964283619013,909.6510622999522,16011.91951272244,929.0163240545511,423.2502704655076,567.535852099963,748.9804310404666,14176.642959885254,507.5062467500999,712.3648171964338,0.2358561143899596,8.322013611449453,6.3929843079253414,0,yes
260.7489554873776,222.09921197825415,217.57577971191955,265.9183334692152,4,60.392434372249724,853.253855296718,17925.763772167666,901.9984058241681,99.30809220340875,878.602002173346,879.6010194792362,13269.377760513189,440.7691171196766,780.0376570754116,0.24196872460137012,9.262477057654804,6.062837827050987,0,yes
253.20545924097874,351.1484610657476,232.09677168218502,252.80434468087543,1,80.64234905629277,929.0233222824893,19881.209221340458,926.4656235324184,722.2163526861483,195.02241482812872,950.8396935650103,14380.415022047053,706.6744831815372,622.2445690818532,0.2834616126705988,10.26072461736184,6.612940333080648,0,yes
287.56934075787285,121.1808101571772,187.53425490591627,237.48801898890807,1,74.65113782792372,655.935021235532,15714.294552232497,918.9088039453522,251.02271875438728,664.7972287732804,714.6576028874309,14903.841473022945,594.2263335871814,744.3384034858377,0.1830951030760054,8.115296083946376,6.698739193055171,0,yes
271.5314800966586,183.42474596735858,261.8402455474703,262.86715387960567,4,80.3279502160413,842.3435686578689,17368.816444441625,982.8020838375496,32.69858138924857,964.3256733232245,845.899208181101,10925.935931466916,455.4294866026232,765.3246410528757,0.23861248874339336,8.992647874180294,5.118531056534305,0,yes
282.8679198724452,295.7469478808915,243.6250662740559,229.79045104184962,0,94.38033993553009,666.482132708067,18316.63388403185,914.8365539463999,669.4879571624401,315.1359656721394,937.6863638765685,10938.420692082562,456.1318322314877,797.3622458206092,0.26048564105601885,9.418216205010136,5.1630798581017014,0,yes
210.48086298939393,151.01049367566316,323.1036004442977,245.05078048045024,1,59.32790898040793,715.6327568712297,19848.287152995348,903.5858393757986,144.29686211716162,815.4830012821403,847.1568607305528,10069.322965486119,521.0203571015527,716.1964514771179,0.211979725022928,10.193302289512125,4.790952748501557,0,yes
286.3213438687414,203.73641567929337,307.3586606532933,240.2393988737004,1,40.06685001537431,791.229251428278,18726.28132238245,982.2938545145315,367.23179377533324,620.7010726514433,792.636825450961,10442.630045719625,387.85427526843455,602.8155678444144,0.2361269490075813,9.659867277689875,4.854212732839272,0,yes
299.81336851526277,279.7903380793057,141.1590134870769,298.1510102862297,1,48.45834777130812,838.064221289149,19585.046332701226,932.973402236722,197.22612775691465,799.0833741515817,907.7563317819443,11233.130721687949,396.9482584840866,710.0434496948337,0.24765553626960732,10.09293612739433,5.235326163304195,0,yes
287.06933850490975,297.40201857624095,396.5098761676093,250.68217998125095,4,87.56018241315117,747.9560032242338,16535.091399077683,963.2782163539047,144.26845463860113,833.5792243251309,974.7845259018029,11081.090892460968,537.1627086671446,730.2163396376371,0.31157745029255735,8.552030442087023,5.25751839975812,0,yes
291.75988139612457,256.29971519839137,102.8724288727242,239.44092675643435,4,78.88764230223134,688.1115843903041,17390.725994696553,973.3935765247335,769.925138649113,206.19844497723227,785.514231467802,12643.648411495347,418.9917351729221,732.0636125219371,0.23366455013610538,8.968049875837739,5.759571306519958,0,yes
263.78853266257875,137.07074391700215,282.91978669109164,254.14409730981347,0,22.380319582771058,879.2696702588137,15211.987705181364,978.2142607757504,8.781582521650085,913.9960044517709,996.7299531769402,10398.455411619212,444.89649115635797,791.9661696357944,0.19827825333734278,7.921926876125332,4.9569810405655925,0,yes
295.39656475368383,322.9201084407476,131.91385904579175,270.34797999537784,4,23.884835041753966,713.8538219201571,19021.239341573757,920.8766660795176,423.1188352322185,570.1162645530485,963.9470675312605,11381.553600505638,500.92603937390044,707.2006595828994,0.2658494824628181,9.781747910000572,5.35796050604682,0,yes
206.94847555718812,151.57113342855422,292.2904596466953,211.46676040559285,1,51.90251978449943,724.3703643417048,18446.738592821108,986.9464037615892,312.6495084858929,675.5011951183321,811.4528994309287,11819.355717907467,224.69341741322876,650.8942965338193,0.1979453546024051,9.505912124191596,5.353477671159235,0,yes
205.43339918824793,147.16093046899238,238.8577757183784,206.52872198606593,1,97.5925065490853,710.0723020318077,16433.737984985084,980.9612677367335,674.5458989089751,316.4899856864356,950.9483535228431,10608.216706626854,492.49361212343337,641.3792982028075,0.19006077684194253,8.495431081344142,5.031093974550317,0,yes
212.3252001958252,149.81419987145293,111.87227764251514,222.9283455507497,0,89.16954870200013,663.8595112226602,19080.248964029735,993.9628754514497,671.2680021081036,306.70932770936884,898.3902006562859,11061.276835807426,659.1435497969709,774.7208440686757,0.16481532719768915,9.810344133447469,5.273762581988735,0,yes
200.08916567978807,380.265095457832,337.4476154618469,215.78208599108365,0,79.38655716439214,707.1525397554518,17486.825286235297,941.8512275816556,803.6924538420417,108.6658204087048,833.5883921980359,14365.52835765035,592.2597408151828,647.5781174518403,0.29790717251750515,9.015939991502204,6.5169659896924435,0,yes
233.87149795280146,176.6255039937369,192.04591631647372,238.56663600392878,1,24.89816888803924,803.7260629846908,18460.453762914884,922.043005035645,381.18547608070816,593.405859845047,875.4847769404972,12571.618621320453,529.8052545972853,696.1337070553715,0.19334372919478554,9.521450526462234,5.806110965176024,0,yes
295.1962038251409,103.92780623929747,384.0572942542731,243.41716484745675,1,30.62811587403793,949.4203199987392,16755.908316800887,917.804445370412,959.7730979548587,7.711594377820916,701.4088531910957,13840.149292349888,462.343160881307,629.5935074121876,0.2121171376718219,8.70155565118647,6.207191020664252,0,yes
295.01881796592505,346.09413816362553,295.51576560379385,248.6931047297935,1,88.6937705824093,983.8813802040796,18311.917525396362,935.4188687376595,572.1134070461459,367.3371096917582,776.2314118446554,14412.906582945867,412.01013384579994,640.4337533270476,0.2996075809845491,9.489898858197508,6.443648747480827,0,yes
261.81100819533975,203.34582163007417,311.1178842733828,254.94242799541567,4,42.919555497492325,784.2108949557746,17027.021039792937,913.2365637513744,566.5727395292643,345.39511113582773,718.6075744958165,10336.61217755006,178.64718403985523,700.027048648945,0.24891868245199814,8.79917770554318,4.700804334740345,0,yes
267.3984672121478,118.9027313851478,385.7602737540433,202.12272056269725,4,74.61735519931338,684.714439694536,17590.6281107819,942.5862381413027,879.392811512472,43.67490851165792,907.8641711596453,14153.5048851717,615.7142288585001,795.3811675325159,0.2241976522101835,9.063010916401876,6.492278284133738,0,yes
227.17415205357776,285.3502660280112,174.84937019446366,286.65642747153987,4,47.46109537614017,754.7619373379832,18260.895906149635,969.5716141545068,534.0862071657946,416.6230498017138,787.7893772087966,14082.302638338182,227.00852180692345,749.2741411967113,0.25700195906397577,9.417309074337675,6.257928890058371,0,yes
283.81939766745774,136.14337942280542,152.3638920771262,207.73173004871137,1,37.16703740548448,832.7373560837241,16717.8101238686,921.8639732505347,452.4032180442818,484.2058982165203,835.3007716841471,14011.30065515216,459.9086462340569,688.9498245746945,0.17090785307692177,8.656600241550642,6.331774190947154,0,yes
235.84631371324838,253.7124927683972,309.97724369498303,226.08106728362336,0,55.175977272546255,746.3262244370868,18991.710411385477,923.9642732061988,699.4395369637853,220.0386139291594,932.4356359997515,13487.098854614076,498.4122065047621,764.2398528493845,0.24532264734740333,9.774577740166386,6.1839746013484005,0,yes
278.7750965428868,177.99490485524944,151.1189595233027,267.8212285804648,4,30.406260288687392,649.58273067513,15698.515268801131,996.2603273276941,385.71880420152354,555.231853886534,769.05173305969,13816.474775568078,614.997496496409,773.4507459124927,0.2099288340770272,8.116675048238934,6.301175799158246,0,yes
239.86410828817355,314.45208975177735,378.0720660703686,265.9031913961079,1,21.758748963193312,897.6622635419819,18860.858922768875,997.524292066464,480.7137369927423,473.116535227734,743.9753993442831,10290.895263315302,638.7175675687483,620.9652046552595,0.29150961147177196,9.753207219293797,4.8720564265198485,0,yes
254.4780332281489,398.08607460347895,293.01517526862256,280.54919195871133,1,38.776515959014034,705.387806881384,16465.902430258117,981.7669278800699,391.5132478076625,578.5879937321545,972.3918034758436,11636.594668687607,742.328024130763,629.0611059920984,0.31486730260652773,8.5105935491895,5.546447956086405,0,yes
227.1625432934082,143.9330384384387,103.4214766149255,248.0712101775516,0,31.157582855453807,657.4453083701454,18139.125041038526,900.9963316099028,746.9186791826017,203.99178810784963,796.5937676123191,10402.046318233684,749.9158398030479,643.6621730499644,0.16038190282708945,9.325596082930357,4.984609458201994,0,yes
277.2421214295613,240.4233649569007,305.011328018885,279.18321117702493,1,27.712537075073147,646.2762380985703,18442.452497096627,974.8701407915087,25.301818350710345,889.9636787230975,934.2541134243637,14639.943585676912,585.9925220732513,610.3657906748135,0.25541844054496016,9.484958563173793,6.660024915434032,0,yes
299.29437346731163,392.11180762653214,145.7306468630244,287.834002668622,0,85.89684152508907,831.2807082282554,18875.852299752212,953.8562055965807,254.7914816999333,698.8880136713145,824.6623597980374,14189.095441584075,578.6381683824889,675.7117166279572,0.2920760596581438,9.739684971392611,6.446732109594803,0,yes
245.5997655581842,140.8342219780187,149.48176688862023,206.42097594001518,4,44.50583020120787,730.6873659097629,19782.77333778894,929.447740437146,578.5085902448224,364.64481608773224,738.4392994485727,11482.967539105033,388.11606362812114,749.5845855838152,0.18003173758844584,10.167401910700061,5.261900348354692,0,yes
225.7263794272584,319.88488271099106,337.8053954725659,250.36991511623353,1,61.350682362238175,958.8442166993827,18091.113612177072,916.0615446554832,405.1115234222681,526.478965948828,704.64614722339,11710.48537269211,703.7743772680666,708.4973257156204,0.28571278170571,9.371082318438823,5.458622964938886,0,yes
258.2341433874126,188.6655965107806,208.7362662376721,211.4084316812059,0,72.49329601032571,850.5436685166386,17723.612090159193,931.3887319565905,97.89944583634961,828.4212353804377,918.1602721820389,13201.840754325964,409.52437603611685,691.3269897692707,0.20112856889569697,9.164808328692107,6.0198833036870125,0,yes
238.94050989534475,374.36585809481323,352.5506119487575,297.3820113863378,0,96.80599220871491,837.7007611233073,19456.38315125661,976.1655042799888,151.14693519596096,765.9477783019001,980.2961366584029,11303.70565208578,727.1347190428326,624.2014485031234,0.3219842942509715,10.034469635239454,5.402459145838455,0,yes
271.2145921092831,112.94055990675061,313.9194407927845,212.39718956013266,1,23.802153351677376,818.8363353426845,18463.046687953112,987.6964966796232,349.24286076232613,577.3000915116538,835.482444393508,12771.31176299819,235.23174476048627,712.5114431309846,0.19159521958775638,9.53516652993981,5.747709854912009,0,yes
251.1260499565172,158.7922988069629,370.43294349343705,243.71270990877815,0,82.53304004821251,842.7177628142831,17747.516437935403,930.0408297044983,897.4225742307967,21.220739765083067,913.938401321578,14170.519118045988,254.02063923685878,751.5901600764912,0.22834284948983902,9.174815067992776,6.350389770497953,0,yes
212.5962217441692,258.8683025730452,278.4397311010366,205.80168486643794,1,95.79183677663616,797.4371054788371,18571.21948369418,956.0151574484005,631.3839228255899,294.6475003677916,898.1649262861745,11281.716164548883,459.57660154714233,698.6694408178332,0.24319222100332794,9.580092585643273,5.264784713741238,0,yes
237.408337255241,367.63300179313757,238.3501257898277,224.07242610686612,4,41.07018526330278,827.5974317782741,17694.908212468974,943.2404702069721,664.1898825747278,332.1579275331886,796.4390799187632,10247.14077152179,740.294817378876,799.7989116415861,0.2905880833491093,9.146926799591835,4.9456861439839175,0,yes
273.84075904861754,398.5633469978027,304.53770073674366,225.8335272549644,0,22.312200928686536,792.7064732665344,17822.93813063976,942.634227418209,11.887170074978794,929.2137785264571,961.510426502475,12703.99416243245,563.207365651475,687.4994309612543,0.3028004560378182,9.20305624646872,5.901080449606248,0,yes
248.4527707482999,163.33710016099383,349.93992263948064,232.77242918268902,0,46.83085780646262,761.6630479352684,19131.55986537856,992.8969321976138,323.6346711635446,665.6933958839763,768.6794395591761,12360.716556003363,258.15702385585223,762.2608100708126,0.21904772956532892,9.857399979993291,5.58117060209525,0,yes
299.2741135867532,120.08661570087685,334.9194258274294,288.55476674492024,4,58.804324542835275,635.2971259953888,15699.024434795561,991.5030437850173,221.6212084098296,752.2645999074518,824.0052458090169,14757.63276023341,471.93015498464,793.8342971184559,0.23383899672212904,8.113152281398563,6.64965372331501,0,yes
259.9688299964549,341.41818607239463,291.85654999581254,209.8159855452874,4,51.74745644181935,942.5236633773101,18693.232068126294,986.9112314167127,286.54452078302927,618.5889035031872,765.0150950115785,10503.889529128894,583.3205814705368,719.2806825994433,0.2921466086566993,9.678148546701332,4.949758700042967,0,yes
201.2498612057882,161.34775986909023,363.0117703596418,268.79080060348235,1,80.25275121578642,982.831837753084,17320.17041468237,988.5061549664097,450.10365749369515,481.3703219212445,787.0766289829587,10288.860113353701,126.14513991288243,722.7160019441098,0.2303101683393043,9.001102854051663,4.693757602416182,0,yes
233.47378752276225,109.91365200057606,160.88387524379607,281.03832020979553,1,64.03173994273489,638.3532653798771,19549.87176444505,912.5570473206972,732.3495236701133,197.03333092447053,881.3875720307619,14521.321645985448,564.3107867653154,701.5705523321315,0.1737893602505343,10.02837779789636,6.596651479398665,0,yes
214.14102568137957,194.32350341660594,163.8975457546114,256.89252731240504,4,45.190406883335,861.7720681972387,16788.37928937101,948.1775996909807,153.33104479456927,763.2446648507178,875.0052872249773,11194.014449675538,598.7388712801696,738.6060766327374,0.210517016546833,8.70202718808668,5.280094877280011,0,yes
247.75403142561868,212.65872296329854,157.7413325128975,287.5361020804587,1,46.361801822595154,836.1354085121169,19668.677795398333,948.2018729070714,794.74134934242,141.6699245813527,885.5875739608241,11702.21334838745,285.7668198169066,703.1789604545891,0.21514209750725408,10.136409607650759,5.3604465095496865,0,yes
261.1440946111992,355.4310823181753,220.32221042986447,228.91171204908852,4,88.56317335077459,684.1325429970321,17870.228053731815,951.4242376770212,812.0470204760248,125.22453370695087,993.8758461965385,13502.805428708129,474.00399302438115,662.7937176816993,0.2920414258134452,9.203898228735142,6.194095510380256,0,yes
274.6361267626916,185.09153740137157,119.88056440591312,296.75931289088976,0,62.68493418028869,710.264057704543,16662.709296731497,953.2894790385249,63.831362276209745,858.4725983810042,913.4140664695706,14693.357857032463,509.8159655029609,754.1788267381557,0.19984051631128835,8.60613974871551,6.6624785921932554,0,yes
291.20953312642075,291.6359653272085,147.6532836469386,280.3686423106955,1,93.66376682536963,639.2725530213853,18510.960437484406,956.1765708582184,893.8561179023158,33.76598747754986,982.2100133599129,11688.576570119936,345.06050786815445,605.679986281618,0.25472921294372614,9.51510497353534,5.40336734015032,0,yes
246.7808245826469,163.94640990587797,140.47655169315942,294.8880189921751,1,40.89741665918879,890.264899973437,19078.52644878269,906.9763444742665,899.8555771476239,78.54095920283362,826.4683597589467,11535.83522492226,704.2019728614225,711.7084929241462,0.19286475767369718,9.847900760176865,5.444532000151675,0,yes
222.19705939705108,156.3088585209363,193.63256550812656,258.27311533036305,4,86.93455135479623,851.5519829289736,19288.286334555214,992.9692163657866,117.05550481163162,845.7680119821949,759.4244112102456,13631.377219698988,168.52173108924137,645.8008928014534,0.2077994617896727,9.955863737008446,6.030837435801373,0,yes
203.80540047974168,109.02492270012594,160.71179839262072,259.43421488686886,0,65.97281731352709,981.0956327157485,19768.284604991204,999.2210502154753,497.18912907116953,430.2698910130375,835.2420370922517,10326.526743771394,403.90440329579917,677.9007624935678,0.1615767445689753,10.22624616185667,4.832730602889528,0,yes
280.1237322254758,165.71347589240008,353.3213630790195,236.90118562151008,0,84.40455257716805,832.1180594904972,18026.53165305286,982.8699678780747,68.3232131346652,900.1437870190464,963.5760912118949,13861.889124126876,697.8757123674662,737.7578374137087,0.2302315180396553,9.3192179767641,6.429343202818338,0,yes
292.04941993639625,392.7824791842466,125.35600498969437,256.0491928399264,0,23.889885019874882,637.1291506869056,19876.955627647196,983.6419039437749,469.95284645155607,495.23450194962413,728.5187579460637,11536.947630129218,340.3219867818651,690.4724244371788,0.2731995206017854,10.201427919413405,5.255617967117371,0,yes
206.40002686880518,316.53823530098987,348.18730772335033,216.98206636429987,0,95.9348837511702,786.1591642582187,17274.847858232806,966.5959541804714,909.1643031070756,41.32600166875454,908.9110214773474,11011.62356246252,555.1016803291342,791.6991548232502,0.27768175818519725,8.930850986435916,5.214969426047216,0,yes
287.61588179436575,197.60885468454853,245.04606117796604,239.52819480875235,4,39.43905445841941,798.6867172591437,17063.781791283865,974.4474586038391,545.2993339769789,449.6898111797898,936.0793672245777,10109.15744077712,244.60606068123872,770.6127323670125,0.23315626630022476,8.829195661654957,4.743984599123,0,yes
213.90965637865486,155.03026897472745,365.91834999412424,208.17793248997017,0,48.37971897595922,869.8024327057051,15297.500728016814,915.9474207690113,28.70405130165955,902.7347711140211,940.5376813280179,11255.000199986805,318.4352915286254,618.28298395907,0.20983262549105075,7.953982278683434,5.204784494934015,0,yes
230.53570083732043,377.28471941041516,161.84181002396917,254.4005008474855,0,21.58733877839171,665.8991534663912,16587.404694633893,953.9222550132072,298.579769095379,603.9080367218772,717.6056975442095,13548.681858791684,237.12616848367506,729.99522293724,0.26589586633211043,8.558834525865763,6.011292029772204,0,yes
259.21112637339536,152.52463647179513,399.32201073440376,223.05080704747235,1,49.26740786652336,875.3971231804685,17685.265411249744,925.0792707010584,98.1424528206831,808.628347721716,939.0893585937241,14369.710101195447,537.538495323942,651.8458475340241,0.22832166274612173,9.150378161548055,6.538747107394189,0,yes
244.3776475099264,381.51907056976637,142.59073970209505,221.62064406324296,0,69.53069161479166,658.1020161120408,16138.147959942537,968.5164456251555,239.7529481370311,749.3946481891466,725.0386634433368,11124.019203929403,847.5102217993434,754.7518773177259,0.264958658294557,8.334512328582464,5.303752334984967,0,yes
277.58100189797744,223.30809057380577,154.08559686013893,293.89324656352983,4,66.57722871820783,717.7622395207071,16762.033350976657,926.6449673551268,441.1981915406463,529.8129955751087,922.92106450465,12102.791530099368,642.185361081158,709.557032025763,0.2382571151364311,8.653795837888099,5.683783827022355,0,yes
206.72220896584258,173.26826746402122,147.00341764317682,279.8656045301121,4,85.97595883883669,798.1353420229353,18710.19969032027,979.731310445161,527.9786676892113,394.6997177240768,991.5721006296411,11906.894937804042,417.6435704484471,654.9524761317049,0.20750185941159244,9.653012254081496,5.529237106914768,0,yes
296.5527420852557,355.69711539928136,233.7217647925284,253.37132093572066,1,83.24004472015056,907.5315464619314,16912.39892923772,950.8436848010207,779.2289847184798,179.50433381321056,975.3432687720294,13020.729208058898,541.68173943278,626.1067090954562,0.29153421192445095,8.774767893058915,6.019069632560274,0,yes
220.50395459961928,355.4006936173087,343.84161085164146,229.4569091090946,1,61.66250794442158,735.0027803227918,17199.36673036077,926.2272743847946,890.2717586361996,82.86600552434663,707.2041140177421,13504.674994206292,382.2816431157283,786.680796855434,0.29632344340198075,8.876210951524788,6.064830684132802,0,yes
216.80444375014352,269.6203795728321,146.4083713860947,220.43923343906974,1,77.78287963877557,811.7335959897418,17504.554422361045,988.076515225431,945.3398991513145,42.48078234873378,738.7807019953526,10969.103354125338,216.00721190076442,701.9700921772802,0.22228076210502457,9.054383446825192,4.987504968982186,0,yes
265.178651764559,201.31917088257904,231.20858600962984,294.45753037230565,0,47.83339100826125,978.4939213355103,17186.371400145184,928.2902789790943,451.89623382968074,481.51225484605123,842.623242407634,11127.755523942757,435.51468209359757,630.8336310414577,0.2250729031728432,8.92490587148718,5.163462111170765,0,yes
215.51310892230364,212.34303287501257,106.25764892996942,264.61169028475933,1,31.19902160742095,813.0808848923763,17173.803038678532,930.8739185381004,840.3871031786849,115.84248658148624,791.02400463509,13530.56695229139,275.9356099750968,730.8045270845514,0.19415542504337754,8.881425757327115,6.056408088914242,0,yes
217.28676030006045,308.6714671075849,343.94593400885446,202.746988460181,0,48.10301746195934,830.0942800094546,19598.78694162233,927.197445756969,70.26697542898596,835.0728696343293,916.5491215614817,10557.157689613037,299.47287025024707,638.4834114560157,0.26619998572401354,10.09722563683332,4.907538492125933,0,yes
252.47773781494908,201.52479140146903,100.66945182699708,278.0791360781546,1,35.46018623785813,814.5974127105329,18789.628951345505,985.0847837016614,658.8667617770132,258.44431631851273,831.0640121590377,10308.562909866147,345.74870028371737,696.1436855089747,0.19660986917577855,9.697146906222564,4.8016256559792465,0,yes
268.591977455441,347.1267939908094,343.8340398091167,238.12282927486797,4,93.18304318692165,716.2818105357974,15695.37904548254,993.1134733830098,968.8103386552328,16.029372109147516,775.7289847079464,14398.48715209632,594.8319580395945,727.049676441059,0.3167877627182977,8.129303543730222,6.5284706005208255,0,yes
230.20647964425646,164.3749186520148,352.394136861575,280.5912248486515,4,33.7079102953194,648.6009889792517,19693.099725758042,949.578363429223,167.55759185081507,806.8562956484684,791.742824430322,13927.244124427069,763.9086370017645,658.3344009529085,0.2415622002766048,10.107302417309333,6.40350946889446,0,yes
276.3714819924416,111.44984268646704,189.6578380455897,218.16708550589618,1,58.636063399372766,953.2267489271937,17047.85408915814,950.2327948802119,410.4414740768911,588.8019402919815,915.0460799312243,11699.769913122023,373.8133723064913,755.6081714926157,0.17233157967128712,8.852848582082045,5.422091703333889,0,yes
238.66074673670215,241.86933565916465,297.61451909321886,201.95929315304483,1,38.96433169364762,621.9937007428433,16386.50576188588,998.4025133397764,619.6773507469225,347.3263282371265,974.8565440533412,12194.609517511279,873.5334922502483,741.8273760874076,0.23560646358114698,8.454952673670876,5.837544708024306,0,yes
234.47823394259612,146.17635652176824,391.0541638970824,295.9932237335887,4,23.84429590047711,853.5191626302321,17462.53761751827,973.8718200297467,685.5898174369183,296.6298018440018,840.0913687645159,10526.147563849454,808.8274209606303,679.6324751939023,0.24439525476226512,9.040788078712529,5.08425568962887,0,yes
229.09810389598817,218.5100095061108,172.79077089890882,298.99778218984915,4,62.01257048928527,744.1712543107998,16499.814519462616,919.6188232557317,312.08288809526994,637.381256405716,978.9917740042492,12620.31248552361,563.2867439680041,691.9174041061074,0.23439456095869074,8.52755823809376,5.876363521384799,0,yes
207.9953121551546,188.14363267609662,210.7494658339205,233.95431803522789,0,47.71976214685743,734.4658509051122,19644.785665731073,961.1673965165396,210.05863558636307,715.1649539642332,828.3864895307021,10512.488589407963,478.22536301983797,795.560572399306,0.1963700272472294,10.10360223697973,4.949404257773981,0,yes
267.94583196239637,232.89438236382063,270.3385963928645,234.74669021799943,1,41.073118936707274,782.2049736314918,19459.387009432947,957.7459351294917,755.4432080359626,151.93288190519013,714.1661113098935,13295.52473508512,239.0839918249357,753.2371085469116,0.23708731915227363,10.021019760543181,5.913188342309324,0,yes
242.0241184492812,140.99769873803896,244.99126655079576,225.10581555386128,0,67.73920593978526,975.7045423709267,15151.265630027829,949.9740963587822,721.9825733552741,263.6694847986421,993.8195345013999,10678.400896252208,226.8706596346229,765.2022931950236,0.18940453338300015,7.909686630338061,4.985668176219422,0,yes
256.79272267684416,198.58853517675126,175.71556232386575,210.09931972790469,0,85.5396063316684,647.8492979378459,16814.81091547067,930.7080301971371,7.345620116917523,986.2590405661231,905.0247195188103,11614.283598505528,896.8663304379368,684.1217258136422,0.19968991690939508,8.66540302528483,5.5828677013723205,0,yes
214.6040595417877,211.64064053007954,357.04108838051604,263.88249262452587,0,85.84548107757325,925.9348517752658,19359.12782738413,944.4559801447754,872.5951542812816,39.264096324434036,984.8085485499054,13760.359970536794,298.7414310765032,631.1489937934797,0.24664012615782419,10.001446706438857,6.215761081959134,0,yes
240.5488313118631,361.45831235864785,311.81373240964535,218.45652892478137,4,28.708393607131796,670.2554871682393,16682.06148476319,925.6701447293384,370.5323455657152,535.9594135301347,803.8160979183284,11767.74367382504,306.851588064127,779.1544297149198,0.300531011318748,8.603238022022657,5.368375417602692,0,yes
202.311160220908,115.62248024963291,399.75138504054604,299.3842417351729,4,22.74596674601236,914.0791919470221,16518.101322647715,942.4541738172805,856.5918984006355,105.9189159497181,742.5883738988914,12774.941784818096,524.8329040565955,652.8220676182885,0.23039196741283757,8.577955840062145,5.824930259303796,0,yes
222.96484105823038,244.72511891902863,168.1002466435159,204.30831684370915,0,84.97236858059254,927.5175174289611,19986.210319677455,966.6269264887179,545.3578993977784,370.1591869437458,859.9466425311448,10455.77455959402,554.5501032349109,606.2123045699936,0.21111674302363792,10.318402248749496,4.943550253382167,0,yes
246.63740635973846,269.74100064384913,155.01023109942173,251.99403402107492,0,59.02771216531199,650.2998557668792,19123.117337088857,973.3065343288422,188.404548233087,725.7650156928804,926.2148677333666,12697.718869168859,587.1357257064876,655.3390944724468,0.2277712893874089,9.825953530670565,5.8861078995897955,0,yes
228.8558239809619,373.96717139560155,136.27203285407091,293.2671531551283,4,68.21228034736095,943.6016952626583,18133.00359804756,906.4173642625601,959.1013516283724,40.33329485267893,843.6960495530006,12028.856456375088,737.6410660107773,772.4925738937285,0.28887635326301675,9.387215019394025,5.6729928140885555,0,yes
269.87997717529646,129.20793362081278,333.7313891936433,218.35137465379464,1,34.16209560673689,840.1578397604071,17948.522560064954,932.7567497197855,490.59473460803247,502.879533066857,881.428715991141,14527.10295265553,648.3001431448968,657.5076617649086,0.20438844349331775,9.27511496403381,6.635614984690592,0,yes
294.1638984346424,228.38931104148125,138.52746925726382,233.54256799855273,1,24.861479471093695,719.1330289889602,17079.375919925198,951.6411242589024,869.7470636189488,68.41312125066088,752.4975143028186,13211.9634310087,323.7000247348925,682.9519682178943,0.2099653015785188,8.81620060712039,5.923857565936129,0,yes
250.66772630863062,177.92288693850998,341.4134121019915,224.9471256798753,1,28.821941902207826,954.2044922922993,16302.010483941189,973.1010208538411,638.4397394031118,308.44981459298765,898.9064777971946,11900.498260021894,502.752918968351,727.3357668792586,0.22362834617138827,8.48330394628729,5.536515761024769,0,yes
205.07121650692724,262.3432453667144,195.65468226081703,280.07195485667313,0,76.83641371889422,733.9777044727321,19298.08253217538,904.8218259162738,483.19601741132755,440.1617506902691,825.3209008951717,11013.948845046976,624.5232609590607,614.7312945238924,0.23554577181124564,9.92241701388799,5.183142119586314,0,yes
241.24533847761867,238.48276842833442,113.0606912658362,213.0249673046486,1,26.46851356467338,664.3862926110965,17418.454477456522,907.5736181197664,431.47754034423053,568.2382662914102,930.6554268154872,14512.35846155831,191.31052010857542,788.7273777433332,0.19831040930279925,8.967676029509013,6.4848521249806605,0,yes
277.22373872966193,378.6656287694022,356.4735839000001,217.8223631773385,0,99.52779756738566,855.524196721756,17321.685310755918,963.7253560938829,311.27222479433505,687.9274651168835,960.4315578544547,12198.547116553911,560.3873197559931,684.7483023488119,0.3137618612737145,8.969412787128153,5.705003483335208,0,yes
282.56504661331223,208.51344867680558,181.71743892982792,216.7105801542393,4,41.66458291990368,612.7567601232017,17598.509548327755,952.8341599024286,955.8631678948774,3.3366111552281836,856.1019851414214,11242.414849103545,414.8452280984518,709.5673913244749,0.21992874450894967,9.052645402343138,5.220341304988458,0,yes
293.4317288582673,383.50089077517526,306.386350248422,274.9060653860216,4,50.8946717600108,642.3150171531357,17899.794348679374,944.5808761201808,813.2555787982105,182.7973066272467,949.8919265939384,11120.60917362443,659.5186429690214,605.7256442083133,0.3290335226702283,9.208590493190794,5.298477647968492,0,yes
294.776242368737,194.29581660256093,216.70439863034383,230.6318838281436,0,38.84881339399112,668.6899124551884,18496.61854124119,994.4314717007085,791.9393070278568,160.84982725521365,709.811485169077,11512.726729110716,147.48182822408796,610.0066156267719,0.20921664367340043,9.519651277089341,5.149055947063448,0,yes
214.5616479191067,362.67065049547557,346.57237216186877,251.54538255748918,1,24.184660938883475,902.9523609782102,18630.74740119242,905.0205578504199,500.4760352017093,479.6083910798813,738.2622919707429,13714.599357502346,453.77306714388305,716.6338497314925,0.2987345261135065,9.62662419594761,6.181468353907778,0,yes
203.50896009027565,196.88262081817956,290.2050398166241,295.40641736431905,1,79.37080549652993,813.4467643718384,18873.40020042931,917.4896142526783,62.8625355750135,841.0288514582637,896.9259464584825,11794.073565503699,775.5065338263518,736.3922522736202,0.23546002910421981,9.72947412366117,5.597568417034828,0,yes
249.04756859291084,398.05986966545953,217.74503218328778,272.87456893361684,0,66.67216811809779,689.3122720882923,19970.583485078525,904.5693239448626,262.84221999684854,710.2538509445287,940.331351557757,13577.06139923757,795.5675734262837,674.2250268721081,0.29708762346069884,10.248794544639376,6.337440235603752,0,yes
281.8392087117395,356.2025244883481,273.33263865805293,278.2271760216508,4,26.806093315858377,865.1358770914671,19239.96158345882,901.9152271902672,571.2601689739514,380.36157226534374,964.3489150044311,12326.004041595486,582.2902026122478,636.4461104330726,0.3076714095096054,9.922243692247628,5.753397742838838,0,yes
211.7807702525025,189.46964079061098,220.7410649160505,276.06827839627886,4,40.377995348068424,896.1362811659037,19682.68190688119,984.1967091662846,58.53243837782422,885.9905109312725,794.9954150271683,11627.064751096143,379.8630931753059,760.6530938002195,0.22287654065999077,10.161924155027691,5.34052087858792,0,yes
248.3320481380665,135.75715722289345,308.6978557791304,204.0070868292765,4,53.38964110428169,844.8503487799468,17705.540577028027,914.2948725719194,345.1771269808267,597.1482419120216,884.0033065543414,11332.985546803186,586.464892436795,689.1506126884034,0.21082341294496415,9.152152173514423,5.331362832126547,0,yes
290.9880952674838,296.5335257367557,388.8199119464102,295.21274680431475,1,70.40885669173143,625.2259842300045,19460.316937649826,911.2168242962538,890.0895118785257,36.612903626938646,952.1279165628122,13207.169654463854,316.67356334583803,722.0270112315607,0.3049380698008145,9.980556754427727,6.002568360940277,0,yes
200.79468595008493,236.2574872340952,217.8989502690501,228.59929925384262,1,62.54792589981346,712.23863302434,15977.416578285414,937.5475049378028,797.1894026981809,193.66111477470213,942.8131172901426,14973.063611574999,290.6536564564907,767.4519727168525,0.2209297877212417,8.261764789056212,6.709664142069726,0,yes
225.08418216483807,281.5653387646739,181.58785335072434,234.79253888976348,1,84.72761574527338,996.8388721687845,17240.48846213147,933.8862909562793,425.2531753220351,533.2315093953207,715.2547495997686,10186.228932201755,321.06828948043733,750.8862718149836,0.23888406610814178,8.956968581469685,4.709394246302082,0,yes
243.50621997786686,248.94454079518448,231.5015495234607,219.83671497440255,0,60.11516237485086,881.352323045166,16851.270379852376,950.75614423787,453.74329815882777,454.34319264390797,718.7878514478042,13298.369133853941,718.3409140494701,763.0803680368333,0.22806038804388518,8.738251784686618,6.10928436714754,0,yes
262.53702082233457,329.118570796489,300.8614851346793,299.8129969237549,0,92.54643402294475,995.3776025357854,19929.665321870896,967.2721041445494,636.2483274049104,264.6819850813664,834.3511687810238,11148.119531617347,539.1939581274224,604.3974730948527,0.2964817198844391,10.305811936657483,5.201880334883685,0,yes
291.8251284554968,337.12171785366525,172.4957176196117,295.2352268126784,0,88.99907871248992,617.9057524165322,19240.31227834311,920.509107700774,212.106955188268,723.3004319381818,926.8201698426601,11228.130176007644,899.1495327713857,769.2372049555355,0.2763566631692733,9.870231270668619,5.441283521822378,0,yes
292.3513893078755,365.1401000416461,392.7133125962139,242.75593278315358,4,65.79256667755016,826.8684647383166,15149.659568802783,906.0905139227004,31.968816743542202,902.1272877727931,942.258380427762,12179.07127942567,680.6852136701002,681.53394461277,0.3342604141100955,7.869053317483125,5.728654933148746,0,yes
241.77047744677137,323.0135701183161,342.6341478844049,295.8928637806474,0,88.97577683392197,654.9482509568618,18713.905572816104,946.5500883354946,714.0019532589446,273.8606253736556,702.8923490508026,14454.704271956049,657.3544493280604,615.6584016973663,0.2985351035426916,9.618675636753206,6.532609437434138,0,yes
239.93094765005654,274.16730228344346,302.27110388555514,210.79702516614222,0,91.94159106562125,773.9649523343971,18755.314839350445,918.0412273257787,447.1473097550715,543.7662814191572,844.8613954678984,10703.346281429416,720.7466849297999,773.5006656890251,0.2540453256039111,9.661701453345158,5.135448913606058,0,yes
228.38467404755724,122.39998280645574,239.99372271940456,270.11029606929384,4,82.747333693434,690.5497077090124,15148.519389869369,997.4873488935866,729.6962807270389,235.83171982246347,750.9917220212153,11858.923827798339,628.4585527403353,657.5512096568124,0.20613049074204343,7.850819449935065,5.504371033196968,0,yes
238.21916958433098,157.35908031097233,273.5478865574264,252.07866219743374,4,58.1548174097981,829.2337311970721,16116.926331526107,967.3397742411836,132.99488962196835,819.748626545496,967.4477621758715,14220.578084313245,787.0954602183549,675.6851333528973,0.22136922217715826,8.361621312855325,6.599689918221982,0,yes
272.27388359366347,251.06409864629362,385.4535568271768,255.2349145416589,1,70.1873405220069,869.876814787784,16641.243089950847,922.2740951033073,835.9628233450054,156.37614880511012,739.8306699932745,12155.15344577743,651.0077068604885,658.0876117643219,0.27568340117440115,8.626735447889299,5.631197571162394,0,yes
234.09247437157555,333.94621797255945,174.48319265588577,248.09996977824267,0,22.915830454047914,601.5355712761774,15379.473106778598,938.7801854818678,715.5433113384871,221.46089211482013,915.3481159215843,12385.158542305277,239.63553252007816,734.5204007943997,0.2504449340565785,7.93875773585253,5.63130406057913,0,yes
296.3444742471785,125.64024644085862,266.79817914739067,232.62963835013747,0,47.12144396660223,821.92857188318,17527.391085055107,999.7888181881319,141.41516345438114,774.9473198495471,709.7617641905917,10528.642103417646,364.08190431892285,600.8711851422345,0.1934112609429864,9.069709219576966,4.835855676138785,0,yes
282.7694504619202,242.00547921021342,207.31460878686113,208.85967097931905,0,24.974627291024348,636.9549008081146,18961.541833392872,915.8772523739585,753.2433599181406,191.28927856747566,894.7603757316347,12630.477290816994,561.1155272804605,704.9677696515514,0.21880314232045034,9.73436151630214,5.846911950703676,0,yes
256.7978789978513,354.6097310110257,350.61136245781415,203.39854487521993,4,30.10801395192166,801.409869574946,16089.637844270668,947.8254553234731,265.83037878436284,708.7444584072434,815.185794946456,13493.228637473818,824.0430964599489,684.2107364618232,0.30476983769241583,8.339061620602108,6.266757242058198,0,yes
274.89569717232274,174.81140858145517,341.5267569294691,293.232821177785,4,76.12539101236978,619.0085537797024,16800.553319024966,964.3733236046091,737.845689678847,262.1441693936491,866.8539767936153,13887.577977545207,217.3152468071084,735.8506620502512,0.25707505115577894,8.656616876733679,6.212818304458243,0,yes
220.71352856588067,168.3774610246702,162.83438963350156,209.53187582789587,1,94.63454085935375,840.2545693378161,16998.026336197872,984.4035061985704,367.9693659426274,599.0310007591736,925.0920714581464,14806.933238691523,322.21916527104986,694.4672416402481,0.18550008566061657,8.807005005318002,6.635777116164773,0,yes
294.8674764141076,284.77015683798163,212.2262515508927,270.45720477794686,4,98.8426680716711,832.1452562631823,15318.91926045236,993.1485236964627,422.16683876650325,493.92673344390255,928.0880823873257,12772.042820888908,582.4137706023139,698.4316294404734,0.27603017981131817,7.96684242044427,5.920628616965646,0,yes
270.81065755918974,386.7567641000142,306.4271356644001,250.2077114796418,4,69.07895263128168,946.7314513129827,16545.339965006704,926.4537956567895,28.49071672837092,933.8435962700021,801.4780527680132,14881.879058672312,506.1751414279249,677.2077179538178,0.3248251726516714,8.596838735253597,6.686975751092779,0,yes
228.03637460441192,107.64331729253685,110.31072132561826,229.3826106011575,1,58.89394266224906,854.110260555372,19034.05892546647,900.9995601336884,418.4333551271785,552.0338830459872,801.5902564546493,12700.344713999559,701.4632804471662,768.9213195954366,0.15110268893725254,9.816681394979973,5.905786293034166,0,yes
294.1817566230474,153.62989073117956,194.0640061862361,242.95302082550793,4,57.783429987022295,983.1134398908387,17451.99167395293,973.9767817413228,282.9548532482116,619.0641910739514,937.8054369791728,11851.02931428828,265.89486277695016,749.6692750278227,0.20919102332278794,9.065067527221954,5.43436532432303,0,yes
293.58036072714475,373.0019338049996,151.06352946562075,261.85071603050056,1,89.53699433443924,742.5090474302577,17816.375286011185,926.9789626001859,566.5268133891157,343.3684671212653,848.045583734905,13393.191431045907,112.2544449002632,784.8774058484413,0.28403550406903033,9.186478095526082,5.959636340825834,0,yes
200.1845581697493,127.20654952323979,149.90597042672175,217.53112294373702,1,21.780563159651614,958.193648614108,17136.848877783323,937.7302248330252,642.8949851560277,346.5873309960599,971.0768627600526,14855.24034148551,869.1687147808669,709.9021345601077,0.15629625854015897,8.89676813269918,6.897420599812423,0,yes
270.5602357561945,166.45411270920513,301.9097723625998,270.88913283327594,0,91.29292151768995,840.6469832843406,16855.68994156084,977.7388136083473,654.1213281593783,299.14466364874704,769.6582993105634,13063.257026011448,373.6904464559885,628.2238035750966,0.2266984993338019,8.735002608362244,5.886133953964687,0,yes
210.6705333808323,138.8153706582563,122.7389791489432,299.3707315795482,1,78.82390151254762,822.3435327850451,16956.466706999647,994.635622055356,270.9270167825562,653.576160912756,895.3025652103615,10952.38920097037,545.9985071840413,787.8567359523915,0.1803677815287328,8.78362447641179,5.178111024672351,0,yes
290.57590644389967,203.36375832394586,115.93878550271613,202.78243447547015,4,24.5657342811123,718.4020594824848,17734.250171568743,972.0163176153545,694.2008752572526,228.27841847115712,902.2090571592224,11735.532042738489,260.2854521819613,758.5618718003284,0.20079344456484394,9.146285777267144,5.375661147919784,0,yes
237.15907985092167,324.289750979461,375.67525372134037,259.26653733064234,1,50.29383755767754,679.5439806636826,17947.175668828564,957.7407560176085,773.7823424289464,193.3569991718299,707.9176403486058,14135.083686996755,297.7105048069109,617.1348567322286,0.29688245144456055,9.242235181746953,6.2602403498041985,0,yes
241.9960534627181,197.8073015845647,120.52580771778796,233.9837185870526,4,37.87964059933646,963.4548045405163,15128.750237289996,943.0854986869423,179.76478233874104,800.5433683551328,777.6610787180842,11308.450538425393,174.63089177697321,701.7131130950589,0.2012539919666489,7.894662831753851,5.121171191977964,0,yes
216.67442936705743,393.6617588452035,232.70345269801624,209.63612139639787,1,93.92481738305507,957.1789075406414,19460.340128079406,978.178992932967,363.00792608557714,574.5242374807651,818.6548018994985,11265.707522510174,233.84929000549502,621.8590557963081,0.28900923004675494,10.063853470378072,5.127782440730456,0,yes
290.18464511041594,119.53225638635541,178.64993705252397,274.5347795021993,0,78.46240606999189,618.3727559246227,17399.971050991557,934.9771453665188,441.8099682685861,491.7252317848054,980.4439065157901,12789.605074416424,687.4024734267101,778.8428455470505,0.18487875599756295,8.952143993202576,6.003648755562369,0,yes
206.16416850556934,221.4461453585969,267.29845503212823,280.52365611893595,0,83.3133020642731,960.6218359071822,19441.881093266376,954.2818934994401,18.61843197670774,916.7794529903963,828.7697880200508,14140.150277152768,839.5133841774772,727.5653297889988,0.23455837107975283,10.052116997167072,6.53747841714073,0,yes
203.81081251261847,236.1303667576416,143.3425162042995,236.21437196320517,4,38.65529404288707,890.1370852570493,19610.255444821763,950.972789984079,320.712786667454,605.7296502392262,839.4973165288169,14012.28547560861,358.63158734618816,790.3990523682174,0.21686801035477293,10.119764155588793,6.305406126529012,0,yes
220.44699318852528,225.30003520743594,327.53841596972774,227.71604678539083,0,79.53122859650358,798.5208807136041,19676.10251988475,974.5079210149557,623.6200775266645,310.8641677206108,815.9621744044508,14518.687660533893,888.805285141995,705.9568531806663,0.23891373661662957,10.135327368850913,6.700503881098014,0,yes
221.8310339989099,150.6813864215694,104.47151860399396,209.5861552857834,1,95.88728065040216,637.9958067107879,19162.312973119082,950.2382156449602,398.52301514383595,562.546398997596,952.0006040876414,10679.480844079771,873.2238943449997,693.6539338957839,0.16705861317712317,9.839685411675303,5.215036165266025,0,yes
216.72082780299232,254.2685585704206,150.00531142958442,207.74453942098717,0,97.83372158369379,876.7633914015915,19018.332357444673,940.9724599959517,769.901034895136,172.0330905903336,850.3281715052161,10736.342477972694,563.1362127604234,753.7592064663871,0.21283151638459896,9.819399733887613,5.078401427748251,0,yes
248.386688575068,249.06302750246383,264.9872900776802,217.98444506479413,0,38.18337720941125,708.6703310618503,19142.65536566094,992.8208576326019,775.8104420911985,151.53530560198988,703.6549337078973,14472.943210335256,506.9509481591401,639.6358306830147,0.2322947533120351,9.851224350800448,6.474844886489579,0,yes
275.9623682899111,296.69834407251017,210.78796698677024,231.4363703744422,1,80.3963488903781,636.2193074567258,16283.037691896778,931.6699998099407,612.556808632314,385.5775246766384,735.8541123555484,10563.339406469746,512.1041173155327,667.0304050713783,0.2559948567180872,8.397110634514483,4.939298184174044,0,yes
264.7899251466,202.0624818938154,197.4921232193579,200.85000907401732,0,30.764213836175056,767.2087457579701,18694.070931309318,957.3564997534523,647.1358436500333,326.3577268709313,738.5011964869088,11749.903785631737,746.022644203087,787.1689677045233,0.19771093364395367,9.634973618431395,5.521051854559366,0,yes
262.4677792105764,180.72660635848976,317.7639628434784,247.99840259694952,0,34.72526800009569,846.3874544178768,16324.67080445929,955.2394006261575,924.337480023888,23.2825756743473,857.6344709862726,10833.663662937091,837.284816589848,773.9559733910853,0.22286462324618198,8.467678930875598,5.233383181918596,0,yes
242.17183181745241,149.55727333851496,106.23837118018345,233.0082597578821,0,52.805291470755826,903.6804290071717,18415.677523138278,944.0155886387383,390.4411609823921,551.0313096234638,970.5553740877194,12351.122022062196,245.4383612389825,712.34843698741,0.16479961549452374,9.524592849647656,5.63977161161812,0,yes
286.8008491286161,128.4688161371997,349.4684088984121,248.82179669253034,0,27.256563480396316,990.3577258781938,19966.729226916123,957.3887741050335,456.85302439897936,532.3382174894816,854.2014154732108,10708.546449436246,189.4109745501682,656.4851770648169,0.21060911552142053,10.321820430548843,4.9130176779889885,0,yes
246.07659517403653,325.53502505570304,219.56065301484276,287.0569783407974,0,25.975736427433453,931.1671125281011,19508.515252103556,943.4056092226953,821.2329916936868,101.52222985346702,828.9303816738836,13171.48839055654,524.1883703903356,713.5865087584644,0.26578646326443117,10.07719075383704,6.020365923184489,0,yes
258.27195153353966,286.569946792447,292.12241214459056,216.0903689269853,1,97.96613845156803,984.2922187114076,16673.42017534462,958.9798430329955,59.25077526699373,850.2496853375674,841.3723166562227,12260.154862253665,630.3416201947484,759.9008238448489,0.26511203310737597,8.67398424776344,5.707602398838801,0,yes
262.21490457850535,306.1031484098814,189.2763044865314,275.8109177350808,4,44.2871800981839,669.3765358314588,17721.34879149371,908.8363796625349,593.9592786892049,345.5704720572984,792.3536260149663,14152.403197708387,645.3412412327092,609.5034624230503,0.2700499887563755,9.12038792884461,6.435198978270095,0,yes
244.42753023005596,164.98501515487408,144.27118680632847,296.6386833667976,1,76.22239867811368,903.8143067626308,18940.208566506684,976.3059949819757,462.07595868781976,465.7446010719934,999.6053976166473,10166.715081061995,616.1011584023865,649.6337741203827,0.19853238491284492,9.791339395403718,4.915768289954728,0,yes
288.44100691211963,163.28260622383047,340.87135539536075,223.9297043153873,0,78.64798481033053,885.1425812614932,17724.264944661507,913.5447220058644,950.341159951679,24.27310428655028,786.2137724306126,12829.469420918891,637.1229834876193,698.3489752982442,0.22450456713055808,9.170505993907325,5.916765318738503,0,yes
218.6367987741976,105.60283140445358,175.28188398126497,216.17992858375283,1,86.59723701284564,754.4714018595482,19208.67993137289,917.5702151120677,657.3323023366665,334.5024600771094,756.7325907303956,11503.72453216333,171.30912710005796,623.4662859407559,0.16293630987196378,9.883992186062152,5.180905529462181,0,yes
218.79125848527224,324.1651458033688,136.9108825328628,292.75002443273115,0,72.37939810079047,785.1640067295023,19625.758799940668,934.8145767043919,716.983992928261,254.774888256459,844.6948757080803,12272.00742871893,428.28413219321294,707.9127912046588,0.25223277248104226,10.101712411853203,5.634505287883305,0,yes
257.037831250057,205.68302646025026,214.7794423381532,245.66673871757078,4,24.11913309331591,640.4010434112778,17731.770652421077,916.8406209386844,379.4890269767924,609.4661901586821,863.0976873996281,13137.681274119992,237.74436699664915,680.0486249439641,0.2257641214055387,9.120359214750263,5.910626285820903,0,yes
265.5451741819224,343.82792603901214,103.3807979565837,206.8314229095789,1,57.74917313721332,917.3112154394155,16088.014933315659,990.894315871313,375.4700492045619,583.8176750605255,966.6441140827582,13742.100765172421,355.87591211853083,616.8510491507766,0.2442784040281201,8.370333971127518,6.2286840680864834,0,yes
221.6017356241937,137.30102878174827,206.46380430959215,206.6292965824171,1,66.91793764553694,760.8981641367598,19479.95830030748,952.4314153508157,32.79831723372069,885.1805328336301,957.3762304557818,14367.878605022575,326.57061963451383,643.0284241879624,0.1778417987358616,10.025838320728802,6.461317748864727,0,yes
232.307974971627,353.64386533677174,343.88113532161884,268.2412021392016,1,46.29280777734014,676.0935408215969,16014.492219245829,973.944426453623,136.8102350174668,790.9457279020091,788.6237307329546,11978.151984091135,563.1791776905121,645.8547447179287,0.3029443712978939,8.27737284161998,5.534277636033091,0,yes
298.08876058277895,282.2012159036243,289.8712017691589,248.92385553530684,4,68.0642140174677,636.443894438205,17154.60456451799,939.0695268508025,704.0036363429564,270.2517931751486,707.9580231861833,13622.209540959677,700.5441788140047,735.9009923156328,0.2827628297460386,8.833958044367353,6.232844799382138,0,yes
223.34952823232544,162.1179903566784,353.45197576885676,273.53976323168763,1,70.896153968775,973.5177019624045,18500.227030368915,993.509978948026,399.159155877997,529.8355976994488,920.8507403526719,13051.599066865867,104.7329948152286,772.6588395788823,0.23126917332649843,9.589677857110145,5.850093807200654,0,yes
240.2596012425217,187.41134989532424,165.52823110297032,245.4865186638855,0,88.34696453845113,600.5485420354482,17231.09592195337,908.1362279156676,339.6885680231641,640.5325166676703,916.3835704579518,13193.555597244338,633.0510878405156,751.659033680945,0.19852172787615402,8.860160796647428,6.120673617964597,0,yes
212.56858182302142,172.69045892547354,245.95828061238183,204.27640367510907,0,73.99962087024579,767.0512957094962,18319.910865434722,964.483484059301,903.0408159740317,53.79680008112109,778.8832553437884,12997.664059179906,238.8219354090464,707.4738619708736,0.19517579809672864,9.448841067340556,5.820542183971606,0,yes
258.9881527455394,243.0812620098445,184.3946422953324,273.9585456203081,0,45.76208808941178,932.995116864854,18786.475797175426,983.5328449264501,0.5542306283886695,940.0420023382194,762.6439410812205,11478.296900038302,267.8647279522063,650.3450469649282,0.22727159113733086,9.722123050962983,5.208167152146938,0,yes
233.4058971646737,281.45519733856634,376.9711090590443,269.4695490470829,1,70.79189920447804,625.9225685060926,16605.44259205262,959.875288757044,812.3207573845143,114.54314191675485,868.8789349134188,12880.67127251972,558.4159898181804,656.9325469910473,0.2841509816252901,8.559946203281367,5.926812022675818,0,yes
239.04732440775135,174.52764383090704,315.60377878396895,269.03606958383284,1,25.142153318536586,616.3450553167244,17219.652672146643,933.6596441788869,813.856361623622,107.3438220338744,825.5364818070194,13365.38088567396,135.59412055124102,743.0807625762757,0.22399472238867585,8.861363051369917,5.94482230937516,0,yes
256.49752437069674,221.7991704405644,143.11093324184148,274.83080647126314,0,78.24437075909867,716.6783101938146,18507.014638946697,963.0513616279756,935.1838178296751,51.60122373760498,815.8905766490444,14782.449699892743,825.684140220368,706.1918315582344,0.21444485084360568,9.531050584793048,6.787972063336033,0,yes
298.50827242786613,344.98458921185403,279.478928736131,298.7649841136097,0,21.749727740675766,826.8943918043117,15921.161456504351,908.2042139310036,26.832275457712218,972.9179651416608,861.7930013782515,14901.137390044887,442.62491714010855,742.2106100359847,0.2939978219917033,8.25509848756645,6.707152151047442,0,yes
241.33324804662902,398.9568931194139,199.6933520476736,261.50216281259856,4,83.08613939812444,822.5930840485709,18303.35686223937,959.7863600738498,683.4981346267929,232.3465031143079,814.7574062719245,11788.284932354038,695.0281300753077,710.1901760471178,0.30865021711158563,9.452305987408927,5.528357307761242,0,yes
229.56178602471732,362.0384877732023,352.4186322923461,265.3949115966267,0,85.20674361928263,782.1271992752304,15404.101858126829,965.2597028382121,783.5722554507196,174.15214701781258,755.3312374509445,13812.373886477268,662.8585290177826,695.2885753604021,0.307985759859022,7.994395757491415,6.305134031014607,0,yes
233.85838255159885,365.1140514469363,331.1496850236505,282.9906796220505,0,23.46259077855506,890.8433159100301,19497.62714967769,937.7204297762156,435.3041729695885,538.7910207059529,998.3134202959252,12449.843000344947,832.9664429106315,666.7314928948238,0.3012626431031009,10.061789157336179,5.923858610984983,0,yes
280.7514060365564,209.82051565305085,196.82615925145453,263.90573318794577,4,46.29868089957667,970.9245545058734,15574.27734338558,954.0474992978795,739.534280707549,253.22539809138937,738.1418472531732,12102.922616491824,763.912039136405,706.1063189496223,0.23326509257771227,8.120652148151306,5.661169942263988,0,yes
266.35391037472766,271.17184806571237,299.75206073075276,299.1493979315687,1,86.21694690466215,879.1344579103567,17929.191457200563,960.277198116457,620.1308769088122,316.364141956425,752.0543185561621,13533.17941535827,899.1809204226938,782.9208459827096,0.2766353818775551,9.278021488801429,6.295384589756138,0,yes
295.370460407368,279.5970958247293,341.00045816042785,272.52553197690446,0,84.70935003777666,780.5788541835443,19874.048514136583,918.6988855160996,696.6676687288533,228.86131637220785,977.0078694687782,12801.001951285216,182.24009731898258,645.6162391020482,0.2824156901545527,10.222629421805323,5.78605943266159,0,yes
277.265619962109,366.5617381795468,274.4399023787647,214.6155151870977,0,51.15482241375129,970.9630938446327,19076.770308563464,959.6898189198532,48.81723836390592,917.4070540057478,880.5105468673191,13976.660258402108,814.3378717963207,627.2155018075867,0.2857952508727697,9.8726846775656,6.4737492360850135,0,yes
279.96067899576974,339.70152556060793,231.4037740693121,239.5917437318567,4,76.75229523640671,721.3999558993528,16792.651808099014,921.1370673340995,6.275172612263361,914.459930986508,830.4139491383227,14879.490474713286,619.1817775012626,624.4723689269505,0.2909984544714557,8.669153358768183,6.730172224815715,0,yes
226.54185010618176,102.28537214026622,104.0118417812532,220.42467128240938,4,46.218724582278526,686.0766688557076,15359.161250808082,980.6461339832134,545.1341854308355,419.3965755429067,917.5702278400668,11175.710035292463,101.77008327088464,668.0880543221448,0.15612612748847454,7.952823763296141,5.088287165980116,0,yes
299.55251893175523,375.2085577913936,127.99177939167942,288.50430303468795,1,55.19303065991166,641.6414524801073,15415.168842307323,941.3165182158648,96.8068277385811,830.2002385997437,986.6717710785642,14357.7257309247,188.68629799182173,728.6625654563866,0.28207349419451166,7.965682345872573,6.426333841067727,0,yes
206.72712227957675,164.06842890882152,321.57826155424783,290.0922205377167,4,78.23234671069841,980.9496492306073,18167.03150170546,932.4782998207138,451.4181895671612,546.8310016658595,816.9520636664615,13985.2113777706,171.63165760407324,614.8250296758445,0.23980909682652124,9.416376158462581,6.19747929337917,0,yes
277.22050908843664,294.61838021271836,223.3005318003308,233.50285762842012,4,79.67978717437725,637.5418337756023,17563.81548398288,996.2657187179866,849.841210301703,131.3393084026451,922.808521863341,12099.427558197607,878.6121014886115,614.4160916973493,0.2701478812609832,9.046698099802693,5.76588075532966,0,yes
233.1212541169659,331.653494849435,146.44615586658603,200.10707909698928,1,87.78684896926339,784.3741840337233,15710.923375066039,983.0511171890257,195.46239534362235,707.7377059895442,849.6295846014975,11223.523182260786,344.0786148006776,624.1096301708191,0.24635383306171188,8.150765756532019,5.16298814149313,0,yes
240.1934539278728,131.26672797213374,106.5534040483173,214.70816999905486,4,37.98067034849913,983.2016037215169,19291.45064562475,917.9467874843693,693.2472686705034,222.14928244236523,774.9480721408845,14600.001568343145,723.9653276025977,772.5197687580647,0.16777304379076782,9.977115794977447,6.6569074678841345,0,yes
266.85755240088145,170.30915399672307,124.53961388972618,202.54492508399338,4,93.91546366831314,796.1042051966305,19602.902847969064,916.1123101499992,158.53258901302348,803.9673959012971,858.9949799617316,13384.403730271246,295.95071575154054,677.604088946473,0.19495885547680464,10.09016250791712,6.026977599982882,0,yes
229.43603611335993,122.97870574041916,340.19487087223706,265.8768493764884,1,50.29900042756669,668.9769982030806,19179.185689527487,996.5458177871129,611.7349882083647,302.4675375544274,728.7089079373616,11689.175333552848,588.3924104918552,686.4919464699972,0.20960892925407915,9.86129119025505,5.408289299929944,0,yes
272.5942286368158,219.5994318636418,151.34696669095067,292.84709226201346,0,57.15658212937985,770.6210341593924,16013.510291918605,919.2539650596601,673.0218845025483,233.15807455632444,921.7872852274454,10191.239569790892,432.1042850158771,778.4144914632275,0.21820105299146167,8.290221760741503,4.834922011974532,0,yes
226.06783653864508,181.7291139175576,297.7274556246232,277.51203146978844,4,96.97542017471535,865.1057584659816,15214.276337970281,935.1863729048433,541.5937992831261,367.39529196766887,909.6393681012396,10159.408024042552,211.59959809781537,716.4043524938595,0.2443859885544642,7.913943745177626,4.721273033340427,0,yes
210.47081462147983,180.0271670776438,361.98682205440724,209.03242796765755,0,99.0826753715375,932.7160582281851,15500.17705004092,941.7536121723258,377.20312292309495,549.4777112752411,740.2894081018628,14324.972323173348,299.9801383160028,690.2097706618003,0.22515699080379048,8.073148622172763,6.354071991573519,0,yes
261.300965575381,119.47982859804429,311.53213270401596,225.73956985026456,1,32.02157339819807,725.0644857407965,17253.38695163386,996.4474018918293,284.3535836283336,655.6321531272856,969.7205986304923,13770.187763858714,467.2468354022715,776.5112676980493,0.19618036278662304,8.910707236996247,6.304104113944707,0,yes
219.8018044663084,318.34161623995385,223.62907683674666,294.74172907330603,1,25.98033854667804,631.3276579435171,19523.435539305814,992.6403630120076,102.96545577226065,847.0604817989542,780.8865113728903,10981.0011069805,535.0921311469699,642.752368560268,0.2659407608472946,10.024650425511913,5.123738175826316,0,yes
241.62765948207678,376.0017237425312,280.3615964399462,214.05066550328192,1,74.30419470931669,974.3335381281731,17019.731819104287,905.0817785548543,536.3686984912164,394.1418660533511,907.7307306579708,14929.037526720807,585.9865138875102,732.3527669763926,0.29304446213908153,8.837454917665712,6.783171240360112,0,yes
283.4681732851485,244.23268111755397,142.7740680024916,232.22691435915146,1,90.07738829753168,778.4971884238439,15689.969288478735,968.5197082525852,115.88474509833934,834.5914443272245,886.1843429549294,13542.211072367865,727.2944119885833,686.3040176498678,0.22373187839609734,8.136971538368133,6.273002742779599,0,yes
220.29726614780307,106.22759253490467,291.29951257068063,205.53074495430087,4,45.525790367782555,819.5251074837163,17578.745305477474,942.6263743500957,220.22988234133592,761.699908317104,875.0718991426487,11542.640136758026,426.41730364654427,673.3346342366606,0.19130607327360055,9.086951899324406,5.3510125037905585,0,yes
213.2592525288425,160.02221274010708,173.83429339725,292.69546604355384,0,22.412426058951915,865.840217624469,15764.618957090774,970.5082160978845,564.9871687169484,369.7149002728687,828.2638951216977,14474.560499124484,238.8750134808893,795.294960685565,0.1869704292274718,8.194142340328867,6.439707139063773,0,yes
245.05393721830995,167.55662428285373,232.51648503285801,263.2317502534887,0,46.66295720923656,805.8322409427311,15698.733212887455,951.3538505086796,561.2350105724958,341.81735562216215,828.5774168980543,12649.05930699872,874.6261290213819,727.3898961030334,0.20289192532319558,8.145082479016592,5.950563482326487,0,yes
231.49020298994404,370.4246811242259,121.8804717273996,292.7483312636112,1,67.52004091239607,608.4599568615077,17942.812851012488,914.433875030052,538.3497646980537,433.5443902471733,806.251116448187,13935.503408665827,407.1034159283265,725.1714867233304,0.2727230345217266,9.218597416928745,6.278355098304985,0,yes
241.1856062123345,191.5451746414561,358.3243840884432,238.08039994750763,1,33.234937545774876,998.7177704401677,15794.884647610215,958.0078544238866,965.7841054058224,17.28211886900806,838.3933644264407,10032.49962164952,715.0062807269102,600.5891508406851,0.2344420164559397,8.237917050855023,4.838359819398436,0,yes
289.9786953423542,355.47957075911944,322.12515226028734,221.1710870658973,4,38.573977244313326,812.8755788246935,17808.314535229885,926.7067119564617,672.0356584839942,231.82038381588188,826.3639505366957,10336.584445321329,639.5027658593594,675.3882692586847,0.30823960179499643,9.198064664588975,4.92388565836306,0,yes
261.03884979026896,268.7757465372358,150.2793356309034,262.7274753312449,0,58.943280675420496,691.5758636683047,18721.536156873706,909.8738213626408,51.39371435808073,927.5481108172993,738.0555745519224,10450.54952919873,345.9149612949478,620.5483318620393,0.2303963829668048,9.625491794486297,4.81984007849522,0,yes
233.23809520410546,130.5363499708513,369.4707156901258,226.69995402157258,0,29.726273032442634,751.8580373292082,19336.031024172687,974.2320825395874,701.9737303850715,256.93872201485635,854.7589197913071,11008.966131608553,795.2449643787676,615.9383420202106,0.20454642751532204,9.954876897700851,5.2662529403893386,0,yes
243.46729522261657,252.03305133730436,164.83913747967227,299.5409615441376,0,80.35587142094295,881.4542908718515,17278.50634016223,934.5061643019856,12.998987130799401,940.7342716491044,901.8876709399293,10176.857924243433,305.97911435808453,619.6423757384014,0.23444400887244943,8.949660712480219,4.7563249558837,0,yes
233.70269301003853,319.22360825361056,210.5839815366453,252.99111761680072,0,36.40718269769552,751.5325557879701,19324.962087483676,980.9895919194234,253.5051405191979,657.5225700331256,892.8423740412596,13814.579301002399,824.936883779336,774.4262066205742,0.2544005537999627,9.950204906529738,6.429942403164413,0,yes
297.97331965594293,206.7997995557997,161.03394765503378,260.4351665795032,1,30.829557425254627,991.497557922633,17098.839408596545,994.2049879662136,159.51462143150812,752.7069000788669,869.2828440485293,11081.512826052684,311.3927800699846,692.3531244454249,0.21244221229995547,8.893229042204398,5.111155608903741,0,yes
235.0172120462853,214.81652320265712,271.8651004203641,210.84573773684062,1,74.04092964163061,715.7030200476577,19822.899949591174,933.4595471842846,377.1964226911253,524.1146763444692,760.9162482455416,11619.666523935886,624.1958204849053,686.4033645850802,0.22536162862979225,10.184709053146836,5.405919186311622,0,yes
203.76486239795463,140.69674422102486,132.22782501222196,250.31436154128215,0,39.2504245493594,858.8910797876847,15256.171072271687,944.2617307300959,471.70678578212926,510.16257535298575,976.0685327675965,11210.153774506187,136.67973615380342,603.4661063402423,0.16336062052924502,7.934735106643123,5.1333700139307705,0,yes
262.12435738280936,254.41821557944593,326.50424765623075,240.18413833722553,0,43.842054655938696,850.9105068739366,15259.836009035807,999.0131684604464,233.56913289922102,712.9883013621755,886.5763925544597,10024.150187065077,229.14598417844508,705.9794889165736,0.2536288455103544,7.942333141854306,4.668731575768015,0,yes
238.67084373141438,156.11831412025697,365.1384864076236,255.4555098880453,0,61.085179167680394,638.1474576233662,19536.12964118424,956.7781420172771,656.1150044857835,340.57366187829564,817.4903417725766,10289.830922067329,219.74326029369308,767.3943336573302,0.22429185331399715,10.027527042048964,4.758680185502467,0,yes
233.20043749277926,327.70637106263996,258.29953306010947,229.60935946258834,0,25.935331506894464,788.965185507477,19888.868529790576,981.5930483806303,706.235947123897,243.69754038779286,827.4650074742034,11800.835053036235,599.434394997104,784.5613123494893,0.2612809025746558,10.240559229604177,5.514777820559073,0,yes
267.69948964350465,312.8765927646084,157.18046811993713,231.88189317286754,0,92.37465362974324,890.866495758755,19848.97016241176,908.7597728373111,9.811970734157688,946.1262036564734,909.9613917203491,11832.731193160982,470.6560942109702,798.3733350195389,0.24829415609029967,10.233502395603168,5.51169753025032,0,yes
265.1329445461561,237.52920277678697,325.8934843376662,230.43392435001098,0,57.563101265738254,867.0205878917558,19909.819311418585,945.7225004788155,866.9503861071614,129.52458640835118,842.7188465367282,11644.557663284826,275.67912601188044,798.0940131172458,0.24690639819791743,10.263594150964616,5.33710785573127,0,yes
247.31024034267517,286.8808995461113,156.77146633219667,221.01824489514547,0,73.16410814895764,696.2326432247104,15089.077112184194,959.9573707419391,333.5524763317793,586.9099450497833,770.5203946609919,11121.914019122736,381.246067301857,783.2234299023389,0.23064660103425086,7.817155069509111,5.1289349880255495,0,yes
203.40081858546895,241.8076393685789,247.22397815147315,284.15752219823594,4,22.4169446256587,624.1785678443322,16961.882939341172,917.5060496121446,511.4592868249787,388.928408933382,919.4014373893206,10245.295463435383,521.0357630423794,740.8541228140149,0.24741134570346818,8.731971018438903,4.885373431561355,0,yes
218.07861310962096,370.7411639198821,383.3723352332648,292.66738388045997,0,27.819226582534675,618.2163517064912,16375.359412693793,906.2083961808323,135.5683769958806,802.2488942201934,967.8144101692669,14240.621241091321,846.2988758662356,692.6641239271612,0.31444789024045805,8.435868841198763,6.631719200713432,0,yes
269.0844710660042,137.27177091211857,160.0810929663689,285.9931800642836,0,67.5221199488589,761.9535547201339,16910.64771797171,916.6004791486536,375.27098853880483,546.9705323543496,722.5477620765455,12898.516345620137,865.1851833117121,749.649894696242,0.18650484646147078,8.736502963367034,6.0097325096322445,0,yes
279.85773757466995,207.73166842683264,109.3479193783039,224.40329336259921,1,24.847855228609397,796.3950845963307,15012.53508626666,905.5458098966294,85.87286264272016,886.1912315504469,754.0251699693371,10418.47859236979,730.1324440114564,688.6380573385587,0.19222430352199038,7.793600754912045,4.975064812251911,0,yes
242.29310235305152,223.58454468809458,346.0123467283108,231.74648764219756,1,70.89400648953168,820.1165418677717,16808.35726770948,964.5427076998045,486.46955950957624,486.44336611750794,982.3663920430015,14179.704815941768,239.9588213369685,754.8955127308459,0.24840225213831546,8.704907194920786,6.383709349727835,0,yes
208.16461226212823,301.84793690635007,319.8059058651111,243.011775383829,1,37.26655296538447,961.6138646306802,15193.501418348253,903.3933795390699,189.0829558119707,752.7825677468577,874.4906811161756,13697.08157962948,861.5625791438329,655.5062838486028,0.2681820701533139,7.921183073672871,6.378749819467288,0,yes
202.27763404112903,265.9446308041686,393.93384249095703,217.2767510845862,0,40.20673801730339,686.3483367547849,19147.170600200807,928.5114037676195,720.3343063820874,179.95697863312012,758.064025448022,10996.311408063279,727.8578603675327,651.738095516805,0.25912599621332016,9.839710003464779,5.192207580951576,0,yes
283.64202615569764,301.26388105665603,129.69463586154265,209.4767664884733,1,74.41225532271245,822.314898307068,19885.895716861443,932.8019319849166,472.8113522027188,485.58944232710564,979.1319665917398,14990.70975740168,421.64449720620985,784.1299564692198,0.2374306062199731,10.23980381363818,6.781386569402442,0,yes
255.0112231186673,332.4623753260742,184.04510150093955,291.3139516373862,0,64.22876405327398,688.8836713204247,15226.72189808765,934.738940516814,776.7980178719629,184.64559243315296,828.717578997835,14816.487956085079,219.82467334516213,791.2807683920345,0.2682434720343822,7.880895857006509,6.572179486696936,0,yes
202.12535836203392,325.93993848465675,230.43269874457408,278.8941042124883,4,71.54214752361811,699.9319701348566,15077.165020908511,965.9569974493231,89.6200373565645,866.031197165717,743.5808067337546,14634.3538053355,363.7923641450497,665.4218581942328,0.28266711730150085,7.8128396764247885,6.505383793463184,0,yes
265.40039433249024,288.13221967995923,104.69606255725536,294.46752868731795,4,38.16870697881102,695.5851293945366,17743.790498385242,971.6526069556561,568.8941397359267,387.4598720561164,780.4638253507749,10457.814853314354,453.9820177136117,783.9465521995137,0.2493109544913928,9.14598318120306,4.901389902974007,0,yes
230.1506608050231,142.5923950677171,162.35748687723492,257.5145892135473,1,52.309083542669924,762.2846512979186,19909.00504239753,955.8395432698334,620.017344453517,295.1953470800396,799.1346436108857,14082.841311246253,790.9240187812821,629.6934854568514,0.1805574083221809,10.241138543036598,6.467624935014111,0,yes
218.60391878907694,164.58620344433493,241.7577708330073,242.672544716987,0,21.761741890621067,721.6901522019032,18001.84502115427,906.6376163331554,426.36634588556433,511.53044791377613,758.8084087623321,11324.76426347095,645.7598875500933,729.1473284437857,0.19296909638802948,9.271833069796243,5.306390506951285,0,yes
263.64743894472423,380.504722423586,309.81940935779244,264.1525075644162,0,97.01160669870492,914.8765182887603,19149.429175204394,983.1590104463372,23.394221729785208,921.0012656106293,796.7525289280361,13682.131000716796,597.4775651956218,799.5939383563478,0.3123977723959825,9.89941464088112,6.255478138180839,0,yes
265.4598315975676,197.08694559814026,366.2279664916483,254.5694333982988,4,66.51527312057422,637.3009814723479,17772.698918743732,900.29892067903,46.43431807572096,934.9166289924299,913.7685482204186,10569.417646125028,803.7100934721449,725.5149433042812,0.26079024935770306,9.13788950204456,5.134923577460208,0,yes
288.6644352461179,208.23467266961813,336.22979461802873,226.3547879446337,0,68.87015449586067,718.2520331485746,18618.974583687268,977.3497835168423,400.40791983519273,571.1900062535916,935.1623242307816,13697.693945728164,842.0282716935918,751.4668052564136,0.2408410277533306,9.589352117978425,6.412213560510398,0,yes
258.78563616981916,339.33159425902113,344.08106715792303,220.71955927504138,1,69.19209888853314,805.491160195654,17598.245952635192,959.5218672324015,798.5979191761086,107.2383542473292,899.0418017521052,11095.771461026787,801.0666445305343,700.406219588075,0.2939808691835305,9.095887386446192,5.324822634309368,0,yes
290.95740789421234,241.50539427891366,113.88344547066418,264.9349846958339,0,80.67243554556157,619.266056451735,16275.41520121512,974.481220470658,460.6246050516675,482.4644343642188,770.1090959221323,14032.577671546502,142.9177940412737,795.0506794238172,0.21917056994761513,8.395499541902856,6.202387732573206,0,yes
254.6743229102943,383.6029192066662,262.19834570278545,286.4201165263475,0,30.130493232706044,775.6384029340242,17627.92710400573,984.9542140741094,386.69708508677354,608.0203887145128,774.1547394056109,11480.633698760246,362.92337111613733,778.8408178977687,0.2990230651619498,9.107587128309435,5.276192196495137,0,yes
200.96911148711789,241.64562731634587,296.855596565509,273.4341069984053,1,56.28646147622409,789.0992350997709,18909.40266797787,941.5688386618027,501.8037855351762,419.0580027801633,954.5714439865262,14820.878482925284,678.9110127374412,651.8104313906792,0.24707822774475915,9.74533805658959,6.7838767363682795,0,yes
274.32092021476853,150.35716970224613,389.7626140237781,250.64932711593573,0,46.79168994904973,696.1598498483613,16891.542832522133,918.8891581690152,24.960425297928463,908.3846756428061,902.947562975559,10916.478606437688,375.5105425910107,734.075732308632,0.22866347712740498,8.71273408721215,5.09266100177747,0,yes
239.7872459261586,305.7491721233829,327.88899133774316,220.83153824872602,1,69.75490478071006,676.0098962290259,16843.421013405758,981.1763862881741,721.7031195585504,229.87273949791984,884.5076502172973,11390.462455022483,217.65166489253244,783.65512309144,0.2750005206760852,8.692819107635328,5.220837624206818,0,yes
294.0419413690197,104.6133690765107,198.86310330342468,249.42952278572125,0,23.84559220625828,880.150641506324,19368.644495832006,961.077428142366,918.8756974354516,35.94970950422021,893.0964250146659,13250.30802059916,299.81153265568094,721.7177075341194,0.17155631776891217,9.998088261138129,5.993287037590097,0,yes
283.83057109716106,319.5886928158868,288.12031176909716,246.43511403040335,0,88.76009942902036,734.3055343650617,15825.516853393767,913.3667181790404,23.722585106580116,935.8290047256933,757.6116042668073,10115.209014375068,855.319140653406,638.444138330826,0.2816654094597118,8.18737298311691,4.896949794993777,0,yes
272.67162876195357,396.40425254611034,106.4706764657156,245.9948058957649,1,66.4787907349266,773.4632628510726,16963.558548450303,984.5971264230492,490.7795705486341,428.18862677594456,713.4199168271389,10920.862748796106,353.13463920788934,756.5010082751871,0.27575897009663686,8.77486975698688,5.010662939174953,0,yes
258.9642541032616,136.652710878891,180.08636543386604,226.59640504977776,1,89.27348976602158,732.3342085942281,16731.22700603708,918.0502901347925,554.569160724246,432.55672805329493,853.6983658907059,10610.84953274731,653.4082317131225,697.0113214743421,0.18383341414642526,8.640432555804955,5.064380405619051,0,yes
219.01226908312793,291.30869713655784,346.87922447546197,242.08173088335272,4,31.12930906450334,618.713876763611,18669.93665503879,978.016598976249,374.5949223421655,556.8344677842056,722.4794062909707,14218.73792166195,616.2591017756207,705.496521805917,0.2817930251957253,9.593128960359518,6.43363277138022,0,yes
298.6996989076593,153.8843708045088,239.94194232872732,241.71788154227303,4,80.39952509551497,709.3475116983153,19248.66497692938,924.2811637653131,300.05875061288214,600.3986887528372,796.4194323051986,14973.799420515817,514.1594353712148,786.8847800914534,0.2216374426123219,9.894934016385099,6.730972030116096,0,yes
284.59862645390257,338.8547298087745,270.8613529128445,247.86411682437964,4,78.18932466913976,633.2212105044887,19338.306685511176,900.5703940121923,688.4132997855726,301.6621559314767,735.9615637258371,13764.212068366072,297.1613430823431,639.5669032780869,0.3009738453979022,9.919840959411708,6.1289940910093605,0,yes
229.02995268270632,263.6481845086794,146.74642602520112,279.1759230181932,4,28.7609950084312,724.9617737050787,17137.131257674235,958.3313805810992,201.07663981195896,731.8448499895644,810.0965608834574,14862.854151545498,204.73150596575013,718.1317986074891,0.23908857762405228,8.847285261195372,6.563589560070744,0,yes
261.4495476864462,228.7058812396104,119.88133678843789,297.58499100554195,4,80.07036321508886,666.0638170414675,18197.20596195615,945.1657251051336,353.91203521534464,555.1330069816582,877.2726114836132,12034.871747891206,428.21189312374895,743.9138613056771,0.2339684828104978,9.36256678609231,5.5488098227163265,0,yes
269.01158530115083,140.81009511440305,337.5719111666808,279.4866523247672,1,98.85519976356798,955.5854284796733,17844.087465875247,914.8991858530133,254.39841377213122,677.803064302217,946.1965371133563,14969.875818985813,319.389422049644,636.2457173217769,0.23004796274165987,9.246662236568763,6.695831728484414,0,yes
247.86690790245956,301.97692986473044,332.92359887968627,265.1502925373833,1,34.36103163923207,915.852325093604,15254.699748492083,933.6680346054263,496.09323013218517,466.3484734649899,928.594819911038,10030.81319641734,506.3506447622571,669.4164287155306,0.2799346368909855,7.9454530467114655,4.796456890986031,0,yes
278.74238445440045,216.62819507621947,102.09096936607794,272.71762086745446,4,87.30673097093758,787.5761696185541,17509.191121043423,917.8091630429482,235.27523229994222,745.2129702130286,780.3215662872465,10806.26801120163,331.2356398389612,670.8290111152304,0.22370464807225166,9.041637234780184,4.979962002963871,0,yes
217.22802352354324,393.41157849177375,293.4339211492901,289.15541049687766,4,89.59596354548388,983.8112988742093,16878.787737801587,946.4304995152397,991.7120048071616,2.4823999042415608,980.0752241060613,13733.338321141324,725.6619066881007,678.0842617577047,0.32848456807043425,8.774829875554781,6.391315338830937,0,yes
266.4990550264488,374.0244846918945,302.3923932198875,214.39519571439897,1,82.63857655957186,952.7236723479423,15359.796495357763,975.2602614210762,278.6616023995802,672.5884943952469,938.7115499210438,11995.705186839443,416.64998510802843,781.8955194282687,0.30092204255351795,8.012155658021104,5.563935733239777,0,yes
238.7196841514516,101.68262526821,264.20191175328705,201.64144242614051,4,63.02764155732938,978.5445062415986,19378.19918484503,901.6286501192691,702.9706789059228,221.33655369678468,881.8292532182571,13034.446629537353,692.5043426040198,657.6554207295353,0.18781781129043437,10.017188184617236,6.0468824054112815,0,yes
299.1343179095521,264.9134118053157,141.32159634609462,279.03233148596377,4,81.46122465332911,980.6678173652942,16826.242053360867,910.1061149524096,431.5832776527282,560.1321309752379,701.2255699596184,12277.019213582875,423.19694647753244,632.6890449502046,0.2539764835067343,8.742855723497565,5.569964454821279,0,yes
268.1982204496535,235.60230926818366,225.08546998903907,281.59517698082044,1,90.58975331328071,891.3221432464245,15142.400711070171,922.9046596835889,319.3780943537358,627.6200665155902,873.0943123062384,12411.764652659216,522.9287373391101,605.927954764615,0.24474673583065853,7.882254153093225,5.722834737417738,0,yes
283.6213103822082,137.4498966670418,228.25518725441498,295.1363434931499,1,42.14953201592469,788.609147846402,17388.41467204122,998.5680894768343,194.15796682451375,749.2852196227905,725.0785043362878,10819.626809280655,836.0124992510771,639.4601591865852,0.20469076656755,8.99260656953924,5.155897510394929,0,yes
252.95404658410823,196.7087585752207,263.66159628607926,208.01316118314506,1,36.31470438202368,968.7466406042194,17355.32821088441,986.2178048826634,401.88208564444335,535.7122206929644,928.7241623109272,11944.98947384995,333.48832661445215,682.2430551972434,0.21343631912229954,9.015119074647597,5.491302993262095,0,yes
292.71043548615535,203.25561473086907,213.23207534703488,275.11663034078526,0,25.842809480382627,843.9159642031476,15195.61919591505,971.0050384069943,746.9294633252642,178.29100334021507,706.6284960538919,12359.062479603394,347.3069619447064,626.188928756035,0.21910667356376765,7.904771446821064,5.564574999108902,0,yes
285.44530251771,308.9192598790405,198.1871769941622,209.65313817942962,0,89.98400375663732,955.8851828841473,15379.699362041225,929.3998365451523,295.6463559557801,696.0548247227285,892.0801125998966,13224.781943783859,713.2305848984421,741.9262585245751,0.2524130801915639,8.01652110789212,6.155812050301769,0,yes
268.36915609094706,304.1327181373198,296.8106982768353,212.5892581360402,4,99.0005193199019,654.1694574639445,17328.68936414794,944.6270130489105,238.37793154580774,684.2235502420559,773.811492714976,13037.290356609526,519.1257632549602,791.5875081651076,0.2857822615733112,8.925633018571716,5.9529645903089685,0,yes
281.4638482369449,354.1654033443016,276.7818197053159,277.58335164861285,4,56.500441821734796,886.4191789502377,19934.24356778578,975.2323866270219,16.05570837297973,973.5598666422763,853.8537680131706,13432.058191839313,745.4344438803655,656.4137978106695,0.31110225996906116,10.284261226808471,6.224742167427628,0,yes
279.6162765901592,295.0980508072628,245.4755089710711,255.71630874497845,4,54.59596804163695,965.5312959116616,18888.24425681725,990.7736114127077,355.14350634576726,590.6191730116394,884.7209192354372,11321.425454560589,880.2750243667767,624.41883788404,0.2763672665652997,9.781468937865952,5.436531022163506,0,yes
274.79296601557786,317.2088583828905,242.01808784325775,238.98937648095043,4,97.25510710349647,853.9881283842146,17154.703830172213,927.1198992950608,791.0073765059898,177.98791970171692,824.8351113828502,13483.068332175875,643.5177437538732,660.8632176767737,0.28592782064661404,8.880545012962582,6.190502999428263,0,yes
234.8509522541962,224.66981972619334,331.5222038998513,276.1458680000112,1,31.826370110172473,889.8531906179111,17254.407865588164,953.9158949032634,764.6632402801004,196.62911754368054,841.4872747757365,11329.993293565409,287.3666264395112,743.266804609755,0.24896700380638265,8.942181041319587,5.203287060230724,0,yes
221.43967794250963,361.7526452693858,272.62067042503907,285.76460216433213,0,35.78564345244368,981.8037258132634,15937.164736741668,927.8333748549593,141.2291888582339,824.2691078730235,953.1601055112837,14791.471576767111,125.16248739980442,614.7085370589126,0.28874716689050683,8.301003272743785,6.551330220860068,0,yes
285.2441625467421,295.74310184303874,213.5018503879774,214.52424892605234,0,88.39356557303101,917.4224444438963,15529.022053533618,981.8926816673694,619.7267166956134,372.1512139280194,738.3774486899874,10102.044778855083,432.25051478538336,614.2614989079905,0.2509542762486895,8.089615716735148,4.71607255599495,0,yes
262.89529363407445,374.180629646022,262.1976152851886,224.89614943313805,1,50.572493437659745,983.5393539307028,18207.50625220941,949.4194674864508,711.6111715008162,189.9282306576298,981.1895427233092,10070.96191958668,482.12088115263947,666.5032271845782,0.29055838573639287,9.439537359735137,4.8151306431704946,0,yes
271.6599494959637,355.0313516245119,237.9934708834141,231.8885743871628,1,74.18027586454477,751.7103914851903,19068.143656707038,973.60684779885,602.0750653564755,394.99391074692176,932.3445835321545,11082.718302426552,765.9075654602827,691.5855811231127,0.28353332720291363,9.82081409072551,5.3302500002457265,0,yes
226.14823208281894,373.3513337552979,216.85000206563618,288.81432986625396,1,57.27107920074686,616.6019174350439,18297.602868242375,936.3486752211392,457.4845616951325,491.45633474677305,969.256281249611,10062.476820800328,104.42086520676561,782.2710034823274,0.29013760978832487,9.400762848816553,4.677703131075316,0,yes
213.19938914651425,160.31763626486065,311.6500614496363,230.7689960928906,1,24.85210363235283,679.0155006125516,15276.754052526998,934.0752542129676,570.7664784420614,371.23169779005366,701.2809969210317,10686.450871205052,294.3581114828722,742.3243906512239,0.20656549758489953,7.903655688650015,4.889804154545873,0,yes
289.50490515305927,300.40398363062315,106.12188968986138,246.08429983982967,4,33.410625721411805,851.3325578913734,17925.283537944128,925.237693365784,334.3070312853835,585.5869242448332,877.6129345442665,12408.409646813561,228.57386526303839,661.5825151472741,0.24728239371118707,9.264979050274434,5.60912033862301,0,yes
246.97865506177018,338.7159514845008,256.6737044746993,213.54606994479164,4,33.735937518025324,739.4708439203517,19002.97973371311,925.0062705907586,198.3706580117349,760.5170779650273,821.552076736464,12246.541838876743,836.0197045137318,664.1658188699456,0.2808685632237312,9.778838114014752,5.77061935397413,0,yes
279.69006907538204,243.92258969316057,348.974528680024,257.74653907309346,1,73.21506807055981,806.1462706525781,17493.713206773606,954.4264132666998,688.9422037511914,309.0189335406985,736.8234238588378,14964.28365210938,119.97904577175218,756.7642786529332,0.2673529722316687,9.043065538647195,6.555050107875847,0,yes
238.1918009800933,271.52534859291745,392.51717202906065,284.461846091478,4,53.20240186022556,813.3952357414206,16679.161761196297,906.0384459535533,342.81795422576124,635.3257393868873,703.0748525087782,13176.278637450072,308.9667456943397,603.2408437675815,0.29668023531740456,8.630779539445655,5.8789924190823,0,yes
230.55800901096026,325.52805483802365,245.07111542049967,223.4160480005565,1,93.27442566328439,808.8774143551116,17666.84643419972,918.0733743031058,844.8260270218481,95.33303188549996,805.7255068088293,11961.823309819936,832.4711078561411,668.2524674863812,0.26865676855433784,9.125255107264124,5.646942558742428,0,yes
202.848416305334,153.84702762234832,167.06836607350465,202.742124906088,0,84.36345591294905,808.292879529393,18321.356512984163,906.4358543629909,790.9237868114188,122.37312089640352,860.7381659432367,13577.361173002604,361.24991679326655,638.8187506017872,0.17163006336736497,9.450790039896438,6.119136374152281,0,yes
278.39524252766796,225.75312733850672,195.09289774074676,201.4910525893792,1,95.53948118595991,637.3085335547527,17839.42629425028,968.191315064863,753.8698346589757,225.78855293044046,879.9610287274902,11739.850090280488,582.091889194259,735.7123706176704,0.22070114641721655,9.180566200866604,5.502043445005012,0,yes
211.72397895539686,314.9206669596297,168.67695541487052,206.67149063031363,1,48.42297666185363,694.1567791308015,15727.94729595008,939.85826306988,731.3626089592902,229.22568648962772,947.9899758342507,13812.57958911797,215.26662239217575,655.1398763459965,0.2377687628277107,8.133369245438946,6.198358372222488,0,yes
277.80117124038566,270.3026244870353,326.0912948477691,243.27061588917292,4,72.45089106452333,742.0680836004183,17115.70971946248,958.3116131596142,371.48582251887893,530.5810027208345,755.79914449923,14095.592918148917,649.9688562865548,749.5601547498592,0.28209787961801813,8.840351713561496,6.413009857866222,0,yes
235.56377456534756,179.4890415781581,315.16276554391095,238.9841831003195,4,28.22528640872474,651.4076701008535,17121.005299265118,909.5277554547398,6.882942773892672,894.148550021817,800.0596283979794,12517.662148600351,872.5949558019889,738.265170724734,0.23182796882996357,8.81638040120877,5.886951249521985,0,yes
241.14161518667817,163.04576266729504,211.1810968443042,294.46309564712925,4,50.56117026059812,902.3903567806301,15950.757173556965,931.3332233779972,908.3934947427622,87.14575919921981,856.2151664334755,10059.15417672795,465.22819020726826,766.5777629597223,0.21906223469363587,8.290099088247912,4.779825017847461,0,yes
251.4507056271057,102.67685944984028,383.54683852578427,283.66902310675516,4,63.274879256872964,966.5304444778277,17951.161279823118,972.75456828405,798.7690143920543,158.40350624869484,724.3470214477679,10385.784468053933,185.2001124205202,721.1447926250692,0.2301304389652087,9.310663043916904,4.734380701210432,0,yes
230.3534984914199,193.81227563160286,178.05523333923497,259.2014148604184,1,69.64542329922098,619.2772982140431,17093.252284365364,960.74833375982,333.96561655237537,582.3876231025547,756.327509710878,14597.69000776821,307.87165028285114,636.1174520231282,0.20672725190833707,8.802524966640389,6.4642165231217055,0,yes
205.04783745345722,126.91019601472408,207.07925382852568,297.9787849759,1,73.58966683521963,706.6705263919979,17872.446146747374,954.7653353425496,401.4271296668769,579.4321110370915,848.0659486695985,14925.157862646476,176.17382044792117,729.9957982020427,0.19082765612125951,9.210420168244742,6.6004496337871,0,yes
276.0519820138432,272.09234928390237,271.8868314390808,206.97656229143766,1,97.6655711643181,629.3249304439043,19591.895252515227,965.9782800621231,347.17111355131743,633.6392022652319,990.4199696221133,10310.607453306007,663.2282184052101,699.2165166809218,0.2556634347769237,10.054755184454807,5.0023165090488755,0,yes
257.36781189518894,217.13758440567722,151.31754214384586,212.03319330564796,1,61.431606709380034,646.9241369960704,16344.563946921442,911.3824262895122,572.0664287382493,332.45776512391467,877.340099938555,14249.525708854824,672.8570619996157,696.0916127391783,0.203658318267632,8.427433753249307,6.525611712563052,0,yes
223.00047950224427,249.1399490648144,100.82015817510413,216.87737047220566,1,43.720072848387666,804.5146723873784,16165.863746648665,933.8746596434069,52.385844703886704,871.4100297935832,887.9793840345939,12374.305829274883,102.5009027327708,750.2914787104739,0.20075886062068785,8.375952382994056,5.561445226528227,0,yes
230.45895480273745,271.1492785443314,186.28754138005692,293.4328771386567,1,64.62957895799603,902.138874743562,15755.258457511234,959.9150528011048,720.0515435930726,244.13852825367337,838.2496608983606,13898.889657214128,541.680048784892,732.9994113492266,0.24553753863809072,8.19622093431167,6.330313333319988,0,yes
262.4978560090864,371.759915204264,337.47868311923435,230.22616494062717,4,73.86467058164628,883.78676546097,19431.61093259717,975.0853409299057,439.4122154176863,499.996742249053,950.6720326953011,14950.074465347125,340.8226072668793,749.7290698599963,0.32059014440277284,10.032328324498565,6.714223820083217,0,yes
287.5049475031533,384.4691829861448,197.02511559899315,202.58446422633003,1,29.935912169614866,785.2604877603421,16373.137349590943,934.2117336672864,30.665728415783537,895.8272844304296,780.6346364634904,11487.77526082401,306.8445487131716,696.6027660667644,0.2776990647872172,8.475340495459255,5.238894031530578,0,yes
264.5559266308433,368.4471069389262,148.2499881963128,276.8604833731234,1,68.97040863301466,997.1585039588193,17715.056180867185,921.9139900265716,872.8198198801767,64.48958733596908,921.0767226534208,14703.315815568993,670.468737319621,690.4716024431677,0.27839121043322407,9.192686466014436,6.7274112602389,0,yes
205.47064620546018,109.42756900190763,124.36807736497063,201.4855167640419,4,54.40205254711138,940.1701167772344,17221.737315434766,980.0188782940701,904.4161026379053,64.61992499148755,702.1211568974535,11270.250066360435,316.6934384588003,605.8479185078152,0.15763490072500727,8.940908131165271,5.118371287375002,0,yes
242.94762549510116,261.6179435275353,390.26043350921003,263.0479293978126,1,90.02328870509663,995.718681007191,15556.108045868099,934.2803720670876,649.7311395511933,287.7564272483164,974.4594768663653,14357.3619944323,858.118572572638,770.2831706264315,0.28121364716390407,8.114573232455973,6.696044424413665,0,yes
291.5637782022188,289.8089554878186,292.8862898447943,278.1286811401211,1,44.98748540866999,831.5579973636609,15915.151447620057,951.3005126556553,163.88250176933744,784.7281984579113,918.0551380138445,10348.867522394501,396.0651068395464,748.763755198578,0.2765220451753481,8.259045041666475,4.883927306476698,0,yes
260.6423801376629,142.31907051914405,218.12552266921568,205.9048091598134,0,39.523633839019965,969.2011505107973,15191.02896604703,944.4181171032395,311.5392584778775,626.5791073112442,795.1424270453259,11979.308137060372,365.5932430363126,638.8542615223726,0.17952732255342455,7.927306904717814,5.458817446155223,0,yes
216.07251655926854,366.2754838763596,334.4922149069092,219.09137126120945,0,33.347853061095364,694.254801234739,19370.576404470416,923.3612016421359,655.1310986384725,268.50011392962824,927.5542078005986,11107.549506156956,624.3423094200313,657.8753284279277,0.2886119340409912,9.952444017695628,5.267085042273612,0,yes
270.0671681566535,132.9223248340914,199.70998968388875,210.4998247625276,4,79.8945148284448,755.55564597974,15206.523179972688,976.2823508598947,269.0010867326967,669.2364031069922,786.6403718559052,11429.226372779574,719.624464014524,618.8296161913412,0.19527215256281544,7.891225924779072,5.374395551695574,0,yes
246.22148634426816,161.36724310500836,230.02813582082007,296.24582158409584,1,66.56364443905284,914.0834552943809,18128.194818179094,951.8461468203972,927.9206158396411,56.96340593608545,729.31050453683,11045.485531304137,812.4520915509873,797.8847506748997,0.21317050653799172,9.384294779510311,5.265189539703005,0,yes
290.6931102143912,351.4671827310932,315.51643065963935,228.48474667746459,1,77.01645013752704,662.359808002492,16802.49149076025,957.2099227976674,815.5438472003319,115.53140678590512,837.9209940209864,11331.960733470554,808.9668429788856,713.1980980328578,0.2996986366224168,8.666056145394004,5.403150597166978,0,yes
223.95719361811845,220.09607609585066,389.19807954990495,267.80560507568697,1,60.154642019448914,794.1247342862772,15939.016340789609,988.4989900493712,388.6158752255093,552.7698230774278,957.7642066584215,11851.124806421312,842.9561003471637,638.2120915061923,0.25918914481822086,8.26773996978708,5.663902494349482,0,yes
216.68752380148422,389.0541601169557,242.60280961881497,296.1337441801201,0,95.95971347742231,859.3216792233018,17255.450543116036,946.155655665908,858.910872754466,88.62286463549765,781.4575393575391,14952.123357232978,570.0947519441788,663.089739057074,0.30270317986323986,8.934732210512559,6.72874009537609,0,yes
207.16292836353648,356.02934790673567,270.0238299591519,248.27401768315966,0,76.32871748869178,824.9631728768801,17309.953156714062,905.9200487296437,528.7474600364562,457.99983130990495,713.196749807345,13827.286675975665,617.7997933785047,674.4211853961613,0.28173457650706174,8.948749694346347,6.277484081514727,0,yes
280.416163037051,247.81896573301333,310.07143201831724,263.800169646012,4,73.55421854621615,770.0578681274288,17625.231124399834,960.5871378537136,633.8186049452485,337.4628310128344,744.1256615970594,11417.263118154271,666.8615900607498,738.8068154714881,0.27447622460573945,9.10163179835198,5.35183480327042,0,yes
256.8308702267161,183.5465006261188,163.5059260860137,257.6513870227943,4,92.6376897061198,624.5140855502104,19633.1812779042,956.2171068848234,294.7330836894948,674.0247733703209,975.5125084242335,10776.214842759646,509.57627644915453,637.3801801661284,0.21763908530939033,10.073004879412414,5.1113460077442285,0,yes
282.976269288733,386.2704007058536,144.24874087628757,206.46491612992318,0,56.27897142174849,973.8374466978499,18292.136691416392,964.3085984944069,168.15483043246104,758.6895223800428,796.6979801165506,13445.961399048894,430.5100830197981,626.9930873891091,0.2673776748455135,9.481666572642105,6.068971039654089,0,yes
218.5722277476356,248.35062314138887,146.0889778409564,221.49188232074704,1,43.79751831083925,654.6141181607295,18536.5483344479,958.1844241648911,455.9381709492689,476.7952210788598,893.0970226409031,14434.917499900625,828.330878868017,701.3778512476264,0.2098703740141448,9.531525108253133,6.672815430071858,0,yes
269.87367929724405,312.0854677105382,253.4629837214559,269.7314061905162,4,95.04855931723782,625.5577976766616,19697.507353373967,944.1036983804931,563.9944156641963,336.21437761900506,889.4218400524906,13204.780252602017,392.7455500453869,629.8598895661512,0.2914155903016897,10.103728825340003,5.991218268218259,0,yes
296.39898490810936,235.3903432577667,235.212413831591,233.65626294025355,4,89.92791177892289,646.5581227737068,16028.964619692693,906.904196109338,702.6759239539604,231.8875457829089,863.1969918209256,12760.310194855989,783.8452562728745,722.7943116831186,0.25258817559511876,8.268942902561188,5.976299793745645,0,yes
257.72912451828734,109.46747658863623,215.39838952324078,270.521424683648,0,77.66250438160529,718.8050074741477,17493.65002697237,988.8571114771803,270.61194174625734,703.8528200377232,908.733846936097,12672.240858379719,684.2064322197341,668.0031521731772,0.18319040647856305,9.028405026058099,5.917700036536056,0,yes
211.22994912477495,303.1848555745771,306.30942714762114,251.59295730571102,0,79.25849326996769,987.9718604213025,18512.963640694983,929.3494532350837,229.0833964119117,752.7312362023787,767.4005361029645,13899.16365126002,742.4097928310898,690.5925405108405,0.26939936424956806,9.590534292568421,6.379205790909779,0,yes
224.13659500003646,376.3600858722404,354.9088665924861,230.62008599401705,0,75.56678313089944,842.5727282454712,19588.1361733475,982.6368982843933,425.3961671033189,483.7300706630678,809.93892489171,10552.150684023867,138.68353889409758,719.3062232773564,0.3053600897090838,10.102336389920138,4.80972607028634,0,yes
200.469586492452,328.53664980408905,155.63074844395817,270.06454945359616,4,45.245965655613674,617.5988401038911,17369.638569551957,917.9768969169985,643.5909087378616,318.2219739256691,759.7825466089431,14118.151873447674,747.2238554791123,664.4864697807664,0.2634649892092895,8.934481360032182,6.459482502120719,0,yes
297.6967988577948,219.6990079623439,346.4107081414732,262.6117964267366,0,53.8057362476474,769.0074182215608,16275.616674318684,982.4324828843498,697.2082819236232,246.42054241039284,702.9332447678601,11312.47381312486,510.7695384843689,628.9395559032504,0.2539653137902966,8.429608853857241,5.212730566552471,0,yes
218.5235954242465,109.90716978624076,192.8970382765661,270.9514122243303,4,33.82450826982158,682.9956791281967,17775.003711487057,977.5634962080908,918.4064264752992,11.851164691303666,779.885214919394,11367.32134583464,676.401078334301,679.3866238093078,0.1844869377605824,9.159642455524176,5.336483266132066,0,yes
263.99277310573024,127.77404975924573,383.46636021610476,206.45615144709333,1,25.7489096895646,635.7789890633419,17615.81667802108,963.4910721636369,945.6026862537947,33.91855660566091,823.3760098757764,12239.79587622581,597.0774105800542,636.0734589405998,0.20958047778166455,9.067779334363456,5.672240915594515,0,yes
219.02420144025498,101.71952573948656,179.51298316134813,254.80295479883938,1,59.83337934126517,940.2502446916136,19349.128980112986,952.1968130553248,271.05983893547165,691.6156136163288,745.2689140863378,12719.379239608576,211.79427155722212,729.3219877411499,0.16663768056887868,10.000783110126363,5.688666279372632,0,yes
259.2055029983715,172.59642313815124,173.0523631887794,207.23352026821277,4,62.400494485325154,684.1424306059575,15991.36172889448,926.8954998811257,533.8981163343869,384.82218594805613,986.4514969318982,11612.061660296158,751.1789298312441,784.9770387617531,0.2015831417496902,8.261100138967704,5.559335667506912,0,yes
201.2247805612987,273.6679975727466,397.371865183102,212.80905814895067,4,63.352077058504335,733.0688134815365,18573.098632562316,903.9386661760461,585.1912677501847,344.80121791801355,952.0606588834696,14396.489281854043,202.5698192014649,780.395146997562,0.2807858821535101,9.559603783583313,6.440837704622299,0,yes
290.39622887476554,373.35759658276277,254.20739464288658,215.69096423061401,4,67.52194361823257,856.8778357806095,16584.799468452882,968.4706487506096,134.36149440519927,769.3074924472035,904.2506352064858,14395.045338708396,254.19780103148187,662.5166231603558,0.3044028877056143,8.601929715487723,6.422586098455057,0,yes
207.2117558764785,266.52098763288956,218.20689307061213,217.5075919981493,1,82.52661249450888,775.0549976417025,15283.531416492478,952.1434890445016,54.38235146793834,896.8762770131892,887.5451098685969,11959.410267673875,829.509654706088,785.564105000987,0.23420005765358234,7.9307297788772555,5.694586356319535,0,yes
296.2634771224434,121.20061161823139,211.4904215841663,209.77810357957708,0,72.1452938458349,966.2601164143598,19720.309123520896,984.2536351887549,692.5739789287501,237.7308930752116,837.5357906578885,12727.377822346707,361.39290864670704,647.1989744168511,0.1791389913116334,10.196765447981171,5.773343591731328,0,yes
273.3173428303609,128.1698951893332,308.8557465128098,285.61719861210565,1,61.69124145844344,622.1015376970365,18801.417530414896,957.5065015311533,720.2382832556008,259.17714477373625,794.4418193325903,10434.619064773051,834.1094347946994,707.2326092121884,0.21634659708603532,9.656775442990082,5.042747507872336,0,yes
217.54587706084274,222.80364697554296,224.0924930618673,265.25624127401204,1,98.61232090686669,688.1569305294079,19709.072083881372,919.6480229286499,310.26592522418355,686.4209282789475,737.3084740258026,13898.460721391337,414.15534156770536,775.2826357254856,0.23076742603217434,10.119844543417566,6.248875777806715,0,yes
298.4496253204618,279.6088640716599,290.8101605096672,241.33242960917048,4,31.235734483729665,745.6851817588469,16589.779268085058,901.1388530844881,346.3963163642254,644.6927958221812,965.9172126806016,10203.43361764785,499.922300363506,749.824851694729,0.2758119626182528,8.570352620990775,4.892448485146518,0,yes
266.04071414514675,280.20308634232447,145.9494968658107,212.4128578015675,0,69.76576058953559,896.7956021666049,18782.07676059449,952.6412303962293,309.5788912165876,627.0132809766349,781.2798989719573,13741.904835957153,831.5347551245455,765.4130153428379,0.22603185921545982,9.707414869389291,6.361184298207792,0,yes
223.7174511160591,323.6582911826961,261.1731371508156,275.73054664344943,1,77.76444667476963,764.9778575147832,17918.11139831644,920.6704563193318,485.126715494177,484.27528611679077,704.7665210388993,10350.384703100568,842.2818678402846,782.1962807805463,0.27877771219388936,9.241462623598748,4.985024397356067,0,yes
213.94445984842304,386.3113157971789,147.56473618286643,200.1469241853571,0,54.89111788738662,903.6480656904002,17583.118167496777,917.8738862472117,261.8176960687086,643.0608056204712,876.9942111723558,14119.385091558328,847.144576546321,616.226763409732,0.25789097530417415,9.104722901610838,6.532704860588867,0,yes
235.46418305975612,127.92515815127254,329.47436275780547,267.3771088099921,4,96.50820289544055,674.4408690358146,15109.7896055549,908.1357702717819,520.8284796785722,439.32811567425927,851.3514848532808,13009.535362985818,604.0655715405145,751.7423917397122,0.22831504504368286,7.815622087477185,6.006698631804714,0,yes
296.339849037156,186.46206808791447,217.2879888674081,203.37456466624795,1,97.94135316620186,774.2650012588379,17117.229667246345,975.9117046330811,592.1048100608136,385.85328268829585,822.2378930562637,13764.084739963746,514.588742442973,603.4108551868751,0.21237602159923036,8.850681694928115,6.244025353899236,0,yes
227.6280889834077,240.89199210941158,223.32422742927525,244.11723179828255,4,72.17873655806913,732.4681146735088,16885.058515203164,981.3069384912824,170.9332763041999,762.7923837939691,892.6583405485285,10815.352535298265,853.7398591972144,743.3965770173843,0.2435703406222712,8.72607910560125,5.2406755116177335,0,yes
249.57674582993616,170.5259838089346,112.28182548416964,222.40359996210145,1,69.90710323068507,908.5304730227622,18464.445071193848,939.4403849581888,688.2079618789458,257.68721058964036,994.2845958087299,11680.552810834715,682.7553243070412,728.3448793061942,0.179360843105018,9.54945103642951,5.558686778945844,0,yes
292.00147154376714,298.9700520502194,194.04576052631933,253.1746444342641,0,79.87582434593364,859.381893048185,19234.54075699069,904.9918823865642,186.31528532703823,787.0839050567613,960.3195038175834,14613.850201020647,705.4853543156089,610.3166556274144,0.25586896644537105,9.918654745588292,6.715792686160833,0,yes
251.8248330252465,166.7600556000408,381.8549671291954,243.69836602483966,4,40.73985907356564,749.2941324931821,16542.09044959067,911.6346100103821,319.870429773326,611.4168142429792,725.6451711968788,11741.521954311756,483.7290156077999,651.7496767337315,0.24464591892651855,8.548739270460723,5.383910418500453,0,yes
206.38714721701712,342.8214139673608,351.87198317381075,257.8684398157043,0,84.89570380536546,934.5599270511077,18552.790639814102,944.9925986373963,426.1763611311312,487.71761542554634,749.1192007507561,11497.952269207943,143.91057514950623,631.7775708053539,0.29571926858356273,9.600321798827565,5.154950031760444,0,yes
215.40148509030163,269.22136930358,307.2394770955737,209.00809681696936,1,36.96323346414527,682.749510188718,15064.967600669921,904.1738621575416,301.0377717595773,633.9248597290621,995.2625061018628,11135.797330286883,584.6670498641101,611.2341632936821,0.24669275049340159,7.794492291092074,5.2850494873442875,0,yes
299.2206159277713,212.5456536938134,116.77330507645593,258.2526160155962,4,97.13800488142614,759.5110900127353,17828.852682688128,976.9217709146276,95.5852551579267,828.826361922852,999.9262110988647,14574.897075724562,329.48547428564945,755.5822887509642,0.22594627740100828,9.20335626944826,6.578042063782119,0,yes
228.02023084791423,367.6024522056561,108.1064338794706,211.1458904926924,0,24.370987131745878,827.5638620313402,18011.269482519336,919.3637485989794,261.6515326942014,702.4905697400966,866.2747630216953,13158.54636026401,229.9640025162212,682.9656348737096,0.2426570349484342,9.301827206305852,5.914083838767186,0,yes
274.78957366714,358.97576865243707,209.53522236285156,212.42766160791513,4,62.880061377568985,988.0647886595867,17285.94578512284,906.6640997003258,766.295330517256,136.2768723564028,971.6578642110801,14762.374313383503,576.0891638779968,764.549907689331,0.286502767141272,8.973945184242268,6.7385772985466375,0,yes
239.78042683887884,267.5135668801931,184.84480030510193,203.5152110518835,4,42.379648095781434,815.8237021828994,18332.628235152108,936.3861848920556,765.1077929848875,171.1443650727315,927.317075593536,11612.541298966633,146.87673914466365,680.5074004763849,0.23619214817724224,9.462207999442933,5.282703678267838,0,yes
276.49437025623575,322.2574874542385,294.41753024122886,288.4359647254905,1,59.74733323936639,861.682812439605,18992.377708999295,954.1818674767779,279.2001041458687,624.7604041394495,751.0433505429503,10668.664319385287,585.9373761625944,640.0416116193252,0.2918156060987707,9.804832381192542,5.000540439129286,0,yes
286.6966940713323,221.1101588811346,184.32120392302704,240.86555338062513,4,71.41049151329167,635.2948464527612,16088.622936946778,977.4854846345396,900.785668975094,65.64353699359731,772.4547821669313,10974.141546894154,778.6261041542615,798.1597477849122,0.23458173595838522,8.3060096708043,5.237864687659041,0,yes
236.89427788840902,182.87587783015016,276.31963871860506,219.09705937592585,1,21.020019178586217,648.2501220549143,16682.97697021992,950.7726082206094,58.10782643627585,884.5525974778418,869.6324517251783,13371.05212966617,875.903499719177,693.5575787666738,0.2086992782988964,8.602328700410085,6.257243353364926,0,yes
262.7102222483072,389.38569779231176,170.55176421416624,248.48232649274166,1,80.59589775817368,732.8952983821002,15177.340607782524,935.8726492370117,848.0533856384872,64.42944332812158,979.6994450666191,13147.152054073309,665.5129388817999,672.1811161536234,0.286779544565505,7.866054164512448,6.1206066744944945,0,yes
273.71633765042685,357.8399190966003,100.81693776226793,271.8824885864742,4,25.979694279535916,941.3455853212395,18003.985412092603,958.4461810107823,712.6693795111087,246.4382488490835,812.3346124146327,11004.942428723612,680.4863301176771,766.704423146816,0.2714218704348329,9.329322532384861,5.221669794289438,0,yes
284.0739602797977,252.29616534163927,122.11554225142396,281.7525948974567,4,44.24316456857319,605.4540123865995,15124.445246528769,987.345150368508,306.1435037437671,595.5355271353151,919.6897976644416,11318.774608447868,891.4025466534318,617.5104746728367,0.23904507379930406,7.8187923268827415,5.446973364414732,0,yes
245.11724058283477,316.5409725182594,283.6082340810859,299.0691912411173,4,50.038969421176176,690.0104390678737,19463.49869724417,919.3695444329802,35.87078872383207,925.0547610929581,948.1807207015795,14302.532215792053,792.1066813606495,603.2394973623885,0.2963038450548884,9.997426739258596,6.618414457427042,0,yes
201.03958387132172,388.4588483414013,336.4422737502862,235.87017447547223,1,37.89287915168576,806.2619083970944,16559.0636873791,961.5322719648083,767.582196882855,198.90936822317485,966.6352292608589,12453.131792958193,573.8062092981163,683.5995074606428,0.30390503822388815,8.57674559606721,5.8100066731361295,0,yes
230.85682043428432,285.7498434283042,321.0309731331247,299.244048646709,0,63.243148266512215,868.8319833431365,18359.755365656863,938.5570864209596,869.1379313571462,71.14316224757852,731.7949044204545,12802.202734438793,573.5385983490899,790.6363332389884,0.27536465163548635,9.487987058550061,5.866184154517726,0,yes
248.46623847594628,102.27066181794436,189.6288194704291,284.984885106913,1,44.331060145815336,626.8808869573144,15478.445663444465,934.4509723328833,365.0931274579292,554.5302563662602,879.3544474210436,10986.363672976731,275.0694910068182,733.1995806963507,0.17668892925930596,7.993161028623252,5.069006127486404,0,yes
257.3556026092108,229.44028550659257,378.8405988669023,291.62512712224895,1,37.395201921162055,733.9805876541807,16474.46592469084,961.8332882713974,158.97909653268908,749.9411994796039,948.3653658018272,11588.441409052955,218.09203574853333,679.4371746119278,0.26697960639160556,8.518426931085429,5.306088192901437,0,yes
293.9690565511203,297.30665070076384,186.20363162662312,266.0497896161028,4,73.83973376181126,809.8851973861447,16042.836926715107,991.7566728042016,340.67761582228405,622.0349971130124,973.5758180701173,12530.354575962188,749.9130396399673,733.3066514791761,0.27170060970879395,8.32362156503246,5.920159924191312,0,yes
272.6490012847896,205.3546835321636,169.03403902638487,288.6263453421276,0,52.19975375397099,808.3211715418107,15829.022570679617,920.0656652467156,101.83678517593403,835.6037310705035,863.8462888399056,13617.417597822283,195.78375450898173,760.2739114878308,0.21458027502770047,8.206491270584465,6.089547605998929,0,yes
251.32681735784635,292.70396977514156,242.73307997878263,233.93752750404911,1,21.009054975730812,692.153732156819,19590.78149043336,983.3843778303377,349.18930522806716,588.4027076100479,731.5950663273912,14714.44720647499,585.148982422707,738.9089291271937,0.2507042772201211,10.070347273294809,6.628386454564064,0,yes
225.6700116330739,131.80606488212965,109.44012387680674,205.32140958457958,0,55.73712258435694,899.1412462226319,17858.21879494666,995.6510410678368,694.4049327131369,280.9610125072371,998.3919042017942,13594.586165083947,582.4140615784231,764.9733448794938,0.15108572044532423,9.251962889675138,6.29473465462026,0,yes
258.1191174778645,202.77859081385884,376.81556996017537,289.9031777360111,4,29.333988717898734,919.9337201761824,16050.402129589154,966.8742265177118,48.830516042992976,894.7508184686183,734.1780580616638,11558.513811680768,291.01688043195156,756.1366339105778,0.2666489969958872,8.348802289041906,5.25250466484336,0,yes
274.90894393512895,198.11330937143478,252.75971080768588,226.0921431256896,1,32.77689866782935,880.8300594990772,19088.43636673032,972.0826212284777,324.39206119034213,589.4955340289357,864.5245338145642,10615.452017221409,623.5175382088639,612.571348022138,0.21776693291498034,9.859656707949492,5.037445833928881,0,yes
296.1818037409895,397.37561427878387,118.48552911192847,259.0035510531535,4,80.12302018907276,842.2046507434923,16794.703736778716,986.8247224101563,713.2817736497051,223.90282095420253,745.5715383162806,10239.449296048058,540.5023069730759,606.6254537939155,0.29784583551866883,8.706117440063654,4.808671950144579,0,yes
222.7179928140267,379.5844057116008,289.58439307705,253.04150909518526,4,23.00908874448097,738.8182345987061,15697.261698119335,939.9724985420523,605.3077045928944,295.01069103440364,947.7827040398636,13563.496934507853,460.3815874217137,692.8152192806098,0.3072837309103806,8.127886593917115,6.193381714799466,0,yes
219.63321169253115,347.9017560947416,239.69927039238374,226.79193451162672,4,97.9228523109933,654.1194331165702,18973.624015914447,968.2076947502045,410.98152572746574,489.4066995688238,809.3474735333621,13107.108612381822,287.61099926799716,731.9244096540034,0.2884119830757221,9.751337155680073,5.89152286405316,0,yes
283.300208615296,113.29716371042683,366.7608968789944,295.48478290115685,4,58.51282549961235,979.7262625838327,18472.798260200267,941.06980984953,108.48647892867929,885.5142296287922,846.0801806985135,12962.318585612149,404.2354690832795,658.0802406850053,0.23681662149329583,9.570156211247571,5.89808411439307,0,yes
200.68922467990333,308.47863798050264,322.70453942985284,294.53450913497403,0,57.386585139545254,887.7953010685742,18092.14778063547,931.0509411075844,114.39133610478298,807.302430146204,942.6816183847518,14065.123590756471,523.1139750442213,642.2018171760681,0.27930427872293523,9.357443861985477,6.413355105853152,0,yes
291.3320766584149,337.92496675595964,166.54248520380978,286.0918774295545,0,91.75809105538482,907.4093485466452,17482.193246562954,922.0220946088765,165.63498963278394,736.6529800809881,983.9723310441602,13917.475138980084,621.6380827428678,746.6564544817687,0.2739431522360276,9.055682924230705,6.421344047604142,0,yes
201.1870150472481,167.07441101326538,235.25501137190435,299.9445399685851,4,78.4412768760179,969.942171678624,15713.939569913899,982.3142538855057,795.0349030821654,106.94052333671198,810.3195865727032,12617.67198723889,784.1425552402364,794.9800662432687,0.225044517654032,8.194159283935214,5.903364041128929,0,yes
263.8263118304796,101.24455503507359,244.11277615518708,256.8966504204796,0,26.84163912155079,904.6084657038155,16793.65237265391,901.1484333044692,284.30115735064743,641.5132233902491,723.6218296988702,14969.734048726623,519.5110305166829,746.4550330751357,0.17730232608358082,8.707925118178897,6.700444108620108,0,yes
278.41128227186385,357.54586782357336,139.58410487446488,271.1966916088228,1,47.55602807204636,701.2419690409654,15492.219406879012,974.561140578756,585.5205709751057,389.2097603620998,925.1528842527371,10347.963600158948,754.4717478260105,650.260979234769,0.2702267025148865,8.021843223377253,5.020371626287252,0,yes
279.47827177335853,181.62940698824832,131.48054744819618,295.2782929524209,1,56.49372855781753,878.0599562860722,19262.586774232346,990.9782786850931,705.8582252410445,242.52455008583422,917.0482504979478,11877.45565161461,509.78546035646207,708.5145733161846,0.20431428918944688,9.948720508977845,5.535084088319453,0,yes
262.2287600292264,261.26044253708153,352.2761824140001,250.76948719561068,0,39.39318482666267,883.2721291792104,19469.104982397,907.3174909307221,750.4994843611406,161.11312923714638,958.6324380955518,13682.28400860053,892.474759777956,643.8971842144203,0.26309124490692604,10.041652196851583,6.413187909699998,0,yes
262.64681947017533,103.11792754397912,257.8578194390005,285.194793710467,1,57.372681374900594,838.9015192607169,19301.277294302366,956.5952758596363,538.5981211384383,382.5595137228371,836.8994634181568,12189.4849296119,393.0081486604313,646.5391997702196,0.19414841951480455,9.954485829975903,5.569239112614821,0,yes
220.16662211268925,177.7520713119256,300.4230629090986,210.22565156367364,0,62.736901014771796,650.4655739557697,18553.42745730656,976.9934398761973,653.7145955810998,266.9106540056922,981.7102980185531,10124.401824293582,267.51906187206345,710.7989010095666,0.2088265029509215,9.541654454513475,4.759315681666291,0,yes
276.69141750120605,317.66250993161304,276.50144779751315,255.87155615922399,1,95.48662981796859,965.7594713273256,16882.02065547212,902.5261677685771,130.49251175962655,786.918547434004,899.0906642467794,13054.644911727544,440.76977430738646,688.2929884421962,0.28440031765710283,8.766277417675408,5.96425650004206,0,yes
270.1080740485326,247.83567087233317,186.60993454752725,227.56129312973917,1,54.69252463986723,971.4853625308187,15225.922833790957,988.5694886292523,48.70862879527701,950.6957029448948,737.2105623686512,11564.227425310006,343.5202003788441,776.4777076086971,0.22686654327457967,7.951372629299928,5.287426093583692,0,yes
256.0641197916652,200.83080108299683,149.53888531938313,235.3511225578838,4,21.552164405609993,668.5835447049803,18060.89300128269,998.2987722312287,85.8488356043039,857.9723828614727,796.7577450607969,12623.35853577357,686.5052485020583,749.373958283982,0.20826624669989294,9.30230210467865,5.8608035546085295,0,yes
285.9868858687842,349.8694194577497,131.83471006383084,203.21164530113006,4,80.99827266524898,883.9055769738068,17230.1031302969,913.9004709568327,348.4245022543996,567.7988068549432,980.8251489640884,14720.92003161541,529.470498131591,738.6041440013187,0.2691729647824805,8.92319352750935,6.705429281925172,0,yes
246.00898710809503,306.3640154160562,264.5739516758995,242.49758536319848,0,45.75433859073493,793.918928348766,19217.81263346286,966.6087744783891,354.1062177710745,590.7837669939873,752.5801931652383,12603.37680789989,575.1707917409865,751.3125258844162,0.2606860697142813,9.904064721485776,5.791010578245263,0,yes
278.23209640359676,274.58218855471193,397.9350647118222,289.36864988415397,4,81.92465641690418,977.0772771130368,18054.327978760324,903.9427011881,151.7117496785936,779.1863719507013,829.0310654715034,13242.398498220287,838.9279295144336,688.1447643653484,0.3086438425490525,9.355229858593452,6.172423960979684,0,yes
254.779310922592,355.58232400540896,322.6832771233079,265.2529529681009,4,34.071216010893565,904.1949243786346,18213.112907280203,982.0148863967174,427.07059467704175,482.8663604082875,815.3785144502976,12550.383217245286,197.139541709313,693.0050552619189,0.31218691494706147,9.42866788292568,5.631214714286565,0,yes
217.56739828486928,198.32902926557546,353.578860407148,250.30087362455942,0,73.66338368467164,702.0487283841427,18278.933513182787,983.8290554520609,326.3189722877725,631.1073311730026,735.3255664426598,14037.903032263013,475.99787638450766,629.7635674071071,0.23674900697956827,9.416659926401454,6.303956357075104,0,yes
241.87908539662035,140.81446791172587,130.97352102216038,203.66743070279927,4,46.41020384778922,885.4436995337326,15322.258377597424,904.0112832573826,43.04259411650923,917.1993731629598,857.8575233396245,13678.316863862288,493.0638975689656,708.5835907764206,0.1755405304772988,7.968269696431013,6.226705453513066,0,yes
230.89641577903294,139.74165206814484,292.5455873310145,269.4822933504414,1,55.95575608572237,912.6875302581809,17939.115808592458,904.2452075233462,754.3416230660945,208.369790138535,984.042352002655,12296.726951664941,469.63275997527074,792.5006299038128,0.2084008666077866,9.282916854423194,5.726666219540985,0,yes
260.634851810522,350.80383659856295,135.11436828507735,272.86682321844376,1,91.68786828486343,752.3607739750767,15783.84766170912,910.1525466680998,36.961646248803326,905.7525072553537,756.7945662173478,13643.354558588115,215.8331499671827,716.708705547622,0.27026853190985894,8.170094890651718,6.060065252868453,0,yes
265.8570757327301,192.90037729619223,297.50981789848805,258.1298834866614,4,58.035945587009515,613.2032173613907,16088.323365094706,932.0905831390703,59.20761681973459,937.2893498596683,935.348124654892,14820.193083110229,847.362920050345,729.1503106089274,0.2450683985203054,8.294800075035884,6.863907777411331,0,yes
282.526309758314,154.9159327809335,236.395420987001,208.68812638176442,0,71.7232905942054,919.1102346396231,16317.818888649148,969.7816119034444,287.93204248506237,682.6344382902396,878.5289727921926,12085.6891474336,856.3527767026291,743.1731220523868,0.19559445266748204,8.482724329992285,5.749243792075409,0,yes
224.78452370114013,348.7616232394928,212.73979449462684,220.865839318724,0,99.30362444600858,629.3448635146879,18489.112765860475,975.9327915678442,566.8315561710132,375.0388016227679,746.1869930409946,14524.950766028061,530.944952741449,794.2440616257009,0.26700299332540556,9.504743219069933,6.5447036453368375,0,yes
269.88746384813044,356.2317389986108,232.30041361399415,213.1954295234781,0,70.73566024586043,768.8089989475665,17965.35982004525,929.1580953324172,628.1119831024969,340.5734113206838,833.4545149313834,11139.87397969175,698.173929119949,769.727039853274,0.27447879743727926,9.267099630662806,5.292889320353776,0,yes
207.7760123829256,108.52410537844322,109.88788967946846,298.0820501697528,0,28.866464852484206,913.1610842837172,19935.744487575288,904.0420836837336,500.34556038059907,491.9827776044664,825.7585323038966,10016.840711633748,414.2086133531417,722.9113676812971,0.15477824657273878,10.281311301485154,4.7240645238532695,0,yes
242.55233697645943,227.45698842422217,119.68330107943524,293.4889723785475,0,42.943120876933875,813.7887817985635,17366.33716029538,959.3400485322084,392.85273454149996,537.9255427572232,975.7686403038949,10876.198534329227,538.1021812392814,686.9897476901508,0.2095531257180894,8.981763251980361,5.164140148721625,0,yes
245.02405253438553,319.3540603118864,376.92897772479927,207.02102287039853,4,24.17109503659784,842.0461197685936,19343.702270959657,921.1064883834821,530.532778859766,430.04874267404807,807.8148444617268,12414.05685402834,414.15048020891544,626.8683729681707,0.2944207025674902,9.971533714750892,5.6587310471298595,0,yes
258.0188156974727,336.11011899531985,329.6664790473771,206.4698805600953,0,56.581667964191375,916.9119485657418,18941.925862015134,932.2164380932797,591.2096171771869,405.25991788481974,957.1091842172775,11691.496346366932,704.1646763749754,746.7643577903307,0.28127713212596284,9.789108464154564,5.56618721886922,0,yes
279.09423520638677,270.1205385481559,317.5885226209041,207.70215476314112,0,86.07057750558292,748.5357193034746,19347.121761840513,985.8875818573292,741.8893796129817,166.96543687555095,967.9224767520234,13829.678427774998,162.094114323565,748.1387075140257,0.2590871040931176,9.961299110727209,6.197080539359968,0,yes
202.26659055582508,100.03814751743019,334.32401627946956,229.89992799195738,1,72.3781901580992,936.240747263543,18856.477593895845,953.8767102573394,218.84680010491826,713.2304920282527,728.2979329889176,12560.251042287347,457.5665563006336,614.3655047834291,0.19140876267231005,9.753771483703849,5.697217746126231,0,yes
282.21597567669414,248.34860426881247,336.65023523743423,254.27833995700047,1,52.110079937894334,935.1409093758946,17104.749069128764,910.4940814469117,528.7250188842512,452.9052198043976,951.1620961276543,11573.803657191536,293.94937401599407,685.2233177623954,0.2636316112530327,8.871708378077008,5.34244948949822,0,yes
252.29587400425703,357.592446914151,132.09699998888433,292.8929745444778,4,58.01948924690939,614.1095427170316,17019.769908721344,960.5967503944746,372.2869572248422,540.8760776793456,963.3734153110133,10290.139033110092,873.1013198247942,726.587489007121,0.28309771956944524,8.76463888755277,5.0615774041381085,0,yes
232.80007094962423,306.5263890094498,349.08513953295596,260.6218004583846,1,65.00065016197334,650.6191282657319,15929.985145214237,934.8885360062253,169.22065191847364,761.0771295065737,889.3278769595789,14278.981237037278,820.4193259853683,624.436917822598,0.28602809333279117,8.224168237340837,6.59533377638212,0,yes
290.0348784464889,382.4249637237225,118.32846579043348,266.66406794497345,1,54.91887469040111,873.9159782651359,19567.35971978473,946.106693643852,302.3901602374333,694.2547372668363,852.7300334523042,13899.551840690503,574.8571949331504,724.7883421261596,0.27741854492512913,10.09397495150796,6.353044535361102,0,yes
203.00495685616704,224.78318824975543,297.8978602947357,230.65380167426525,4,64.9559382695248,789.8680614101781,16925.486047344042,984.2961624820882,262.40832063506616,713.2617599324418,808.3193322723108,13289.424488984656,735.9028920202306,701.5188907452513,0.24533234310077653,8.759443462062155,6.149665727932307,0,yes
236.46462631173267,307.6481906387269,140.93201014054776,223.71328640998038,1,96.48055394204641,716.1096938931582,15265.74075468344,908.2481970128921,516.4772817435419,398.18908190367165,964.9519821759532,10014.993300890352,290.7057466674022,602.5728100274051,0.24188595818513342,7.902770238240104,4.703111646325627,0,yes
296.90056591067486,207.97769496241784,237.04507701456626,228.36669568081427,1,56.84593074323998,853.5751456272801,15435.590189927056,979.1722352944836,98.69834657780854,828.2438260402146,786.0730319189406,12072.105771735525,201.9835967442992,793.5396070797269,0.22483586426492655,8.02805988695511,5.445793901034714,0,yes
267.7773285302758,140.52075428257874,141.6313313172298,215.38933867666117,1,77.70338170319074,795.0098430479406,17798.939297081557,951.0171313926674,352.2877357956228,569.7146190030327,890.1069171303069,12564.696906625568,712.626264681532,727.8258139573368,0.17510836731553517,9.192722962377445,5.879276409349059,0,yes
270.7322241861373,110.74584173540563,321.36484270655603,243.2244710518383,1,63.10902767006739,940.5171858601834,19399.916627246374,947.2846009650721,358.1141199928488,573.1665841722485,898.5779668516413,13584.595751539633,802.8858033525541,724.8752238048019,0.20325124247830303,10.025562345318177,6.327608029798472,0,yes
210.14996113392385,329.92784374905557,133.45249192385916,227.78776569506928,4,63.26955469957652,905.1578300401528,16266.777863845502,912.5649671058752,415.3410654990418,567.0954144272789,968.7504045013319,10747.938756738233,835.2027499222297,642.2374067866848,0.25461758158699127,8.446170440265961,5.230108097157683,0,yes
296.9857315653066,266.57616392669905,118.13708798085418,267.6474537459778,4,28.530216076929023,964.5214740423136,15402.605404493645,946.4330536776637,818.9886076171447,122.58846821566237,815.3175400199596,12431.732377559807,562.4173546929918,727.3479641374855,0.24080168040687072,8.03229564302199,5.738711266492521,0,yes
212.89631685595572,109.60402903192636,164.47957903907962,287.57010017704584,1,69.91403419750299,623.9042757390678,16560.748443256507,955.7445429072337,714.7551986229481,247.47823467707815,968.5660246355899,14973.632520866837,563.5138967613666,756.9210194734621,0.1738319215337394,8.536590623768257,6.82397767263229,0,yes
238.03541898925948,373.39708146209074,288.51527895409026,223.53649923175985,0,74.25111262745551,897.988077098888,16117.458985016216,939.8187005749376,454.4179222353658,544.9280269691585,777.174756323632,14639.25614889857,784.4785149692892,603.7022841419747,0.29106984767814914,8.373614137303724,6.687027145898226,0,yes
219.77182685652815,263.6409561800702,279.7022706626899,230.40812475226545,0,69.61447919518385,927.3290128090157,19644.499773298314,966.2247817771084,734.2611508083836,213.32340450200059,705.6154280046638,10675.38730252279,230.86267229133455,711.5883277326978,0.24388917992536743,10.147448449263702,4.85841088226611,0,yes
237.17529539141265,230.79604458723995,129.54094551793085,295.66862124502313,0,41.82378960686713,654.248727384802,15138.055046086354,989.2751205390775,559.610037688708,422.4817893791675,992.1135970332186,13881.972689059592,794.7291722025462,660.5334494682246,0.21247597195839868,7.836495314352506,6.479227995370162,0,yes
228.38207480014486,240.829968190961,175.07960163362245,250.38645192695736,0,92.75154737442537,801.1245401079473,19886.834316294135,975.0675842881885,864.6071035933638,55.2371048252561,941.0781549839851,10290.864104776088,815.4996016381178,707.6562385939267,0.22183268701366124,10.241351868888035,5.028317929383282,0,yes
295.1595120435305,260.4800077460647,278.87241403539593,230.68363595591072,1,38.03500869939013,917.8330077128414,18368.856681588033,924.6513615743083,173.49130579712704,777.4153801683435,946.4594007610664,12511.031387902185,634.312538318029,613.0833105472622,0.2520805720566772,9.501747382163016,5.837911483077692,0,yes
253.68183732054644,268.5591754058086,273.99477192694127,268.34761272255895,0,65.20411511290777,962.908872914529,18035.543056218594,969.7397269698657,632.4284755921518,324.14344163295425,792.3137210704803,10964.268610095538,346.6390506101245,755.8233633150217,0.2560333485447092,9.35160482113008,5.06205501703006,0,yes
216.068048562136,284.5077225764871,128.39585277118437,234.75485499687008,1,47.60809058510405,833.5336521192825,19321.638744011085,945.4771126389503,346.3744312802104,556.5423832313555,789.6139358236037,11153.52937623908,598.0574136677187,691.378044461412,0.22360997689261647,9.961931319835163,5.2213622920040965,0,yes
284.80040323098024,197.98139108748876,165.72204338350926,246.92665791588607,4,41.60453437177806,611.0946208158635,18407.7267663849,913.7351884106306,884.4498013610994,40.49180498198348,725.6926018096088,11156.033217418479,267.50078954539714,728.0742545313358,0.21883565689476916,9.451531475876468,5.072430205694644,0,yes
216.33040369831474,133.4334463450474,123.70106521675262,254.32310221280696,0,82.8345333788914,739.5127980872464,19813.927617874837,988.058977475252,354.5801823136779,545.8582420773223,785.9363989962943,12817.776161947986,637.1101251964142,772.4778697426175,0.16661666902191052,10.193006030133127,5.911623649875123,0,yes
235.69481367045728,257.92404942281144,292.3247891026939,250.42869027398265,0,97.60008457018291,666.1892640797739,19622.44371449649,990.5131646275058,574.2279448191829,333.27538369544095,731.0210547987316,14803.031234184005,821.8465755638906,788.4355263674483,0.2536614818764309,10.081472870712293,6.760748416705721,0,yes
264.21077852020943,242.83551785818858,386.06193956039215,240.77982967951039,4,52.23522174200031,847.973921497523,17227.434904376478,957.7251436068215,339.4543663773129,646.2461581688694,977.5766120051746,10247.117056420962,311.254810290775,739.5116882097366,0.27834538820478133,8.91976030522371,4.8370021543487995,0,yes
288.1909496698285,345.8678702604209,165.16967219154145,237.88328930416722,4,55.93013133673912,987.3352587775937,15300.568111605176,997.6651014686678,481.1582963001743,450.7825581456456,728.4727404476589,10662.321685818542,703.8759241248048,634.738556012821,0.2783012728299566,7.993611996008367,5.039282279903555,0,yes
236.61736358354702,325.4857188812276,244.90288669420576,221.90578821366722,1,66.23416768626741,834.1556930418592,16944.610999962697,998.9248886963671,142.2309322868828,832.1495056624178,930.0735122377021,12369.79194628354,331.3635375680619,764.3662739644376,0.26566955931674296,8.780941437482307,5.676852310646871,0,yes
237.08776028847325,105.43044739217254,298.29624058516634,261.2185921165145,1,30.685135524461646,620.6017473864607,17866.112307303138,926.504951070641,241.26479205191484,747.6213298101031,823.3120901150608,12583.20475815622,728.5309206436491,649.056711323639,0.19177981743114908,9.184538473365336,5.865157078801695,0,yes
232.02579868630872,180.79127551414342,356.89235883196716,292.06711833222977,0,98.06494409037447,799.6664798850779,19466.473071431257,938.3237412961579,664.465320791267,275.28733732444516,790.8334737325558,11072.280690086065,467.4936294901121,653.5031714567422,0.24364448330395252,10.025784709426388,5.137186206707848,0,yes
287.84897083180095,130.7993492278394,122.84794186477187,218.402043387157,4,78.28830670302577,715.2058491362483,17501.472152788407,981.606177121773,259.3827630019037,676.0713346540713,785.6146608329581,13274.145309714384,491.0795593673383,622.7150220928951,0.18268081303491768,9.030518336509045,6.020660276441039,0,yes
268.1762366914569,211.30208555186147,340.98737901022866,238.35622086174396,0,68.94838174921476,762.5486603843028,18911.06761859339,927.1561344888313,86.79877984173041,894.8055669538536,994.6030455449425,11263.49529201575,502.6004777101679,775.7158391279283,0.2428352005823559,9.73828923805826,5.331152478469048,0,yes
266.30236875476066,158.4052044700429,165.0521297837678,217.57618422550874,0,73.39771561104249,841.8758847440006,16733.92701826062,982.6668325452491,413.0466755541465,519.818257132415,791.3920119413172,14788.555968072254,682.8906185512717,640.3250214439984,0.18265564567668477,8.67507929590105,6.70740721296108,0,yes
283.0852904005543,175.2801657625787,181.2483686913522,283.9153174420934,4,89.19881937579726,887.0296533382772,17713.249487852896,905.3280325430045,240.01253469189953,690.3065533985852,821.7876604009485,13422.811224004805,426.1980622629431,699.6929024611774,0.22602442361476385,9.164304140242805,6.07804278288787,0,yes
280.1147152470007,126.36210925446548,242.76507093696566,233.236978811012,0,49.18807933102233,600.745732541072,19394.80538488096,955.068087223625,238.9127635037966,723.7000694867163,978.2998825670385,12433.647014352788,792.2122742311594,746.9923146381685,0.18721830255852995,9.948491597312943,5.902088696961486,0,yes
295.3988749432663,147.96227637166265,356.8351042866152,225.96787100040518,1,39.65698150326232,709.9209891147108,18735.397422633596,984.6274348441638,111.97892596997252,788.298146907415,765.0984721235623,12454.710181065646,187.62235604463154,635.3317293502831,0.22195705760512338,9.646735051220709,5.560136420887741,0,yes
294.9280795586211,362.3892241851434,330.89258871465313,256.82675598491073,4,99.03471828617829,988.1849603995292,15736.887297738027,923.1869709026673,378.04009545255184,593.9288552674332,814.9876138597489,11677.00558502948,111.93376793136851,679.147055866782,0.32811682285419796,8.20170148187866,5.254318502066095,0,yes
239.65084987770035,307.85948104908766,251.82087707315495,252.19920669373212,4,45.46180379774283,958.2924527588182,16592.963406343388,912.5627127146278,444.2019094470204,471.94590996167244,821.414364954337,14442.547511901299,884.9993335586291,767.6692210010336,0.2758335413948303,8.62140246140911,6.676381983667178,0,yes
205.53702821945922,171.793589887605,382.49562938431677,214.223841425745,4,69.29347005534825,636.3139990649335,16736.796858732912,981.9044106572536,355.69640900864556,571.5507475595173,870.4807077885257,10391.381689785007,572.0380395260885,650.3351320077657,0.23863488187151252,8.630930241447421,4.936373186782271,0,yes
274.33351913843745,280.27916031529526,273.2389404906879,265.65360049460423,4,49.16436699737825,979.6046745394831,16522.239213076813,976.6284525492438,911.3181035153995,38.76932149665663,819.6105740908241,10921.340463461893,210.82483435752462,627.2967400134434,0.2766282155404959,8.599748464426494,4.9836434690240425,0,yes
238.45536395574598,215.9207787831886,320.1561134217221,227.20507664454712,1,23.66448871377144,821.0431449464272,19690.614808882972,988.0772293828999,797.9810412223584,170.0195030330416,760.1510372646229,13020.729527297131,248.17160757500716,775.6365020993885,0.23283573696317042,10.149497626660752,5.836602817365854,0,yes
201.92269541892094,156.2661815227721,262.7413402220559,247.31133506905445,4,26.252001459216707,669.823702015517,18134.69405313805,963.7258791082781,522.1095229004941,413.502799806977,842.5045437740213,11659.943746328847,546.0054792001325,761.4467146020819,0.2092244518097073,9.334689304513834,5.4380153567887355,0,yes
213.59623361178367,111.3415423348226,161.30098260148253,290.1321667893611,0,55.785973884725315,649.2909314420716,17674.43073960181,965.4897927508371,751.9943876991304,177.89542469416847,995.9425178042537,10825.810484908792,124.64721388834698,713.9648699590869,0.1687158912822647,9.100310536805084,4.990110162194678,0,yes
243.9944253703742,207.74896978949778,135.92898803824434,277.9034062811914,1,55.29339929635702,894.7506539297524,16177.287971876134,984.8541167145148,544.9731435410913,401.907162625619,914.680592153097,14447.273617744062,505.32605623236185,706.5618940622992,0.20753657656168717,8.40900379653973,6.559815953768593,0,yes
259.28946871786354,109.00047471145969,159.85308604751458,251.46764839754564,4,65.55401378085458,817.7072030934337,19219.03756295696,984.4569777577542,320.0985835476532,672.5156953924736,826.5781244362796,12882.856273181162,117.43178381538017,653.2365820865,0.18275879740631623,9.912460339891062,5.7429492921246865,0,yes
219.88832898398738,121.28835321263878,320.55616964612875,283.16225342350634,4,69.0433443897866,646.1836423063176,18499.603961762157,924.7074318076434,727.6674010436977,174.75954187980233,798.8825425914761,13265.986401550643,350.8831050747999,625.6592520636375,0.22161264943298123,9.506613955578079,5.962493428721008,0,yes
208.6340236304096,140.85292806339396,175.70894542586407,250.59614765716447,1,61.221025256746806,897.6625386608163,17071.170247897353,942.0225324917695,273.21920644517877,714.5723788104024,702.3508922079154,14560.949402179589,670.1012044948131,769.8693155401708,0.1795517330696571,8.85069848587154,6.600310727486141,0,yes
286.0187277316823,386.6481437630037,321.8097242055394,268.2507514601844,4,42.632132046022626,910.0204808150253,18737.832605218173,943.5272116923774,346.28628851444375,610.0586022281279,764.4091176455386,13420.227412880846,696.0192803286758,662.0971085876047,0.3300682038469039,9.68704503755218,6.160614347920863,0,yes
208.11992983009822,278.5403260944586,307.05480352067207,201.2217456257456,0,37.89691913279381,695.0987519009102,19328.744699328163,920.2949805978541,236.13289145045016,684.8294099227265,788.6839971795407,11998.588062561503,287.34067417726396,697.7216454177305,0.24402438556315575,9.931294090041241,5.438027925608087,0,yes
287.36130946919747,355.66833305047237,331.4545341477705,227.6215243663097,4,91.59140335284238,865.8243024919927,19533.019880796193,979.2351136068337,301.0906699258892,661.3369611785986,968.2812275182935,11988.90280201418,601.2359330472275,631.2556919818487,0.317804746670346,10.079545520836268,5.628518107411477,0,yes
285.2892300318234,111.11014243743736,249.4684836935967,283.3980108976426,4,71.37879383037946,788.8608716273441,15444.326097554153,912.1571870781064,926.6299213881051,58.229163021919135,888.616852697673,14967.51608059656,397.374088758336,786.506218141914,0.21193538894813804,8.008718662309272,6.730167418710579,0,yes
203.74993376224333,119.30495382962498,131.55044375435264,240.11055119143924,4,30.842146538090176,788.8783513677146,16695.03790544679,936.3850874925553,381.3508352995325,520.722860775469,884.8196394541761,10974.331019437015,550.1759183201214,650.0752960587793,0.16756903826747602,8.637394898473076,5.163069896217729,0,yes
279.3958995314105,247.30879879751282,153.83677384225385,298.5363397565226,1,39.87267398722097,733.6395574359253,18665.204401590552,928.8259518816199,269.7421883884309,682.3139088003419,777.3040952211128,13397.32674422173,788.9767702506924,762.1790224710569,0.233609322440409,9.60918445947447,6.206433671525449,0,yes
284.66540271098626,393.1811859788567,278.5534671390586,234.14528261551754,4,89.78135240422296,904.583449559008,17094.540261791346,931.7439964741453,189.36460589090603,780.0024668545032,938.9892189631491,14772.305413979466,241.14074482828806,753.373516689238,0.3229652560179688,8.86254534521465,6.603179301878841,0,yes
225.77382116984234,266.54187253755435,356.52565338034924,282.68841468679216,4,48.73198140026834,742.1999830950908,16462.228127885403,917.3341349635043,241.3058496889554,757.3831645207357,984.9186102260334,12039.188032588685,129.17997881815637,665.11481303947,0.2850031318861379,8.50801643145341,5.475919239165323,0,yes
297.0593843432806,100.25847859692122,376.86678554899675,250.92577223613665,0,53.5565117447575,655.5422109411052,16712.771926357615,930.6798700162963,853.8295797350897,76.83239661333221,931.903597717818,10608.093578164262,405.2499795762335,792.941895670597,0.20983098222876573,8.61606034190854,5.000257444583188,0,yes
205.80820111652582,246.28253151886145,216.56296833014807,203.44979731367658,4,76.56991345978952,968.1471498598719,18258.467227586756,925.8837569950326,597.8342060406976,324.178741398899,731.5843312798761,13976.678766602894,753.8755168100414,621.1758690882175,0.2340382021825167,9.458241220717918,6.383137487986741,0,yes
284.1797660974038,257.46084883512174,351.5953474098545,226.86640461904082,1,99.77989680900106,858.0068044917141,17862.543075418216,942.8871170039732,91.27219098636282,906.8837565294803,949.185400720998,13549.704253115466,871.1695183752554,768.8531994390033,0.27102577470857053,9.237532901035472,6.376276218065655,0,yes
261.61990625816003,381.06877253934164,373.3987414028212,289.6604887873154,1,67.18943446386527,621.9402462040122,19527.919023889914,969.7321869080304,642.6862479765495,315.1478040016625,765.1465019441825,12585.431153931942,162.29377293891264,709.7935869465119,0.3304342390110804,10.021677281494734,5.619986761159513,0,yes
241.70984249245535,369.3006173338298,118.22409272815854,250.510173796405,1,36.344946842125346,916.2174464216362,16889.46537308256,999.6986706009454,816.1847215485112,95.16433410289301,999.8972247072227,12848.365544769324,749.1175401440673,615.8832110244759,0.2604672100157149,8.77203203043203,6.035085661185781,0,yes
224.32044376566859,330.69521648311354,371.26708021904307,220.05637894144837,4,22.184549133032306,829.4511632065755,18045.75639315148,917.2370117668247,409.5077518974654,501.52656998477295,817.0023490283648,11794.370355394947,499.84590483090494,619.7242309370403,0.2975663128362567,9.31920318192995,5.441079329928853,0,yes
267.4604883537697,396.4428889071803,225.8317776750361,269.72077163749094,4,21.882555211074664,689.248938822615,16723.48199276572,906.828726255706,391.233646611689,596.1581003080437,987.8227991612657,14297.004767055787,897.9409372988747,750.3536930213415,0.31012695028711385,8.62553810338042,6.697404365980041,0,yes
289.50519286799386,289.8892137659002,378.48198659636694,223.3264185016425,0,83.4619478979234,618.7699458054238,18293.88658955478,978.7011358087777,949.2942752295231,13.104895235383879,846.4984784021509,12989.780330258676,157.7872620997664,723.3022351049652,0.28328885000057225,9.405210814366917,5.814880381641444,0,yes
291.7841774501969,357.74296537341814,368.86989422834125,278.1134905905077,0,37.99033233764711,679.552590904962,18022.998666957155,944.0051487290986,37.55297165141985,906.3962813090934,856.1271865679889,14722.305056040172,467.7905886538424,733.8068818696702,0.3140378240005183,9.278258819521607,6.63459530097764,0,yes
248.74277150508013,381.23339867478774,357.5140662911097,269.2450010160137,1,59.0350623155263,626.424215850283,17020.094973158117,974.0685847181084,52.930526648658514,859.802300985901,876.8001683019429,11601.200012188117,740.6693290658784,729.2567958503421,0.3205863094574108,8.769340497205393,5.498694543522497,0,yes
285.63395319818727,229.85273488337015,372.59542539081804,256.5050135879452,0,46.45218091555609,731.4460770057206,16610.76506924558,978.4035950160124,925.4221344558844,0.24077430942418232,886.7866951283704,13153.434085442012,883.3127304804682,755.1825732796419,0.25958942435485055,8.588304872619249,6.185850102292352,0,yes
212.48120630801915,125.27499200686819,215.06601972233187,237.42185691243654,1,59.88134410895676,952.967502298043,17912.549179134963,933.8644605391975,936.8261978053428,39.26487534190403,864.3632846988024,14696.355957747608,795.0602848538477,792.0437827141153,0.17887427801105313,9.282888516248391,6.770603544514526,0,yes
238.02458500501479,140.34638406640047,364.5037022203252,229.47771932679527,0,40.92510747305458,838.3957751617392,15272.825906879685,956.0088928858085,923.1895053053746,72.89784185919075,845.3457171384784,14911.526951250758,453.0355495270341,780.6577791356896,0.21004484963864575,7.940065746926646,6.713503493733772,0,yes
200.78094058721325,203.39786831861227,305.12851532274226,265.8445328367629,0,69.44150219604609,936.3464712012058,15377.385241215265,983.2062693445955,822.7251316672019,158.02284801114956,997.4641041339816,11432.786588145967,786.1734086327427,747.0093425123931,0.22954581085794157,8.0182986365165,5.509502156648798,0,yes
269.27030159046706,382.0112199732089,191.74912797215603,209.63680038024862,0,62.96033794868023,675.2030663441628,18884.52858163256,992.4135610518531,323.94614475361425,611.6042237740575,981.3173006233594,13597.897895747008,739.9982209897646,749.0904811128636,0.27491298568099093,9.714753076166426,6.344667178400356,0,yes
229.98951281357802,197.79949079275417,342.76246778566247,270.672374798586,1,45.38198513419403,987.1156663358307,15111.69849536501,903.5154471407585,500.2792601585717,415.68267251157965,929.2269720459226,12650.494612207935,163.5702487568355,603.5116601643817,0.24046175308050138,7.886172853493472,5.692467331405044,0,yes
232.29888650955982,388.0307768822546,297.28399576317713,258.38275885507625,4,29.71820603927668,781.5160056876144,16607.13351619446,915.9232212338138,705.61127242531,201.76516458083142,872.1003210169265,10693.818461383407,659.858390850699,731.7643794574897,0.31532374360961524,8.589001057462127,5.101138651589889,0,yes
278.6982700058472,327.90746914232295,303.50521520101654,260.4897709296036,0,94.56583766244434,879.3194164103516,16633.41928721147,990.8417823632337,325.2797176759608,582.0490115169839,962.4314326682261,11300.843695528642,768.7183083368226,774.4939039960432,0.2909610021273483,8.63440278558294,5.429300473768828,0,yes
269.49941149353066,302.50200104255794,357.23522524151366,234.89976052523392,1,65.03080866038431,790.9141948365489,19007.906787170625,950.1382614754543,471.8303631640886,506.9790831280479,804.124524879109,11607.43469107607,278.69650521882033,765.8765354185781,0.28554839581245284,9.79617249260759,5.301276615048879,0,yes
271.8549001435365,362.2328627970013,159.72115436650546,268.099469324813,0,21.277693230147968,914.1318619919969,17765.565617473236,957.6127168852971,325.4547021903832,582.8701861248562,900.7279975609644,10295.02083228975,317.1500279594189,792.0188814830044,0.26737674233628167,9.203785160531751,4.8241397627107565,0,yes
296.8987133584021,278.39262248371983,136.28444710048416,261.5324191546409,1,34.79917493426592,887.4706319450798,19743.861689115238,970.7989758046767,37.441183355208395,958.3862438526775,819.9247888417176,12575.93499691618,617.8145485691653,606.7049252048749,0.23671155680875255,10.188695926372354,5.812035821043103,0,yes
272.7973262982824,181.80040422083812,358.648463527177,297.23671508048017,0,45.978471545604336,863.7730589746129,17857.29000877658,944.6708231862335,881.0186261804345,110.4035813640752,957.5626710787564,11130.353575251798,509.38844705808935,764.4695303484923,0.24404032312782323,9.236451948142749,5.265655794861031,0,yes
287.50623707707337,249.42233767632806,191.42390667999766,279.1313120939696,1,53.38702414712111,749.8219931430917,16750.206826812828,956.5454227727579,265.66779298742034,691.6913442537339,837.9379901531937,10398.193913308705,551.9494668245859,739.1661784319573,0.24081708970228347,8.659073496164865,4.933894424230248,0,yes
275.2699942642911,153.8344535220515,342.6564136791716,290.48165459805296,4,82.60807196817218,853.1976146362917,16048.972403728194,975.4062597034625,266.43457538803796,705.3274419227163,753.1951909281593,11295.187938749723,497.0755590151488,785.6917843054471,0.2492225004243477,8.33414513924215,5.245027598377065,0,yes
213.25544894232547,122.65625053872552,101.61497055788247,256.13415629579816,0,44.099209470930944,643.2228199347616,17336.5223800272,983.5018540780244,478.38704463320045,449.34971613679653,795.088003952721,13708.091835903871,530.6971298029781,757.1385660431018,0.15299298731866218,8.932521205302498,6.230531700214859,0,yes
244.22867918597515,335.44883763374514,323.4705377218968,246.67418359751002,4,48.20835496405672,630.6255215567819,19253.365225399226,981.9216498385229,298.8199491285333,619.2561472430311,789.2932512483809,12329.828176804347,315.79641754450955,634.1422685473281,0.3010180314393545,9.887976959128327,5.573405155985231,0,yes
257.4302622658425,217.40289441271796,145.48577678076524,240.66080052991882,4,48.69858033703757,986.558124193212,18459.620597996065,911.6706290346622,927.5737747245087,69.69956657088085,844.4810868888146,11844.493511752262,707.7823978507776,693.6079623861453,0.21873094956883465,9.561118009027028,5.576859556457398,0,yes
285.98380021680634,372.3232284184142,395.604175607972,272.2178794261697,4,65.45061108516572,757.2483512619165,18707.348330672434,923.8632970979293,469.67229455025563,471.96260922594377,815.9439455293018,11557.812783662175,258.34527490035254,684.4414291395482,0.34275442244593207,9.63480290748061,5.262107102682902,0,yes
216.32332601637293,362.6975820052311,195.65507481022422,209.69541214741332,1,29.16447796812763,635.4789699536196,16037.725499215128,951.8131833154272,654.1613494026113,310.93862805315746,964.6693784476082,11629.621612234734,776.9190528961715,667.3827224244301,0.26104006775644484,8.277059571675176,5.5587369184881865,0,yes
207.66869121864724,123.6602819710227,197.78926251694543,247.37194613434767,0,77.47436389233538,652.6440146971177,19586.211312170737,999.0301095913995,711.2891568676083,282.3934422881315,907.655069400548,13791.286836782248,739.3354300153437,696.797470340142,0.17436749923281453,10.061576439686451,6.393389837198394,0,yes
266.51966386185245,166.5423866997873,146.71216193404297,253.720470818065,4,87.78569315346344,645.080333253998,19839.381909854732,977.4240332045653,337.4346246640012,569.0924014816485,888.1358453655117,11809.536501596958,203.47494116305765,784.6251542351573,0.20730808978131032,10.18351531598427,5.378205280376309,0,yes
206.3338825444305,148.65894357246253,211.80408352694013,265.46416027916837,1,68.44792959797483,708.1830850541205,16952.762471080372,919.9769215386763,599.2695709440328,398.39191105674865,955.128956155033,12539.173489054745,830.2591184017995,617.446414320399,0.19348503041269255,8.74613743774584,5.938046332689797,0,yes
283.30956790753476,177.3198909428836,332.82709036883375,293.4215163730309,0,74.07237837498596,953.6681072619676,16627.367784477163,977.365812257833,826.934886973834,90.9433096871827,890.9303198124927,14860.913795634153,233.72220179630557,709.5633463751088,0.24118360657375784,8.646449090687245,6.603550802877707,0,yes
212.4746617768589,149.47911554388753,304.5367429941974,287.6652828538877,4,96.64513128225241,970.758191505335,16164.879751359254,968.4115847285216,849.9377536475217,80.76363518612345,984.4855918800566,11980.059736973835,557.7172803822796,785.194060958836,0.23312065037406496,8.417895258711471,5.630033036113531,0,yes
241.19831236539,228.67656791875538,199.6662681820149,273.1914006504625,1,25.83198189904932,626.5715475803829,19051.22820165865,989.9385270426814,752.0115137152384,183.1771035011036,808.5011859737967,11800.412829639323,255.2280627491955,763.9033276054142,0.2236563932805096,9.787136010288739,5.364559690399061,0,yes
298.8597093153347,320.20677159039707,340.74169011805236,282.2087723642128,4,65.68454000101949,890.5965600389643,19348.83739570208,921.9318000217727,670.3213405296389,297.917607119571,783.4904177246008,11237.9543810618,306.42821186991307,754.5641155247041,0.31459469947097435,9.985174850270544,5.1533569362941885,0,yes
208.9602831096982,328.9724984494867,185.56312832968598,290.4453695177283,4,91.08319044567784,734.4227311826396,15190.798506696132,958.9900523340331,197.34801536380076,744.0074286245616,751.2650217279131,10546.580268161862,436.86900572780144,659.951870312907,0.28053618463063845,7.876299032169996,4.899894747150147,0,yes
291.7292794262107,303.2838530990889,344.50054660084163,240.45577435783014,1,71.11031754711263,825.2447376489137,18408.992106034562,991.1869180747184,143.08635676378455,827.3864954269449,761.2512620952817,14781.072937464529,480.55859474789406,752.4460933544465,0.2880050496146943,9.510058950208577,6.631387654388854,0,yes
259.396863921308,188.66697506135904,292.5938157196307,277.7414731619964,0,42.60138114177327,662.2657675117971,16339.191334079826,908.24911787448,196.63901878381358,767.3226826956532,945.0752858708255,13300.174077363557,686.9436907461784,721.4916603626701,0.22755673605319493,8.427672661343692,6.190107007447802,0,yes
200.00104381301088,310.0553183533834,372.02718268183355,217.88044043492008,4,39.620739066401384,912.3388023360233,19491.97220814014,910.323439124898,4.359929662606121,981.108866109524,957.155447657892,10477.450332327475,242.23505020826232,691.361830613605,0.2881487966139156,10.060095060098146,4.886959901683453,0,yes
241.8231986792197,172.085217703272,133.43874502798568,278.567469335536,1,91.84164802906625,620.5835610839999,18806.489056362865,928.7075659612622,4.347894643273527,952.1340420722689,933.6668560035391,14476.188448802914,374.8949353992542,704.7523102177795,0.19722669334235002,9.655024582820333,6.5278861928403,0,yes
288.836822369974,216.07966924692556,356.29788096439165,241.61533985300136,4,21.199752296750447,630.4713829856443,19182.118523397177,952.6964797743352,188.26957682987714,744.1807287793807,928.8958747475701,12683.746209912024,600.636383944501,624.103792818866,0.261074845349458,9.848286262628841,5.885405315111943,0,yes
271.92107921117383,341.63097585367643,309.2497727498587,294.63756745324764,1,31.33420930369312,973.4220437501931,17989.02299181549,922.3178104026898,354.81554826190086,601.4273611408677,749.1374709471394,10049.676846086513,372.9262660874219,646.5993935359825,0.29962153458652124,9.324245251588957,4.6750020321478365,0,yes
230.13284964667187,293.17204865043277,204.22222689392638,218.37443948477198,0,23.273488855227853,691.1999236155442,19238.829738125,988.5389225720246,273.00934438180167,716.2387722062085,855.607427675071,11563.822931724762,734.1118894995353,613.0859764722854,0.23368267774580803,9.89487598333376,5.467902347195151,0,yes
289.6702623061617,183.20323278209528,167.75619295152416,212.422218577398,1,93.34587387170691,694.3094133201519,17800.20644644757,907.5355736593557,940.4669290882432,27.995218126336454,884.455272375225,12576.980532659372,533.3641091172001,789.7744969046854,0.20155238506859813,9.165108321898211,5.824854179312602,0,yes
254.53076459837735,162.87366592219786,232.65206895036516,257.66705296996236,1,42.127404419682655,724.0977266648405,19145.486572962556,914.3945175453599,481.5272358062984,487.0601975520163,791.8968257060397,10204.082318905223,530.3140064787177,613.1620267266644,0.20456111214982897,9.845244095608988,4.814154408012991,0,yes
274.37011680594975,147.30366803992223,230.5703661562867,202.57803688394966,0,32.30352145169013,654.7814677905735,18125.41237490472,922.5530142488436,986.1839714426532,2.554321043632058,843.8448192698891,12794.554684773942,243.46674225764522,738.5922025247982,0.1841746760613648,9.32110136189172,5.775668201748691,0,yes
228.1002750293287,169.5890367301386,187.19086990781747,212.4788512806149,0,26.880925488562887,934.2297396415352,15456.089963288987,995.6504095825591,174.05285332561547,791.6545866827697,969.4964785228367,13180.225893949535,542.8144391927015,722.3246498857945,0.17986068719731094,8.05889224519263,6.094595594897391,0,yes
236.71974475439697,150.01606127118544,168.40404195999628,212.13712540969158,1,65.75604147521744,838.401580207478,18599.263279260125,918.4747168186908,323.0086118068185,644.9523154435034,826.8029230851986,14204.417087428592,263.3192824793132,672.0731869349045,0.17818102280222606,9.59813520543613,6.329079736646814,0,yes
293.6223930854147,249.65049525053516,290.13405588299656,286.7482084130777,0,71.29468102734502,857.7696623716374,17564.92014246892,950.6405634655803,350.1053850076915,581.8437816837152,725.5823335410785,10833.41175949962,311.01668644212884,602.1287416244462,0.2611999928352885,9.089733852220379,4.945163018233778,0,yes
263.72880903401705,349.5776916272125,145.62649847454279,281.05030466780715,1,62.391647368154494,796.7535029988321,17457.513819178253,993.0402283867828,31.27474388211274,870.5796312653455,911.1248460775398,14837.588063409297,500.1665068693105,799.4619166361113,0.2702249890152479,9.028204876399624,6.71864572070936,0,yes
268.2853071374295,229.73527379499498,158.1542613318956,268.18695560507297,1,60.948237239554146,839.5985784250547,17511.812214712107,907.466544763757,165.49239763073314,798.2169329284766,956.5711170230757,14090.68957495849,126.74012897132165,672.3051356505276,0.22261605627781283,9.053174955016052,6.280308189799494,0,yes
209.2242379276243,385.32943465322353,376.7446015956552,281.67981320326015,1,49.30268189927757,814.9245872037117,19817.38517901684,984.8106964717917,388.6237409402045,595.5421707646126,864.8851883692372,14477.048036882135,244.53395886851598,712.2457704237078,0.3223425325637664,10.21106027331573,6.453386175881378,0,yes
258.5185304024207,380.97912638752575,208.1993709430364,263.18851272372694,0,95.23514816070877,703.8934533699422,18969.76771265702,991.21520321426,188.51220913078598,752.3287436390393,807.6070351883633,13302.05828872062,347.2694739210321,644.8189200767617,0.2911984139179491,9.76350642572578,5.986728458423455,0,yes
210.60108907182257,270.09884771215525,177.87424888129172,240.19282487389293,0,77.27837093449943,700.5607517253279,19583.91657781177,950.4170365917064,371.66950352696966,596.3974489407835,764.616987117987,13574.509739724086,689.110745976589,631.8465512888946,0.22786954607668508,10.064212696963516,6.217300399032001,0,yes
217.29596454544628,145.3596205339273,241.23262345255918,275.3188771987662,1,87.0036450727715,857.2073977581978,16257.30258412287,911.9166081181511,47.44127231684818,919.2638419937864,708.6927981852764,10127.495645362744,557.8527598919609,660.7816823936107,0.20373878513549912,8.430490548530829,4.767224175328536,0,yes
279.0836240127113,260.38199896683466,102.64932336287121,249.51347494113335,0,98.77290962437787,982.8383400275864,19042.32786445996,970.5071472855677,880.3673137438518,62.29365007527565,985.4730725125927,11737.243592000743,682.1916002344175,649.1257814861066,0.22216233939058636,9.859692787949644,5.56673200834551,0,yes
217.6126537883299,216.97573083199308,181.99746805738,229.68777281951049,4,46.74591212684568,767.4531230079867,15114.762641083387,965.8993563066412,336.98621576214794,585.7530470976598,799.5012279724789,10527.121952814234,751.3681675390363,669.4217035732935,0.2183907228440625,7.846551539634512,5.035897010563966,0,yes
209.94811734116917,361.8262051128479,145.2965450834743,219.31140530686991,1,96.67996300715906,708.4703889987186,15269.051966611114,927.0481199122834,6.995053140517161,912.4206082942719,765.4207532886653,11060.4755629477,884.7437753803399,751.9314211295616,0.26022615528054943,7.905313237158317,5.299405530117543,0,yes
287.05106840771214,170.54639743996836,302.991194514774,239.5772533087617,4,92.67636840694308,911.3910374986488,19279.164820361624,929.5058304710086,841.6192609665259,69.59443940609606,936.0507193768409,11944.211936930871,709.1084291102079,711.2473763804221,0.24055160014411037,9.956099277036186,5.644384622853661,0,yes
292.3501052742213,291.16423664003764,354.9334071637465,242.4331142229744,1,77.88067430544027,841.693953544295,15491.964981521387,966.2869885988649,118.6152473749083,833.2473704290474,978.8716689614482,12571.862976186796,112.17872413853343,698.0699243048474,0.28656917339961274,8.05179338149318,5.677633646400754,0,yes
221.51711594975384,385.91397098730005,272.2328811185067,227.47474450900535,0,23.36801049599736,927.0649627963145,19986.699194707828,964.0801021792379,217.7160069560188,735.2992480247344,979.3786647822367,10044.371797960177,377.94592597510814,636.98928460801,0.2851253637038866,10.318191998330226,4.765281870965411,0,yes
235.09837696734772,199.57385249911437,226.67209330253314,247.67163983162146,4,54.00860317415482,745.4277020009072,19434.187282322968,935.387291862274,435.8999820696865,511.3942093489691,774.1978561416497,12339.035290312839,140.39090339405274,636.2532336364386,0.22708303122394474,9.997182491487427,5.505169644585747,0,yes
284.8047777431433,373.70831747885035,141.6109416612913,275.54352837059815,1,69.90395880601054,725.7204993597551,15415.530589729224,938.7000279805552,31.369655833479623,898.6031361397164,933.8733733450092,13355.32483925374,650.7882921186127,600.6065981116955,0.28158546061798734,7.983952716441717,6.172684161300107,0,yes
267.1450663036436,147.9974887648703,198.33280835158848,220.58269393955374,4,82.72678857661214,920.2909529228937,15969.499021635349,930.7682506953759,225.69639794487716,680.1061306798008,993.955508859652,12291.318066563088,658.4204305009088,773.2914341953257,0.20302967265809083,8.30346660966636,5.7936120722117765,0,yes
217.12701575728494,144.99735394477898,297.106551254289,249.00412771207584,4,46.55290338223652,633.3238812898865,15598.471190993649,960.4028874980196,466.9534307071242,484.33259070493193,824.4921255448617,14266.40803413728,349.5497939805393,779.6323875451957,0.2163988877500085,8.058145616350034,6.39939175449509,0,yes
272.28906178648947,272.4124907287123,218.25821361866969,215.4235764458901,1,96.97576506993036,773.0867429663659,16290.354358920904,964.7484098287649,580.0805308392135,351.9832438929317,721.1356535302132,14838.680782736163,434.38332289430656,616.0360549649185,0.24619201783385117,8.43544038955088,6.596667552707559,0,yes
248.1764596091731,154.60859807847638,117.8344046710028,286.90272731324126,1,50.71762472011203,882.9475452603789,19350.615486690946,937.1020763938237,151.66704861672304,805.4793025295746,888.1044048912748,10793.512728955944,722.7791722325011,659.0249302485868,0.18441489060804128,9.986409455884417,5.169817760381237,0,yes
266.89664060980044,275.9757074470076,395.46380747532913,260.22490473587584,0,97.62506070201128,969.7865429930466,18964.376489389542,998.7195770241725,114.99696795941249,796.9143520274671,983.3673495019182,12823.608747685777,624.0004186124667,700.5777782088834,0.28741784216956007,9.821616743601085,5.979713113894223,0,yes
249.3715602901877,115.78407897523238,386.0988344298474,251.69346385391978,0,65.66703810996101,949.822321108451,17204.004464698424,917.1867261479509,93.04380396228272,809.0717126798845,817.1229361372891,12607.599564081944,247.68479389984367,699.875381078105,0.213526448236917,8.925611432804242,5.674856149265983,0,yes
253.1236568892457,116.27581691344736,113.34238274872959,265.471408305158,0,42.512049353523516,777.3301781240665,17366.180358552738,921.1229052973605,503.27555772048646,402.62966620672734,915.2025904059827,14325.799020510574,209.31722318586912,675.5953558645298,0.1594912992890797,8.968304051876116,6.383339451162767,0,yes
261.391444001244,235.99627160174833,317.82985177999296,288.03736500410895,1,75.85814183209033,779.4860829391164,15341.3153395636,934.8273726820628,152.76584481795214,760.869800231165,732.0203929125773,14447.298424292423,739.1545921042363,778.498236297356,0.2620278246538491,7.9582284270755155,6.585287938979931,0,yes
267.8715500424654,119.60874720890028,365.05322586334523,271.17938607046773,0,31.757559221428284,983.0417167654116,18814.20462796613,983.8671616826132,551.527096698534,448.0083104681588,735.1672396255021,11230.594336338963,772.2327826462597,687.3456222080056,0.21282234735688976,9.74752569519535,5.312843496990493,0,yes
256.90360070529204,243.67600221972555,147.95980228245907,295.56696654232525,1,28.711396704819585,617.9732572809697,19202.439698909715,944.8608457706706,866.6909187468318,131.32880448026958,924.3464964453261,13664.9015384535,245.56573769813593,767.6449901316012,0.22613757165160242,9.854648349675887,6.161998112554256,0,yes
258.71973031808244,244.11905568881548,161.0662152067569,297.8982624360434,4,70.8606560874598,926.2360424059918,18983.917776525625,951.327205754776,550.3745472628309,361.591743394412,823.3608777100487,11265.409463450713,571.4208829163384,776.6340777313717,0.24693006565221085,9.814855217981895,5.281498233701756,0,yes
207.88253023788042,161.71353482160956,274.90919163469994,281.58671775759257,4,20.002607801983984,728.2883019382057,19005.459529482036,916.7824137523799,724.3829045576304,216.72179546728069,887.501668820527,12202.197206421943,608.6105692435261,687.3407921558364,0.22065872342542203,9.776481895728129,5.68889906614232,0,yes
202.56238953866824,196.59954887370967,241.83561097802686,276.99656764696533,1,20.66166806500176,667.4815771951133,15424.859231684104,987.2257627984193,932.0866810120525,18.17391280675895,786.3420011997745,10371.771908676152,694.8192527540436,681.5147044315158,0.21449187079140034,7.982507836134385,4.951239914154056,0,yes
220.67173796583836,297.5341081387088,359.2058106383188,279.1874834453165,0,98.38402042676857,890.937897109673,17341.63563901309,965.7513756549777,608.2004029561847,300.6535332185741,869.9565415950935,12216.391457956186,177.5973116501084,709.6908908406348,0.28683448029284386,8.987672022912822,5.513686483074702,0,yes
202.0056242018394,199.65822439188474,272.583957385811,213.25104371501982,4,79.83701537098051,688.8725066569091,16233.219895083972,942.0866560468262,113.17362758315556,853.5062040669704,701.6416783574826,13331.312547628593,249.9911385910857,662.4348291644101,0.22848391828168524,8.38515088654217,5.922999330909018,0,yes
243.18243243225663,173.2737496590063,108.1188157850059,208.761973502508,4,42.25117590441667,973.6851986845408,16842.02250916165,995.9615241458068,930.6435641389696,45.826416020067086,756.0191797926163,11870.065643589154,238.67567224251866,631.328902815814,0.1846142083100002,8.760954404251875,5.353002871938053,0,yes
237.08843656870417,250.49061845141745,163.06302565419765,206.9581902858248,1,72.44197918244093,951.9606866773267,17398.412010904423,991.6124632684352,553.5643605607951,387.2643733462602,870.1544906907056,12616.22349278474,645.9056849715859,794.3086376461094,0.21715402022798014,9.033552635878408,5.8766496256074685,0,yes
252.49169413161695,383.39662256304024,121.38576763085543,280.78638190833516,4,97.89868385401996,867.9410265633861,18534.482857368836,928.7042045268313,87.97500384056136,828.6579894448871,930.1409977974845,14598.986297927531,513.466517563151,743.8400672832772,0.2938950279819163,9.57379850550688,6.63073150705984,0,yes
220.12485519106423,178.25825804910033,124.78125570747463,287.1519208954303,1,80.86702721207647,812.3500914324236,18679.981043147483,941.4909736282048,556.7126435194231,382.61323703269716,737.7509004149131,12896.429840248235,553.31718118112,714.7473776059054,0.195560060982225,9.635807859346322,5.887946874617714,0,yes
290.9836738568422,390.7758199940702,197.79715411257703,293.7109635561722,4,32.204697281559575,852.5676024765157,16574.34803881629,966.6496903740061,729.9496486593299,199.03688918959142,924.7394765369593,13426.892007205624,895.0328598323579,686.7035447159287,0.31132733754082786,8.595481571159304,6.306494930351645,0,yes
287.72163266514025,336.626105100048,191.83865179189996,289.20054488938024,4,33.99708264078282,826.0550182296631,19837.424751256716,970.1486290804952,839.4531667581655,119.18366418697087,918.6499414798523,14145.277060885664,550.7178715469979,729.5420540166939,0.2873856032639537,10.221545451043689,6.463419725405771,0,yes
203.15286854269468,135.9601960571922,319.55923005109685,208.7927816139829,1,77.6784471864855,875.2338373653736,19651.837139155043,954.6406659022837,251.4331776931266,720.2952507120074,862.8664497316702,12486.877538510395,600.149974326879,634.2390248869979,0.19938144172611696,10.137685596513485,5.786781477523753,0,yes
273.3964220977384,154.0880537774018,339.3507650999735,242.417495304144,0,85.29625215704782,898.1864286750495,17684.034969529515,943.5344696409455,92.42582813582735,840.5956392629116,974.1912680260064,10084.418367286535,348.52030112661737,657.1810878195229,0.2231508232348058,9.157457474571638,4.767353895437777,0,yes
248.63213529801618,334.9546397920094,131.49343805673885,294.3767884524064,1,59.12317829283643,923.7778644215309,18887.85254099394,980.7704007548673,632.2233692031845,289.20588474738304,917.00247773422,14099.68691992459,196.85911836411813,655.7389921507252,0.2618941263757043,9.770324560034757,6.2881445017691,0,yes
235.59578864182586,188.3158055267395,274.3117344951246,251.31875588452817,0,41.94895905099614,751.8724003850439,17917.313293121202,936.8001845079839,375.95385646806545,557.662481053414,737.8777343943773,13281.361750580494,633.6858182759375,773.5025083841117,0.21538420768031127,9.240366614934638,6.081136795612092,0,yes
241.52464849009215,259.17467532352464,379.51343990541994,236.4616810618612,0,70.24546078074516,800.235852153269,19993.950838835604,939.6356323663739,209.50376531199885,752.4809048493555,704.617730078468,13320.330489391137,850.0049330577582,752.6789732173086,0.26610289632875717,10.289830780469247,6.17107545079738,0,yes
291.10693420400014,229.5779191862774,167.54764429346596,259.8443633565636,0,93.85128013621183,959.1171003656859,15714.011176370197,913.9655088703416,43.427362145519965,874.550181979881,820.5220536111951,12363.29869895879,807.6223777453306,664.3616734951592,0.22579059346084618,8.182307352907817,5.799961786057932,0,yes
209.83619109268597,262.48198831630157,300.3039112805389,299.25375008820373,0,55.816995230710006,749.9355743216506,16400.31329328309,947.247112945153,954.2918369194781,12.865417258939374,786.2441786414174,14795.964759857445,856.8253415677501,691.3137754626534,0.258326274101952,8.482872371835775,6.789299028212089,0,yes
286.7848544167738,371.229019258232,271.1811222596083,276.36508283970204,4,73.27405565777426,661.725945561026,18344.56003821053,991.9228974240422,482.6468469021929,478.3746120294777,827.8502059592937,10855.485975498394,861.706429975995,799.1197433528889,0.31934664199755164,9.44174986104117,5.2451754560660335,0,yes
248.71071549461277,112.63433758837186,373.3779784567129,217.03016268506408,1,82.88869665523316,719.8494110430894,19277.24459641236,976.1255328175012,498.2321789820061,418.8578010827505,957.1467216888163,13462.790831090068,684.7914760020313,784.1262364191124,0.20887148721538065,9.918670058695264,6.261013862044077,0,yes
288.85577651065626,218.5204744626502,146.7420774727947,231.5403972144855,0,29.692634545301956,717.9967146396309,16786.3484119056,986.1300560298372,87.54885673880078,866.676643155152,757.4292472316869,10751.273539475895,356.0196521741193,775.6430064566623,0.2031947356780866,8.674198094310277,4.968972836616327,0,yes
291.7156867457025,395.41229705448995,222.20088557549042,232.14089572477107,1,89.44877497775616,627.4906135315853,15313.83776479609,996.1661702913111,190.05975197811372,748.996900802908,948.1050891579205,12243.510966137335,456.98728791831644,689.8268486732834,0.30103774809423905,7.919504934905439,5.669062934540408,0,yes
213.10543809576527,136.95972545278107,148.85473496087363,203.6495159630591,0,62.878833045346866,656.5487218030974,16134.6027916046,905.769329723629,653.4251661208723,312.7496979780884,963.7462690402538,13307.674601139914,679.8601323910273,699.0918865184783,0.1600070568360181,8.32378976633982,6.195087716940846,0,yes
272.7071753038773,206.64974300071393,335.118652720789,244.50035798866003,0,89.34753712943504,666.7998063687141,16590.92732669949,930.1935427144128,666.9551143214144,323.65043487288847,961.5184934857627,14873.141223214687,172.85833821716238,703.0651533922392,0.24416787807154333,8.557533907410859,6.621486276473584,0,yes
213.2064855498559,141.76686574326686,148.31645998872284,274.94392310358757,1,56.174967452793354,736.414889282881,17642.943865174697,925.2696208012809,254.18886186051924,652.1087455301724,790.719940440349,11164.805369237332,880.561171213657,765.3008812620981,0.17925116689991805,9.098180525834472,5.349571465895665,0,yes
238.71780890332553,301.6107250731008,209.66644447534276,227.64873947157096,4,40.53700922522809,692.5521536523146,15380.145926476318,988.8509591138436,456.1819901292432,521.8993978710143,865.6700416299147,14569.597042554451,683.9506057156145,796.7093478448239,0.2592561641169234,7.9658743532221,6.676878428359631,0,yes
252.57689671196448,399.50865440785435,238.9550945636488,246.59032233409988,1,40.66917867669754,995.1549350582518,15352.02015585822,934.6364034129227,40.19487208532558,920.6221343784248,944.9049346998895,12490.237865202544,431.5350097591407,772.5971346406335,0.29782999466432875,8.012447701886316,5.770256699755795,0,yes
293.2294339557431,215.28789595557004,379.65378907982273,201.1978919556485,0,82.7762694044265,711.4109961818448,18895.890397978794,954.8825035899187,464.5888362970081,501.8855220319022,939.2316582168307,12073.72316958767,769.0724172224951,765.1541079115508,0.2496426996748599,9.723202207872516,5.736184666477722,0,yes
236.30548027595486,386.8856749561352,120.34069522974909,255.96464298993035,1,27.061805432230397,642.4365683042195,16598.292339385167,951.598659278642,526.0587934578188,422.51789107209356,764.4887321090586,12282.376368415737,715.311983645479,659.3473921670997,0.26716580117022265,8.558831000282952,5.711792911773127,0,yes
278.39676238737746,168.7252535901394,238.36994993523228,282.29212677447185,0,88.09283994209903,723.5382450054753,16484.854599604976,907.6824333088506,569.966110262099,427.8695388204661,941.8610222262959,14868.481004304445,640.3226731858978,641.3116797660637,0.2177692626670659,8.513888141098905,6.79163115881509,0,yes
214.0395275331691,210.96458671773735,187.67445300490704,287.5060614080502,0,34.98496894165906,639.4211747718055,16197.849412594138,924.7586302817388,942.097059952711,14.955806233890826,828.1632862453637,14263.644147065634,558.7200291397469,600.7638962718464,0.2107560679493269,8.354267995127005,6.460641458764763,0,yes
226.53516316446198,108.63943986632417,349.1136342159177,277.0407870345099,0,63.046027090814334,769.1086121269375,18071.19194232898,903.28683925495,63.98347794669267,899.1262709971567,791.2875532416169,14819.546775907816,379.5263842288863,792.795207058623,0.20512570079870973,9.316546184310587,6.6227440225935466,0,yes
269.4036089292613,373.6093193241237,233.65231428782945,217.6267487039384,1,20.08184085144567,714.2521323514839,16211.349539656085,990.3781330269019,0.6163758624495492,900.9996295697346,787.9470566654978,13055.990522762235,733.6991326963013,647.720701776095,0.2801584554312128,8.386462102787446,6.030023027087489,0,yes
249.19793572690526,164.7613880035509,202.39005334980425,248.6412860791611,1,94.83555440362,808.8569775367647,18771.92569366388,909.9913614384847,967.6994670842927,8.070442828160253,923.4332996724869,12687.262676792354,278.32989257046705,623.3141624833956,0.2034110078177176,9.676685979624247,5.761564910773323,0,yes
222.11703639189096,164.84628648731953,397.5790423416426,242.97784196233124,4,49.70189684200597,966.5801360380847,19660.66922864953,930.989132623892,730.9764514648203,188.19471150924278,949.1283578896201,14999.181576244855,756.5325280570911,683.1299082909879,0.24425356578175078,10.15968113937523,6.887952127845717,0,yes
288.9721089036387,340.63613410294755,356.01586482765447,278.4465775097875,0,20.926349870377933,603.5976554503098,19874.05476622928,992.2240346345919,6.270055737996704,947.1439693003524,960.1439512816321,13247.62301089953,458.3220287157051,617.7660600238556,0.30219005875584587,10.193870345692371,6.0685818031494065,0,yes
201.48089543785375,264.5025906068512,166.0956467479255,284.88059406902056,0,24.350926962848234,959.5109030473965,17996.60121613347,983.2730393753308,282.73852434159204,649.7419700030127,782.1763250359568,10410.819037190406,294.8073097240092,712.2332179509408,0.22440907563588966,9.333224485305925,4.80679732714573,0,yes
272.66379352759355,109.22439376529158,126.97865617734061,243.91768693240485,0,54.41362342946534,911.294027024072,17450.610501532174,949.1263105740121,511.39146116675636,477.69609726406577,887.9005553059687,10585.425484490192,238.48582468477258,636.9749408341725,0.15905550454060244,9.044493446038764,4.894308716641093,0,yes
272.61559237013086,171.14728501627593,100.81634895761242,294.99964857471673,4,84.0950552368844,905.5627123235589,16055.981633357163,956.3070945524438,644.0774417438798,337.7188414581243,892.1961391281604,10530.309060743428,493.1096579933309,643.9360315067627,0.20853416207775147,8.346863601933887,4.975731064847725,0,yes
243.63402508356305,113.04016463284495,266.5796946833294,258.07701824620585,1,51.16131958656485,619.8642867752826,16911.569627786164,933.1402612727952,105.17780403199643,874.2985272565381,824.578639991387,10087.048229163645,101.8929685805218,786.4971785550915,0.19125296448518125,8.708015884034634,4.633426200318332,0,yes
260.2665941557066,184.6366004482303,282.9975921343038,204.13529620253604,4,97.76310793501811,756.5515900858979,16637.681982969272,979.5209017873765,40.75673355516024,946.47989244102,916.3765974402352,11855.581330139375,835.8995499301238,681.6084721497117,0.2323495028398466,8.607474073094393,5.6583270211285,0,yes
229.18776730309315,120.74031470169379,302.63092440010223,210.97568772256088,4,92.17262939055382,725.3673244971831,15373.224795442813,925.2677814995598,530.9382158992343,390.2926924384667,960.9262895286352,10226.406094590362,345.0240169419026,714.8903340293081,0.20745389808407816,7.960880528428112,4.82342943907222,0,yes
273.17803931397805,306.84530295177,177.21107190936408,232.37782019723917,0,76.36617185045023,742.5435460912781,19109.743975624227,970.7172579010216,37.13234732665794,873.6865243082748,871.3579554810167,12990.29837372286,272.9651831534402,619.4197178762157,0.248667291492836,9.839185357715904,5.850371319242308,0,yes
283.15441759954,138.6631065368851,129.4001844659716,247.82532804901024,0,84.62988289766918,783.1376637594072,15590.83659073097,926.6056497163503,897.125507155128,10.027170792975994,744.2073677543043,14122.970560363447,302.2497970848908,691.6888871782751,0.17722414320171404,8.08267503899019,6.273271812159705,0,yes
254.14040248832202,340.30786215426565,392.9232143351208,296.7394221725175,1,37.9389622594157,655.800078494002,17740.886711716605,949.9053952475281,46.39400731390464,932.3819425857855,844.9153023042521,12010.646444284515,327.95826567381044,633.1068969667908,0.314827706191507,9.13281378194725,5.481058085479056,0,yes
293.75808727065635,100.1259389099192,256.2757335204128,207.27525441615026,1,92.94417039468917,718.1843827323568,17857.489243877953,924.236962140823,635.9428618334298,293.20727088504907,821.2139240609448,12751.095366958545,268.2863766877899,659.4315506354528,0.18546348995011558,9.201287162729285,5.740504833092331,0,yes
219.46566224031676,210.09108652066152,365.5164649707811,235.17831953226522,4,83.15490380975301,867.8161117370983,17411.924967000487,932.3432393430858,9.15457273427047,930.2696477264475,827.1773298215547,13352.784954262635,355.4632570367314,785.9915073312002,0.25824997509396175,9.012990066357117,6.036601234916639,0,yes
235.4958483834514,319.3899300952203,259.2678851184929,236.29267723299418,4,63.08907620402203,717.3653920377702,16331.261934098728,948.3349450520841,11.570152117965296,910.2759781733697,742.8648026826263,14701.309399155474,208.53800008721902,623.1202794876061,0.2804445225791982,8.441299106276269,6.459598017448615,0,yes
229.62434857877236,346.0222207905814,171.39458378780932,269.3628861573239,4,69.97955841654549,604.8445916476012,16043.737926203732,906.9065971383608,83.7230130188191,861.8203413653683,953.6353086840007,14457.340854955368,719.9212652856374,678.4302112429741,0.2802612954878058,8.267246811870011,6.66137114567246,0,yes
225.6615466678889,361.797412047273,249.39516003588034,213.35247759538416,0,37.558497600867504,720.9813123252177,15889.106582647071,994.9980893830128,186.15433880801962,755.0730460909817,928.432799658155,12326.556353354072,292.2809973769592,725.1964135442902,0.27039352076320927,8.227465010560667,5.633499444329745,0,yes
293.80171809129865,192.08208170775112,343.65817442314386,216.42973261810025,0,88.01252149518305,762.654351825907,15350.13627896913,965.9353524131229,388.55431692212017,558.4322103618048,887.9087532385488,10528.979463030553,379.7471422485704,795.6510267524532,0.2369386302827255,7.963177902167293,4.94341602014963,0,yes
297.6440163546848,231.1013520211395,178.1469157883251,266.89007055905097,1,34.54673080743322,687.4086925981303,17689.84074808696,957.5416814349102,575.0572729967688,348.947919630692,789.410113533311,11905.787824854375,882.0695177980946,629.079682759826,0.2273018249855122,9.115265818859022,5.630494204477775,0,yes
207.98368501212224,377.97070336977964,148.82743140233015,277.0390106261367,4,28.478246444914006,696.3159451344054,15073.464800918344,951.2340132344872,498.4458275501766,484.6290186926802,822.5633880151263,13307.080896907937,878.5882602581363,696.181693230805,0.28211360581686973,7.808165961693451,6.219820443430721,0,yes
295.9331468088857,365.1878625009335,312.47154136730376,284.70877441774473,4,23.297593404044264,653.8004222134942,19695.02582302993,995.4763092156938,26.821879327713635,921.0613993172942,705.9178810605077,11894.821609530329,440.4256145237235,640.7765446604823,0.32173449443550894,10.115742931176191,5.420858978155737,0,yes
278.86975591059,366.6863738206113,351.62515430463657,209.4983257561779,4,40.457312763889135,816.1605034554756,16148.298043010007,980.7267363245951,544.9255896665659,363.27941297333507,903.5457558928221,11235.724794147323,352.31120796909937,786.6452131191681,0.31511727710559617,8.376227907039926,5.214877998226025,0,yes
270.5946081561251,204.036787176961,255.16883190570755,258.80354142398744,1,62.28118597176668,651.138643083413,16257.899291819815,930.7582783843585,340.16811115329784,572.7154070133529,972.205006815298,12121.910494632619,377.4128765584223,728.1499644581921,0.23032274356243942,8.387672516815954,5.5997120335881405,0,yes
213.58379297271244,110.11673979975855,230.4251083979493,263.3753368875587,1,22.717539416015722,894.8832286779823,18026.54861787617,934.501768149599,560.3614845163378,356.67926511239114,920.1119181152737,12577.202829188169,295.0660531657249,719.0324983706854,0.17654168766730452,9.326724665547314,5.727414030275971,0,yes
275.6657888486344,255.64703164938462,357.6304761072225,237.73645739550042,4,54.40369344787379,606.1641340558245,18410.634514858706,971.9866117468058,857.7430701462649,68.95172160262598,742.0497854590062,13199.297850100329,526.7942213667454,744.7752985199854,0.2788974839700813,9.459916179412442,6.002451546308819,0,yes
261.1639282633085,122.76103128349496,259.89552964108196,273.3933326644259,0,77.6337985353214,998.5213279652874,16892.93635040379,953.8375962893623,70.49098609819464,889.4289906217756,864.1125661369435,11826.983978109325,809.7847014556861,785.5162537488764,0.19841253903077505,8.786323121797924,5.625539167403456,0,yes
251.26979077578773,127.34592623766818,112.54921614792806,254.7782752399002,0,60.71763081499511,763.078730529738,16816.820110002263,944.8153664467926,741.4435808599326,183.00491715373744,917.1527379491707,11918.254627527564,407.6367165248694,728.6323448738132,0.16367603957400487,8.69370576523974,5.509963626621359,0,yes
227.26851950875425,144.64303803226625,358.6212421252309,293.255339779861,1,65.23992396258598,967.4569492476048,19011.738952780546,984.101338424375,382.20568033754176,600.619790251839,888.080253951296,14348.400609742215,671.7030869256332,796.2083608154944,0.2290400035412014,9.842734563244528,6.59305436449396,0,yes
206.72506957002847,386.03789790512553,153.82481978383217,201.7991427347215,0,39.38856596745745,979.4374535957284,15348.430085266844,974.0205377257082,400.024333213248,517.2835842999489,841.8768661731712,10053.727806558916,710.199042123621,632.3653796251947,0.2565043407313915,8.01244481828218,4.841422115069962,0,yes
292.14964060000665,237.07388530247454,134.24129238788836,236.54672330731913,1,41.98959355976158,950.531313081708,16514.12360420728,980.8190175719402,514.5395315580316,409.59813740977347,793.9847874067448,12870.026904989758,512.8896348175076,614.6798301313437,0.21508007354716951,8.58958529695721,5.868485478807423,0,yes
255.52158258780977,368.2489930294306,348.0902119786539,201.042922358713,1,91.2599672628184,933.7935285026819,16427.046541956537,999.410646840474,470.9891802326962,432.8370475423229,848.9941980590311,12001.118257746404,583.1065356378422,638.354332878478,0.30477637203266605,8.544792982295911,5.571330890820971,0,yes
253.47897859193438,320.91675956185713,183.94375215345792,227.64663779538026,0,64.62399037690076,910.9587036724304,16225.272669772372,971.9494380023533,266.18346498593905,666.5335454695463,776.5078064132994,10915.533443995764,711.0599606531287,778.9512956686149,0.2507273978651646,8.434894150168228,5.1818109516985675,0,yes
218.5488565751082,345.20796432269594,263.7678360439811,269.34035313610445,4,55.408874881514556,908.6984650278754,17413.929443617562,999.0257085062004,349.0651062874277,561.8867910679587,711.977653018321,14857.520842953803,134.45954381805612,722.5653148753162,0.29517530760246635,9.0324589738859,6.4916805677706115,0,yes
219.36103274355176,388.8701957478922,351.7408123338607,201.64600366210266,0,66.1525919663841,830.0682852253963,15242.890175840079,942.1109211755379,377.0831396720036,586.6098181898501,716.5798437314576,13669.094720086387,349.93650167721853,780.415692446484,0.30214906001618647,7.921316852899802,6.119269932613088,0,yes
298.4650176937279,104.80312748104218,293.4737681270093,275.2802353060999,4,80.10463582393058,832.6021289120146,17878.466502432326,900.2105700379881,330.238701763777,656.0203066275058,988.5134184590102,11449.879799703902,468.1731956020431,755.8602970925648,0.21935694882343354,9.233941355714228,5.387498786567119,0,yes
216.9778285051573,323.2163373790194,335.4220369495413,288.90061076298485,0,92.05038873243102,895.2250959163545,19535.3518963842,982.9964824329302,565.7515434721457,352.2752472928372,825.6533725948249,11047.931711206335,519.4497904264072,621.4313122683723,0.29303023111317056,10.087886171060141,5.154984138801448,0,yes
237.70884000144935,347.20489278637314,300.19607867586734,207.83688641374204,0,60.208671141444086,755.6087699744628,16497.749312432523,957.904694461882,117.36368924159312,858.9890302923852,934.1965423916499,14976.615935407444,841.0804288219748,668.7927439995084,0.27798252489522046,8.534314340566528,6.912749472510161,0,yes
202.05221450014278,161.08743687486287,265.85051460706813,268.910641443952,0,57.044556129597275,896.7689941184187,19799.740064973914,918.1526949702966,284.1059020512779,678.4225225595621,749.0420973598965,11719.60415056636,106.73090427795096,710.367710923131,0.20398119092323405,10.211509552896642,5.245711932411208,0,yes
262.9802334457802,270.27322624006376,219.94932799282782,237.13083129909785,4,92.40736249381726,954.5314503201396,18280.07396638801,941.9472189296479,684.2639164168216,243.82725902338382,952.320974317329,11408.767717906914,794.2686223117511,746.0064877234809,0.26026330349836246,9.468118984006328,5.477692504391687,0,yes
217.72199333072396,199.07891443978082,367.8385915720495,204.94354662216267,4,77.79972053647974,843.9882810103138,18852.159191345552,977.4347685190936,230.5550147083742,675.3684224642459,853.9878777943759,13347.296703074458,748.2101233025843,639.8449463053167,0.247369041803948,9.733946367673184,6.1783222935752224,0,yes
254.26838670987655,370.11837312665574,337.17748357284404,274.1802532004116,1,94.89582294738733,898.9279831571743,17380.4997902462,928.4515431811978,945.6221484120417,15.311240672480949,826.055539803547,12198.860014551814,762.5453560656864,692.4578064984238,0.3182678351910039,9.003789062061756,5.727961974335171,0,yes
218.83532648602642,248.68638702831745,333.80566149855235,227.70737861744072,1,55.08563691553835,778.8968116054216,16981.175376255695,927.9710422362474,478.4896277496856,447.48369349416055,746.3513909809982,12303.487503370057,480.16467001082947,602.679691628211,0.250243184683149,8.77708754181156,5.608413185089602,0,yes
236.59992233168128,127.15380254854122,263.83302137427506,247.16736699620586,1,73.0725817674867,767.3855563694309,18443.341417439966,958.3433678415226,650.0065429211046,285.63599181647885,970.9007086946597,11702.66332377181,164.61109387558972,733.2424896012723,0.1960326839896699,9.509784088061272,5.3501609836476005,0,yes
291.6523379489326,374.8950357831142,106.92765851687365,227.92934994446833,1,89.94528826193965,905.6321634588555,16046.589715890934,997.3080845607977,724.982640699093,189.39421350825455,727.3838685141338,14201.083988604016,664.8786824565123,669.6814560124712,0.26898830442210975,8.347853243148586,6.440929757213869,0,yes
225.0890918802853,353.4426549249247,135.3171951577461,292.76802232414707,1,83.09894803371093,963.524764694848,19249.168563589024,909.5512579984513,640.7857901792162,342.97873438506167,792.0269195699699,10129.209523878164,274.151012710493,676.4929579348445,0.26977177096380717,9.950295948123546,4.692185046027035,0,yes
252.39939327659215,273.0754534974094,300.1316945029086,232.35094737499642,0,95.6727191347648,741.1113568471216,15681.584761318265,904.4401274775283,760.4583545585882,229.64507155651154,843.8880636978217,11084.029474500065,756.8937329722646,781.6046782655094,0.2595370049343508,8.115693313780348,5.302760987454584,0,yes
228.49402914254347,333.4282857592702,223.57673737129244,255.90952607280965,0,69.07214785992076,904.6385352874889,16756.608166859496,955.9631960265376,71.85388096616543,849.5510650445772,852.1311749427799,11857.133487491383,425.052068122974,621.0321478542004,0.2667126189648897,8.696919413944203,5.451906782497235,0,yes
289.15089696992294,339.3210159011975,360.2053542230907,217.5983336880838,0,63.304829513082446,688.5301628954265,15366.8053284282,984.0323263734582,502.06072660852925,399.7041968544268,936.9440230950233,10756.765265930359,212.4468119120513,741.1666745973641,0.2956813619721758,7.957653150806683,4.97377200302387,0,yes
205.58001760785098,255.61959596846776,385.92882688628913,264.26284309345806,0,71.59593311381926,761.0005517417777,15233.787953925203,993.0995477212432,818.2355665640999,153.0920852579069,718.2741951378555,10830.550539439939,214.06333568983797,716.0980241619985,0.2671546267450496,7.908395130333393,4.9226881907369995,0,yes
238.24314169024606,304.3009427019403,265.46180743817376,224.40966497353062,1,72.40369694312355,914.7527416789733,15781.651892104926,998.8390875651971,664.6409685992621,287.20678613756695,893.637085019102,10672.626445279495,552.5936057864102,683.3187585873885,0.2627893045217279,8.217672275347757,5.058065324598136,0,yes
208.23130783611927,230.9666210702427,163.2352240911647,299.25666473783355,4,91.48752842779669,932.1567476360719,19818.057130401223,970.9006694464576,521.1839259991606,466.89961755699255,991.0617545050945,10072.519695905721,408.99063770742964,788.2246592362557,0.23858936403283212,10.235975201187008,4.818469910668093,0,yes
242.18770950011088,253.57308490721732,183.1142313594932,248.1401725149144,0,72.79395900504343,868.4948991400465,15971.415492798491,980.2187742439802,215.574620214392,748.7370201060909,969.5180431905472,12696.129685669577,407.1016244228293,633.0527177449719,0.22732233782073633,8.299482412185547,5.834744664684391,0,yes
259.2883538398022,305.3849552722004,282.54383125057984,236.38973289070384,4,91.56217657574612,617.9776568379859,17913.768095910244,941.9419564107645,398.98571242612127,547.3465416075402,728.1577629805071,11736.991533377577,422.1807856713389,754.2422855976549,0.28610530637764303,9.209912501946523,5.37407926827761,0,yes
213.6412318549325,379.7986626261064,143.1170173088849,285.03348580106956,4,35.15693437060663,794.8267857574851,15680.05594037402,912.4687108676402,528.748199178685,394.0602225792062,735.7173021424354,10141.565849792447,680.5707334425064,703.0725939225003,0.2848550306074181,8.127956259714914,4.832283034339003,0,yes
227.2646313565004,172.60601020742857,207.22263927702042,201.66191784285544,1,34.52717799048395,892.7817501415959,17914.22746937902,987.3063296583496,179.87954823641198,808.0231685332519,905.7439337898402,10689.273847690885,329.2688443558378,624.6468112801695,0.1877658408861935,9.277366606899097,4.977522722369961,0,yes
256.0821497047565,208.58387824367327,160.42380243573578,243.76673957321836,4,98.30915376994608,745.2556126189313,15077.527652416944,943.0201562708246,538.1148335558024,422.24898966152944,921.3419187005521,12640.891947643118,495.5567511634123,697.7526578717999,0.22487932067942518,7.819862361131248,5.83671348420471,0,yes
211.57554177371614,343.6649906874753,114.85007533845157,277.6580688309976,1,75.07013590812065,873.887649672025,16454.638764390857,965.7381650492399,779.8356074169153,152.21477343330537,718.0544969414916,11673.208541661234,106.93131832844873,755.231980915896,0.2560295568009327,8.540311627457212,5.216596111810135,0,yes
220.54929298266578,149.90890855001504,395.0977900165812,284.2196504800998,4,81.8420126799214,798.2990003643404,17394.48714946531,976.8077252810867,573.0102579783897,360.24133239976743,811.358258871974,10645.709435102232,441.74026910576396,619.202861405905,0.24987336712594704,8.99478811163144,4.959087003910442,0,yes
271.7674361542787,198.76163614272798,290.75721560645474,261.21215989548966,0,88.057787973698,822.8771779596914,15051.864201536979,963.9501085875686,879.9280449310625,20.510101099539042,841.2425142214665,12194.304854484331,707.5800683597222,710.5421713668793,0.2352015485673554,7.8271973929037815,5.704324014179214,0,yes
240.7801777366663,253.97505721023612,121.89278364022438,246.78034973010995,1,47.28482972539087,751.4757925945789,17432.347950428666,936.568908940724,110.2193583498393,851.0888086842751,729.0956432290125,10789.795228754489,214.44718031302293,758.6718049248957,0.21558224543855992,8.99776433596423,4.915133314521479,0,yes
253.10810378954386,349.5640701022519,222.10483546177954,202.50767458245315,4,96.63005465241628,976.9201593678076,18634.75317658522,997.0451884486786,730.1536009322182,191.81975153834537,954.6407851681846,13793.566480882713,362.51409118054755,633.9278910745234,0.2847684604665314,9.658215524137473,6.244231572124116,0,yes
253.01967409098256,399.36245583065795,235.0694202033865,206.2087320054369,1,43.28633897181276,760.7876615501127,16174.392811081503,961.7804704224892,153.4838745245626,790.4839163900109,731.397678432544,12268.663479857447,445.79711168542013,663.4072711041417,0.2893029950567232,8.374318860429801,5.585164711430963,0,yes
204.02376765181347,268.70045575412195,194.6297879664068,294.20722180969926,0,52.661746349749485,675.4599905861011,18134.58478183912,965.2740326719984,863.5322127759217,69.81864877243231,791.7006813997405,11599.366701664288,197.23754614796664,651.5983549063487,0.23753940887737976,9.336083015534454,5.2391370039868885,0,yes
243.31687632292443,329.83725248996666,274.2540628796917,294.2678262095525,0,70.80049052221639,848.565073766907,19576.11110871651,992.4632903235643,121.57583270519798,801.0303048596758,859.5071412183056,13395.929902648393,333.72000123284795,689.7436361714493,0.28517359152596217,10.099033537830785,6.043018844107274,0,yes
299.92174715447425,319.4732381285018,250.10868035731474,262.0934507595332,0,49.028126206185895,936.0146494730828,15503.8630179598,960.9380623570702,553.485965663151,432.4027168857556,874.091969263658,14154.537104710273,790.3418289662923,619.5271307996712,0.27419247586883805,8.078385233247584,6.534448794511781,0,yes
244.93076592607875,320.7518450163529,374.6893953378283,258.83236127647564,4,88.07937721844206,968.2708355666412,16220.056533001447,976.1843902770152,341.8624852539816,559.7272375458163,852.8345193306045,13486.157537152796,875.5770370605964,733.5509654895828,0.31291609422815575,8.445985095423568,6.296103050257725,0,yes
204.19899847482571,355.2913970683055,117.0013315054448,271.88732621860527,1,82.64792690059863,746.1640579635887,19274.8293611106,996.5183715261626,902.9411161884759,10.23458389245991,782.8976084245727,13793.088571436223,110.75370941583715,781.2864846458676,0.25997813122071384,9.926102074237512,6.092903985690662,0,yes
282.01107483990165,167.2608816172797,245.43795448157667,284.4588402938358,4,66.83780102877571,684.3927172205921,17030.381746722505,915.8517750432032,434.0936921631086,557.7911561175458,779.6632686368931,10313.571382086018,710.8614035592126,647.7945655188757,0.23281560376061247,8.779154174353065,4.933026820326684,0,yes
250.09366152368824,342.8466464475761,121.57983918076633,282.7233786114189,0,25.47608852398821,741.587808741972,15885.789763632487,950.4125854598432,833.3722648039877,105.41031973217616,904.6064343442837,10425.339349966032,466.29487159134794,780.647752972218,0.2526933157122095,8.22419799501707,4.940125321601111,0,yes
250.3130143953598,225.39657687999846,182.41983531819815,235.72065957194084,0,75.85641044608246,699.7285882193775,17599.39468170124,969.7774128751139,338.6686890983883,564.5880691431058,714.491151372551,13448.434904406806,666.0894973605751,742.2366324257716,0.21484119356792497,9.074437144044214,6.143261197930445,0,yes
248.9202106210499,209.99568345041047,259.98660125562174,225.47791738286404,4,92.51758970737077,892.2119061556243,16660.536873223577,948.250809149138,384.22860975759085,612.4055619659332,965.7976416672643,13105.213474464146,485.55197921845956,731.3316159434017,0.24006471086355696,8.64500094417212,6.045679472073574,0,yes
268.1979568284233,140.35710786403354,301.0286470427951,290.11468894014786,4,95.59552123767322,887.3736129866311,16578.81665360483,967.8189058621136,726.625071033492,238.32311361662505,945.33508943501,13338.594642897307,603.5150157869509,615.2915667658287,0.23617074152976983,8.60573994562,6.158390625823863,0,yes
272.15808416389416,176.19012765703621,284.20465674345,241.6898456729919,0,91.13735205414145,648.9563713983798,17033.571163392233,945.2532384219874,312.23815983941586,651.6782226757127,766.7847177954541,13860.192190137304,381.02078395328743,727.8971460925308,0.22139471718096984,8.777021093078254,6.221270757018112,0,yes
210.39604462860567,281.61020202313955,179.67891300911594,217.08879224178142,4,73.74250138889866,723.7558959720652,16195.25989331603,986.2716747665409,541.6767739345369,400.96625652432976,950.6555646766626,11201.705579309953,845.2733769258456,634.6427681935384,0.24374375378675806,8.379943698566583,5.401923992495496,0,yes
257.57342812530203,336.4544956710189,372.36413833957795,202.98571143155775,4,79.46809523895055,932.0228191334646,15958.921640673163,949.7428396291767,237.53524952488416,714.5827383619566,747.7129831917094,13124.877335083977,214.0436360602437,689.7694467798751,0.30807856261440203,8.30346059279563,5.846062767039354,0,yes
252.1368483495864,128.65361830394403,190.25412672325197,233.0858765664343,1,21.04690870894536,734.7687682387202,18504.212398187887,938.5027966697684,926.9023955798846,3.9595151611828214,706.083256543853,13164.705206658286,505.98297419938723,649.8971014044025,0.17452520363258672,9.530264960850898,5.953959429395361,0,yes
273.9018032249153,291.69652499133065,339.9640669374031,208.46586903707086,4,34.65174385654001,910.9500800193916,17865.485557740194,904.078068567497,449.5086397894171,465.5170652931936,979.5370628473152,13677.169972519732,734.204648539999,711.2162076345627,0.28122395573354636,9.245683472121836,6.365517462095853,0,yes
211.50062527722653,373.41599214534455,260.167821408918,224.60166392725418,1,64.39750408171389,866.6317842709516,16271.192638796658,934.9113767723513,282.78953699111395,672.1915715198797,984.5334116444735,12293.230654131887,299.7443791239231,717.1524290659436,0.2850309620204752,8.44270865350158,5.64642143852203,0,yes
249.21747643112693,181.74316924250996,392.7053942647931,234.32375059551205,1,63.552871449565075,765.9784242821294,15970.195908624353,976.4393864265439,325.94530173880673,597.0037044758718,823.4718111637103,14589.290351813474,293.80385846455476,773.7873251785562,0.2414721881411215,8.275396547245085,6.5011697809466185,0,yes
296.5737862220651,215.17339217664878,296.81010706992345,237.21185768044634,4,37.23183462979625,856.8783647047144,17712.471588608078,916.6260784070244,133.83511374497604,856.1280873122525,822.6940527587969,14874.458028337758,225.22916088378145,776.106947828523,0.2509294321140772,9.158644340645038,6.597035596964736,0,yes
282.7007202185643,365.25396587518827,367.90280841026686,218.3985295735013,4,62.71878181003204,833.1360516366551,17840.272584068338,943.3416288217516,37.17599378766601,923.1390772941095,899.6581271764978,10286.00493522213,422.36965173276076,628.4922510357538,0.3228632692849674,9.220865553719552,4.847710742429334,0,yes
220.0780502575765,394.55092738106447,200.5313293561904,290.99246101674925,1,66.77004964941776,921.1605440195226,19479.816023998683,920.907731398193,38.24673206032858,933.9040702743429,908.4725602515266,13867.737962380277,510.333305400304,798.2698567334164,0.29621690716372856,10.057473219827093,6.3431980070607885,0,yes
246.38103086629968,220.87822602496692,231.99194756770908,285.9684252077186,0,95.76075067817688,845.4168778246952,19261.621399198757,988.7222893069752,892.6487949940898,59.05731850730001,719.2390951781301,10707.323076972136,720.9018939822737,682.65065298285,0.235003781038056,9.940561599341356,5.069400662524784,0,yes
210.14366809027092,249.71969489340194,388.6385127698876,237.18617718308627,0,48.919350846245166,999.674389392666,16029.459765141159,917.1299063109396,697.0088120998408,262.92452528384933,924.574020682728,13414.536095286247,707.6241363082056,699.8259434132628,0.2576465512482568,8.349816341381775,6.232505112676012,0,yes
221.68272076676183,105.25441836177907,185.51982975705522,291.8683803567424,4,71.33933933183081,654.9320092951583,19193.692309394282,940.1696307382501,714.8809727521253,197.4364473145372,719.4973273146892,11107.24552907438,223.26799509316243,728.3789687975906,0.19044827475271428,9.857688900936253,5.031058039647782,0,yes
218.9850371242627,336.66412265338374,262.98523930309625,292.2057805591525,4,45.784394525416815,910.265609258521,19781.177628745107,957.9409881248548,879.0367587677657,35.33185782488488,808.0592531193843,14329.849423231597,633.8732334109629,796.1168113251289,0.2950196544286462,10.210756325277831,6.52906667075886,0,yes
220.91107839126175,174.0876675958117,122.1182649630255,211.5666950388612,4,21.682826631329554,807.5376598380342,16552.906356613392,948.0685505833228,230.61383259591977,679.5907479452189,708.7558859771952,13146.706602680555,674.8760528922761,799.6879735144447,0.18290200622912894,8.572098302137924,6.032398793232112,0,yes
296.8949785681097,132.74490013536922,101.30027271985085,265.39846066793945,4,87.21803361386583,602.5870374799872,18780.563253318756,966.5141921815438,287.24598658478556,696.2403834462633,953.6287286444232,12556.089922914965,823.0970163045637,695.1619242985778,0.19081808539440231,9.643348086405362,5.94957620334192,0,yes
212.72182715535163,252.6882911535235,220.5792631614626,203.93477377373674,4,92.46189460331527,673.8527507285639,19705.42570927011,907.1054057176176,208.021171477962,712.732493812026,764.2679416323302,14560.114750530844,253.99623088634175,689.3262183894094,0.24037177629566303,10.113170665030273,6.438399149429281,0,yes
281.61105268157576,277.39683741786155,193.13340281369346,237.0375625138645,4,80.96171612279574,938.370407550429,19606.769796504705,975.5856411914414,645.065645595554,339.37151682418823,827.6308661334527,12755.593058067192,283.78665984883565,653.7778693600314,0.2586499792669149,10.132399458088143,5.757944614068084,0,yes
233.86948330120822,225.74839634643396,330.50076308061057,206.22941148370148,4,94.97287071832493,977.4152949439062,17753.236093974556,970.9546928057672,426.5047780072675,504.6794129661519,983.4755295306855,12038.946149146512,270.02431903635727,748.5092149502462,0.2550254817314911,9.213958036310636,5.53328428265994,0,yes
208.69364510105294,144.18591757776682,377.8044051737346,295.33888685096383,4,87.26907008966316,707.3681647887552,18083.188297630353,954.9703679415104,774.0143554090631,211.2350053953353,888.2727912454823,10998.976072202033,834.0749774088318,769.7238722270235,0.24553518683021008,9.315973039492869,5.315108046688618,0,yes
255.091632458532,305.57165322071205,237.4101730110385,276.69635042250053,0,85.1054539336577,862.8666546432592,15523.89304525963,975.045103408222,303.4058321725832,618.284214317169,730.8964622840001,13284.587431572561,893.8480049919407,664.0475755465992,0.26787174266027247,8.07373519437599,6.167583813834524,0,yes
200.55677854545715,227.6605910535231,151.6114062976981,274.7496379261249,4,27.508668098798907,849.6706278471406,17857.128348991344,957.1635792842136,233.43432103296783,671.4085673617485,975.0576339122379,11504.438933814341,787.4409406329933,784.8556440376859,0.22102948398967412,9.234911543875487,5.524322429636865,0,yes
219.54081853361788,392.75673589648574,182.15298451892556,215.23522579582573,4,23.030782379243266,765.9001126038116,17645.97434291545,943.6768623336018,162.2478956161169,820.5194882857771,954.1181113464977,12887.162391594142,304.7813449304737,682.4695921046558,0.28310666228161074,9.108752795027577,5.8731030744898005,0,yes
273.538322718705,329.2946209647715,185.72997826618894,299.81545297922906,1,37.09512665181194,924.1708740619474,17078.691096854334,972.0446738162383,645.6618702975344,286.2593549124639,746.195887809096,10155.07604535698,843.1776850751608,794.2612740253652,0.2719473609951647,8.86462697646563,4.920287575674348,0,yes
231.4941158273108,255.48903123862902,155.14677031633323,231.88122144574706,1,48.500072812233526,813.5765959540593,18978.35957980933,982.0211727481225,50.716961806172826,879.6693323688484,880.5037977099333,13948.356511822683,349.7116388754894,742.5698177472959,0.21883818582702483,9.79085958891684,6.286836452764422,0,yes
208.71865959865906,118.84093930953294,267.6464494109746,299.9097447245324,1,64.61621250202897,801.7617361254145,19605.037741563367,935.9726209843604,755.4450076855147,234.41700362226993,912.8909799718845,10904.72472451466,424.7110458670434,657.2746047764725,0.19943465788405876,10.095212241183987,5.109281384659873,0,yes
200.66239373797328,301.68960640231666,104.6828535539772,278.0716438630547,1,28.087311703228373,862.826604228723,19504.90941867511,955.4590381194638,261.46068915740153,647.7158038085258,911.0684515229868,10451.62042640622,717.2012378402828,783.9401828400406,0.23000582566581956,10.061532114364928,5.049972455220529,0,yes
225.80336493874862,326.16195051761906,159.8722894764938,256.5418735814166,1,36.16892306614527,710.6745556066265,19170.446231194943,961.4970401678809,772.5616471750765,198.80274693032368,765.250657058933,11350.114516462503,556.3079311087636,700.9436442734591,0.25071591006166494,9.86122924810064,5.284205361149635,0,yes
237.8134925174765,121.60908736010965,286.7879400562097,254.45213984398316,0,41.99256464905508,815.3275161655996,15112.710673201995,965.0919872267717,88.12867953446673,843.2130806840744,708.1237023512487,13298.332549779567,696.0128647388495,774.1691574463213,0.19210915059586292,7.856087443063107,6.100731411473076,0,yes
200.0189299884633,190.69220055880865,310.1152319565791,236.62314747165263,4,77.35148733590152,720.4334958704163,16648.629697678454,932.2216325634392,253.6298043608654,695.8849944296597,923.7033299362372,12238.013326352531,232.25068266240223,733.9972377315912,0.23651499961612385,8.598447131077398,5.574483439463848,0,yes
267.0120317619323,285.77883584105695,294.3280982240169,287.434061602888,1,95.61309003045537,688.8491354475884,17301.150706470464,903.3380447261517,591.8974566491216,397.8860489689623,893.0245673382193,13559.930173628054,171.41382269025314,685.8500194843471,0.28031532121015695,8.913808556157328,6.065842848448522,0,yes
273.81200943146405,356.6719050105614,284.3729498154339,279.17545978707193,4,21.462233009866402,736.4440794580031,19472.918002395512,943.5538166399007,454.7234666078234,458.2446418361882,734.2876383522795,11203.626856907724,614.5582588567452,758.7528644834218,0.30856886074384166,10.01568167084399,5.236164707641615,0,yes
272.78029993846485,396.81251487903995,301.2116410385481,282.71149005370677,0,38.195245416610646,982.3598707660532,18427.476524249512,934.636303471397,172.61567416250745,811.3014077437897,897.1291127412899,14199.506990054473,235.91848261150741,731.2362723005579,0.31467236196598136,9.547219913494573,6.354300124279018,0,yes
200.09797834585322,341.48945476022595,325.3960532978142,243.6981456492967,4,37.072506669949306,698.031718433255,19890.932719944904,932.1726346926623,479.81098136072535,505.13001579596937,733.3036862742819,12946.028739200243,133.7660129372245,722.1159288744796,0.29625172891353124,10.214659226482178,5.745451503822774,0,yes
283.2651555669738,117.9354413788943,328.9646571547321,298.47335489951377,1,69.39934119632267,731.2303377344128,19979.516187489742,981.3807558314345,454.00874798249265,465.93411087386346,922.1581295581384,12713.578177703885,250.9555780952681,788.7635605438659,0.2210745527240263,10.2730447175049,5.774808913659894,0,yes
299.6742583188153,108.17334592580039,202.16870307342532,275.58492791519643,0,48.148234122089036,926.3135816178477,15013.786935641972,966.2303486802459,571.8033281716093,375.17333515500945,825.6988943720262,14884.230289779949,275.45056678219385,665.26619973389,0.1826408448082308,7.831861026722809,6.601630911795873,0,yes
222.6409204135199,180.19880453622312,119.14054579456413,271.2258644360885,4,70.99961150875312,880.5652882716067,19447.177837392148,929.4311190148795,199.13528065708178,791.3884002840737,921.5648770131605,12282.86979337033,513.3357295477615,629.5170565715689,0.20309995581879078,10.033099541260668,5.6959159612430605,0,yes
236.01539159952517,377.96293838152855,380.4279921636653,257.738512593123,1,41.03712309273179,712.809382139881,16782.629157151736,955.7248855030539,933.8663496622812,33.118971827361065,706.5988745019155,10418.531991383366,208.0373775212899,675.9049266675964,0.3176886788350097,8.666995620825471,4.7449004177600616,0,yes
218.98464787375326,335.4896508736681,346.06263325205975,241.67226867881124,4,24.506260624179347,849.860222078092,19485.435200785036,950.2195539098358,436.65080005988796,523.9185924715953,737.6718348218546,10384.546810521799,804.1522537540286,782.0310289668073,0.29838436785879735,10.048151766507496,4.995358907267603,0,yes
270.1375221323245,100.26173274079562,334.72632095382573,268.6866641264414,4,75.04625344355074,728.9902477647524,18462.438330394267,936.5317551776106,731.9364245324055,189.84306924017642,728.533879670142,13565.632544302814,805.4727262186641,644.3225282327245,0.22024784312058612,9.507830888771906,6.241132504629841,0,yes
264.7951121584755,332.70813225075415,103.08199226085108,236.57326943934316,4,76.31767165050829,769.4415978396169,18458.371916970616,963.3657836256873,269.26722970270436,654.4982469788356,777.9483124169559,14694.053451660247,762.9609431810428,622.2146814798771,0.25995861005519305,9.518448384571219,6.692642606518058,0,yes
238.86823170894993,314.6096711618188,203.083646431918,201.0692594072122,4,71.04423361295974,958.7231106283712,17449.756520134164,925.5919022050675,754.7236670345573,195.44840135223626,974.7220816551792,10487.720072902757,371.37545850860664,617.5830449976324,0.26167715460365143,9.051679674878478,4.935203257388367,0,yes
228.13352993209907,242.49524090047703,172.99206599018305,237.9280078133098,0,83.98298006992195,875.5891888586335,19939.438668385585,975.1249704794923,95.91196238150519,884.4238757028627,709.1407777345055,10603.87103203641,215.7178903288254,603.6963950103002,0.21845546489493786,10.284392665473765,4.81551884068201,0,yes
253.62784276319348,371.5733943358643,327.8965803383457,201.6198308500054,4,85.12297570763843,852.263834625704,17680.874962634865,941.7688131018734,865.1104532033073,133.1247978656512,709.2449043578127,14591.145721269066,534.0860241513953,774.2181507760305,0.3131714952370044,9.145251272816852,6.562769615609483,0,yes
284.0600359461129,161.45843363273906,329.0616466942304,264.45748800246827,4,97.45579200530696,668.0835285756762,17945.02298798472,974.0897925759778,252.46537514375262,680.3516550059733,857.2087594050195,12739.525688811093,636.6789489899991,640.9439895051553,0.24732878276544276,9.240903631811232,5.895711584240614,0,yes
298.1451715362779,237.98919755345787,280.6458891276303,234.1808928667027,1,70.87110638508726,650.4889963283773,19703.560229362483,981.7051697027836,338.08602811513987,586.0027571431458,915.3473902825367,12720.135023712672,599.847414814366,602.8202629590656,0.2486444112688386,10.117377835725188,5.890304004422968,0,yes
289.0709099004353,115.08244718141324,356.2409503488844,292.22136007957783,1,74.10493147438646,613.3872556457835,17529.541134915446,999.4393451384205,147.2695620649079,813.7446682943073,737.2893650854245,10864.32106618023,524.7274485789335,670.4105949219422,0.22546533876283778,9.024742226673922,5.060622403006562,0,yes
269.1888086605385,342.457469018288,122.78453368865576,207.45530543549535,4,88.25625296437534,799.5036533435203,16800.549419120565,944.2674072037287,307.9624358864371,648.2799774064054,814.8904017256356,10698.681007939036,529.2699468724829,678.502022076376,0.264032542500565,8.6936027595933,5.02763014801612,0,yes
295.2980797847054,244.09738395425256,324.3241085439265,207.70986883434372,4,81.34197014355863,920.1828891531328,18935.759059811306,997.4392272083502,330.81423568791536,626.0605646489605,927.5184629418028,11923.396657634465,846.5990341357373,639.1907686865297,0.26748478298849887,9.79576871059633,5.6844284618393885,0,yes
201.0355141582766,212.12387285782208,396.9726331284395,209.21546096880067,4,25.181686367284115,956.6149004636463,17751.25293876969,980.6811614796112,0.8034205415172265,982.0420377889002,837.3462392648753,10871.807739948536,299.6266700203364,625.1494625919094,0.25054816921609435,9.209526583950025,5.010685466570426,0,yes
250.64604820862493,308.82058190847783,243.49337902814523,285.09725337418246,4,32.80900750521447,800.6462470843471,15803.337929876074,917.9051097873249,828.6162458746395,153.14840849339453,709.0447181897579,12780.801135501519,896.8414454151184,762.6605855732726,0.28093177843646605,8.191638851794462,5.9798298314079465,0,yes
248.73466243742098,108.46921361978445,145.05693734880364,291.3709617184256,0,71.0808530998408,631.5145748874295,18066.34641011042,998.7088058572554,329.00210129389177,581.8237085459554,982.9006347982108,12003.695887355785,797.155974364403,739.9629647302547,0.17092772955591384,9.296988939423034,5.725886963389979,0,yes
207.58242057299995,280.84226925273225,251.85104758529528,215.09684917147572,4,79.953802735965,715.3272952432546,16287.720939273975,927.8545894530213,276.85594441038245,624.9180472743901,929.8540919364987,14400.47232379912,252.06694956450715,703.3299006715886,0.2578985105213354,8.416268588148085,6.439259921741877,0,yes
239.19325281439555,276.89548587083027,105.04040337366085,238.44738665861013,4,81.32461362952432,620.8098914230699,16392.293378714912,935.9931614344009,520.5637990363532,431.7432023493478,880.7441440556598,12967.626993393567,594.6704015144146,671.814201891379,0.23579214396443987,8.448974799965775,5.986289039410206,0,yes
255.6983390303009,263.6188084649543,258.644991970039,252.2134210986488,1,49.104547525242246,772.7131552897081,18594.230799215096,994.6753507412504,9.198382470005564,957.1016174844348,927.2261579004866,11282.938328415956,414.1697581162003,724.6732825486077,0.24999164974157045,9.591436366249779,5.267707259895548,0,yes
238.84000020265114,177.07165041737505,167.83465476830972,260.04204349951056,4,38.13118268916644,638.1357094669713,19987.502939309146,952.6483071811678,36.626820977768155,959.0747619885944,932.0647894258294,12048.607144925181,575.5729317329875,799.8431586574372,0.20726590759821467,10.252642522732643,5.654550441613731,0,yes
263.8415016862178,245.95327107057864,307.631627255323,219.8714115267124,4,24.686410750004086,768.2845078728249,16958.69144684162,922.1326427182581,878.9687720104195,24.805705431443585,774.9492213311536,11720.219835220556,243.5228737197652,763.7875777521515,0.2562156051875844,8.762687011508934,5.310067926028378,0,yes
257.82267214769735,198.71147093205383,200.33470925821035,236.63780106584065,0,60.98207510298173,776.2790428683428,18567.159149529914,918.38407398902,839.4239144285469,80.22266373596517,735.6205336050873,14207.481250237168,748.9939963136238,654.1724959465467,0.2070132525565618,9.568185062566153,6.479114130986025,0,yes
257.1082501174688,171.66899457628614,265.3303120073614,272.58687523493575,1,99.72850200922691,970.2373938373363,15753.834823723757,949.2386874655141,358.4121086319856,573.8363724380739,739.84216931631,14453.050360267931,620.1866868770527,632.2012839650683,0.22516701466454903,8.209611018300752,6.52635618581512,0,yes
222.51088111242774,114.92806852682553,148.45788453461375,200.94158688355816,1,28.308565037878832,996.868793900857,19218.194987512063,933.4803656399612,870.2004826328614,99.3792904879922,826.1977529923774,10277.96427964877,554.3810316515516,796.8637695007992,0.15141575100790616,9.945773104547435,4.891454324230729,0,yes
285.5945483408818,316.20160486496775,335.1077029867357,294.7364990795704,1,27.1935239826435,763.3636153562018,18400.476758619046,993.5275870721283,262.25982367778784,705.7489449920398,990.1462651791182,11837.442606786155,400.5115105215192,605.8079421168734,0.29585228763134175,9.492323335377083,5.49383854706225,0,yes
262.30948815863155,208.17622580705336,114.0400347572475,224.16048910570683,4,29.295036114620494,843.7368768080786,18576.036710547465,998.6601708787992,184.96269572856923,718.4258273359517,767.6278716386591,11187.612341125616,750.5810956368965,780.0752284546268,0.20362962324998257,9.598770318492297,5.299039074486475,0,yes
239.75605231017528,118.09979475297307,328.10295694898736,227.29957992773038,1,92.87879557033106,904.0310675375155,19464.58742874773,986.0418921627693,138.04317212281254,839.6753703071208,781.9379652489149,12976.385053699727,190.7303509637507,645.08046067871,0.20418097281695768,10.054925568648041,5.788692132841617,0,yes
238.42335917684508,321.9771514767029,359.02204997059823,273.48058439283415,1,78.0649722894694,676.8077900236619,16804.339912860283,917.7957122789448,465.29923275866736,455.60851187378603,909.2938795583154,14789.602125187092,171.62792714676058,783.446269788128,0.2991206092612229,8.664735498560823,6.567763054789217,0,yes
285.6124276223156,109.9365294308559,158.89246876476585,260.85674091701037,0,24.474229373917957,849.7202327927786,16504.39563018602,973.1391535647759,765.8798270148011,200.07531238675824,818.851948448748,10536.8410582269,322.88983089251957,605.8064520415049,0.1669877847740948,8.56076040610823,4.873747906499423,0,yes
265.4621836004847,163.27217079528486,357.6750346009271,281.308864154365,1,43.371968352456946,895.0052673822515,16699.810168675063,997.5727603747388,953.6586112437749,4.84877936796056,834.5950149506707,13406.19287588515,749.7744655633038,670.7752509087596,0.23599278388562994,8.672086525271174,6.206014625460666,0,yes
227.61853347325655,252.1637182705654,305.3309491013015,281.1450747761128,1,43.04596273219131,869.4476563205367,15046.029991377605,952.0134251250367,328.49345556017875,670.4526962048053,994.2989203007241,10893.784629131773,718.1315229650804,614.5233855795727,0.2562225796091121,7.833112763260632,5.250504728907955,0,yes
241.95688438024018,331.74076774547007,397.6568570065783,294.8223025615225,0,82.46267594575366,793.4127001761744,15223.732216947375,940.7191846697747,525.0236214976603,402.970481848758,975.2972962078036,11659.659120172559,448.67539788022805,769.8992403730542,0.31202091801007803,7.903347771011475,5.452168364182535,0,yes
264.88892142550003,183.99548140038956,180.26483123678378,279.6990708491962,1,69.31239066146618,690.6614542352784,18797.751090189155,917.7197858363065,490.8657609613936,436.6861780729312,732.7307240544471,10077.420118227576,713.6183047541211,732.3257280468004,0.21166637745278885,9.66447031974547,4.823168054264378,0,yes
288.8775978926869,218.36232554570003,288.9524417964627,236.88544081315047,1,78.85728940571724,712.8589100063213,19168.009175402727,981.679754747593,403.08553623892016,578.4485067526148,802.1171981195527,13182.680631266685,374.82420211262246,739.9949179044535,0.24282545484840823,9.863279902185424,5.9659587663726,0,yes
259.98474202505065,189.33260990756452,151.2978387457656,209.0574972970819,0,78.30468376203514,870.6405444884431,17421.373819589036,987.3060839464583,812.0150460364051,128.12395260656785,986.2303618963742,12166.205357555393,430.8142222889103,780.5579190659058,0.19038964337364236,9.025927650089855,5.655103246533235,0,yes
269.2721315321223,297.9088305993944,341.22509154567484,294.09759339706414,4,71.73638096991675,977.8772778237263,17283.24876989229,992.4715371518673,861.0965784224129,99.83971104349462,725.772545081649,12804.243663117828,555.7520360326857,656.5230628096685,0.30516293749799134,8.982049192670823,5.842560573128129,0,yes
243.53860797119722,199.1148786315211,162.1556787184678,280.68254880538336,0,80.62180850903712,640.7255774542924,18636.320049960046,962.7027342780157,249.79404855601013,734.9472587719454,707.0083227291129,13297.803956552798,150.34118173656364,774.1957911161885,0.20901081957945425,9.579001109160435,5.889165875015679,0,yes
277.86342234734855,333.719265899513,243.6429226380905,294.12073741129126,1,66.30776492184593,785.680946544766,15150.379542667972,919.5455340313205,70.8083117136674,831.5223551309906,793.2037100215148,12574.236749229476,284.53980929884904,732.0159682248486,0.28838043355556653,7.862046680365286,5.670965036665172,0,yes
265.2673975463282,324.594876938422,253.98005208917166,287.22387646442957,4,62.348908127630565,652.2564323009825,19449.407077262123,931.1297713542339,418.292147541274,495.4456995579881,869.5626946844606,10260.204401574614,182.97775830812986,770.9300364223075,0.29532660128345156,9.98372152835549,4.742000793045843,0,yes
225.58069419066663,314.9072437456731,398.107138702281,249.15864344403195,1,25.79130679624339,925.9296933824354,18499.18770903784,904.060668548107,465.8628190915357,469.1753740834148,791.5866017554616,10651.670834529783,893.8661585731794,670.6647182752173,0.29105201398009295,9.565945909678305,5.141398237931707,0,yes
272.2769318479882,204.95274327317242,339.2518512152425,215.57202782209515,0,61.6571814671892,946.2014474160379,17625.03099540965,924.2926624192849,741.4495679338346,194.9523073729133,777.9885879558408,11647.464944590058,174.91541509860326,775.3054109203358,0.23499393449557138,9.13626693758113,5.260736840216349,0,yes
211.07941965378052,191.777819890376,326.01063577108977,250.442332169559,4,20.107914255261292,804.2647245960243,16455.490542040032,996.7711407873529,551.0075795749395,380.586669625274,987.902308839638,10049.913001796629,509.2601073428141,615.4813916515675,0.23709256083812852,8.529388030764041,4.817681078109454,0,yes
278.79613944651373,280.8667526773937,173.45957057082603,255.2162691046193,1,34.19220565355207,630.548353253746,16623.024757747342,986.2595023123984,876.9792746817603,120.81327580813445,707.1779392032446,12907.198839514698,611.672020957418,789.4116859747376,0.24150317320864395,8.573390633884479,5.92136625198875,0,yes
211.64915334364588,138.07620440594664,198.66356996192474,246.49016156540404,0,58.65541190665925,743.3016763867946,19519.62113065549,939.0158062786163,398.1417081399812,564.5543036968727,867.724823687764,12965.577804451259,283.812392941153,622.4112587387262,0.17826880101755263,10.03992677841831,5.850877473760588,0,yes
235.09367674090726,109.56897560483148,346.9678155836451,253.219006432002,0,63.5347025964395,671.9355706975145,19330.32969850501,994.3406338587178,129.8486578379519,799.8061723943108,930.6274012747211,12312.978490444568,436.79489057800066,749.2347509308366,0.20144659840119084,9.93720507833039,5.688353020717636,0,yes
249.36437595847045,225.76733488827676,280.6657737729985,244.0400020530791,1,82.13687484951969,989.6899794966505,15686.503426833557,946.3119946003601,173.7736586875915,750.4261380593911,741.2859045296022,13885.874798351624,363.8958049297696,787.7802712511982,0.24097231909571976,8.18002899202538,6.217005767427823,0,yes
251.88252432530945,287.6408250920639,120.47024655563851,242.2592894421295,1,78.97644508743835,674.3099343806015,19369.035075681466,959.8376160720228,817.8362204717213,94.41486257979955,799.7442262293752,12751.871969363026,836.511362548783,752.5003781865196,0.2332474711047762,9.95230648817367,5.969496987123639,0,yes
272.26803181286914,151.4685193420401,166.62907521212003,200.12209095381485,1,49.316658543926444,722.9568467264925,18943.46498293411,905.9144317705841,580.5494420515153,330.35152491949384,944.1122453471912,13682.95967843325,721.4261431914382,657.8044186421739,0.1784333466071927,9.742823828904262,6.340956266059673,0,yes
265.86197354249265,314.20409993217936,236.48046692992702,298.23965535429363,0,39.498922498022644,664.9298349098342,18723.652091501604,966.6060614646175,713.8915960631184,188.28911101719154,943.8434865110513,14513.308575695548,387.19424975689645,612.0410172941088,0.27107660707169307,9.628494306079034,6.5321198938722205,0,yes
201.51214750766914,326.1798923857778,328.6263674690309,221.6869653928826,1,38.14007744943076,912.0814168650636,15555.773778137624,957.2483155833801,826.7443461764346,105.77644886096539,890.7211251773281,10095.10120960228,305.6288780835775,619.8263371848426,0.2746843232266084,8.098372226673868,4.716125499406585,0,yes
293.66934127687847,184.42213416172132,249.26629672543197,210.97255697768824,0,35.472565165562024,699.4583435938065,19051.319864536934,928.4886188632106,263.64004294351247,692.0180532114664,821.5177861873892,14246.424077217867,304.14961790704626,708.5065775230547,0.20728306269121524,9.794661604442727,6.363205041595807,0,yes
267.3591653662659,168.76571849718266,107.99603657978126,262.67311074466045,0,22.582388065761904,963.1981162018438,15541.381612413523,914.4876146870844,309.21657103405073,628.8958815957134,825.3354847410952,12025.6686427494,306.9412639919493,735.2347101399512,0.17815452669856296,8.097001557254238,5.478672146906707,0,yes
245.98210414137344,339.79259379801675,369.4875856826113,237.95593732575531,4,24.902576612492044,931.0115520412483,15456.360364516568,926.834695697792,920.6503116979619,69.54927729241285,836.5628564577192,10730.976768585399,278.35978495067263,667.5667169639828,0.30750785792308544,8.048804818336032,4.9521082696405685,0,yes
276.41038414763636,268.97948454713435,349.1356248270165,248.02053683836195,0,89.93763606268284,601.318549652197,16576.608904213925,962.8652916874573,710.9444788215089,199.8235637616549,937.4191028578256,10784.172949871716,494.1705285769361,683.5894416675212,0.2731502562410292,8.540592137932945,5.091232408768197,0,yes
259.88830423877613,214.47006147381865,214.43680617231814,259.4450729443836,4,60.62289219732708,934.7555173841806,19294.350837410166,930.4469279493434,79.39814335014987,852.8661038724928,779.0198051748597,12594.009052107083,511.98451310519334,736.7305015984595,0.2369147090263768,9.969150457847515,5.768895543335666,0,yes
299.22022235316274,163.1728494958104,202.9454655633719,257.7650287343909,0,69.45122415042623,764.6190355422272,19518.834501692327,942.0602832735673,796.5426656217386,162.98308427294648,829.3550436968239,14646.220881523566,388.01883651701513,783.713457691627,0.2038523914969487,10.044676374298238,6.570329354453642,0,yes
276.08680536152644,296.05112825152196,365.403186456591,264.0856372945895,1,31.83998829496751,768.2913501180004,16099.609634296317,989.5613636476266,223.83697832842304,729.8345306278443,875.8084563211792,11749.70874424619,676.1968704086722,789.0606824891846,0.28710083543139986,8.342433876556395,5.545485448070808,0,yes
201.75643884790222,366.57097283775306,391.80909374687735,293.4615433280119,1,71.26456658035193,613.2370962253059,17587.077122743525,918.9981989072255,560.4249245935664,346.3054832906465,851.1894492339986,11382.907467638732,157.5269707031154,681.4204017754234,0.3220268515720112,9.042391747003807,5.160740341872785,0,yes
231.43009016751228,227.5013008039858,375.2242147566933,246.45035963707346,0,86.87967093764395,906.696170412011,19430.005383653443,953.0859929433689,881.8051691578236,20.160590671825844,749.7019201290695,14352.890914348465,733.5554485364418,696.545664810685,0.25538948452784344,10.0336897063481,6.5398929093063245,0,yes
230.69113779149038,156.6969577726466,379.40805871925426,239.312319804222,1,75.85322060762152,800.8034806382628,17338.52642490459,990.0583185638915,696.8071646063732,226.83586465421217,749.3999848131381,14195.675539097741,330.0274562496821,739.2837606840046,0.2289970258310252,8.969201577990967,6.32408919691555,0,yes
224.24006666991522,300.67816507769,102.54153804935693,255.21100333834733,0,89.83079284263889,673.7444691555696,18532.071933170086,939.9646660571531,772.0153003238393,158.9641126571969,929.8043014399177,11125.162364813363,678.5555272532819,731.9610013577926,0.2313387882758099,9.530967393812816,5.307490535500842,0,yes
276.5883700625422,349.18117618014503,227.35930041873002,248.11662984737416,0,24.715842743301177,902.5366316259126,16640.822876760198,955.5834821305222,14.99611304330714,919.757868069137,898.2073377959255,13273.494088675467,599.3744494965622,789.9316493288595,0.2727184642424384,8.638496785771501,6.130747293118242,0,yes
228.1821926395366,109.60112606561809,168.2684894255467,221.4085088474485,0,73.85365270757454,892.2958575922738,15136.917092467182,989.710770829535,285.3393196618521,676.3232884973389,781.9462450876244,11125.66143263424,402.0764169802558,715.9195651420036,0.15978167787158765,7.888934485287956,5.140049221453651,0,yes
209.53658016118302,378.24005511610443,196.95872486246225,229.4318549455861,1,31.37533559172855,901.0099030683673,16722.818042779993,924.5213795700529,719.8054745985905,190.5222211508128,725.4772871053708,14611.882077355867,833.4717748013138,746.6251691560922,0.2708862495716504,8.67488282452315,6.6815349710671255,0,yes
270.891095628989,348.51859642609463,191.08160694081732,231.4953505371849,1,69.26115996066994,648.7707989999174,17360.295740704867,945.0699847396306,646.3580852583578,303.6688098037172,767.0358769191757,10815.599412076734,553.640104926134,687.0094709515124,0.2707514170000603,8.940317670408387,5.065268069542428,0,yes
210.99334407804602,131.08592692695666,108.8588375575054,250.23414970468872,1,87.28562951429186,719.5359973005247,18686.049386829694,922.6524810953105,70.95421481968341,854.441652571122,870.458258545619,14230.330726078093,821.7635362459206,606.3583700885908,0.16577746040631344,9.61564840217267,6.565833061377219,0,yes
286.87656059141057,278.83637127882355,216.74690336962965,253.68057480332902,0,92.67721607881862,613.3789259120967,18413.818087619555,923.4817924564245,149.79661411897666,843.3741950238677,810.6033093723557,10927.980543643074,138.06625497632615,747.3347507737894,0.2534173938631952,9.456406449464934,4.975357144411684,0,yes
229.43460281734804,176.36760928188414,164.03651761147074,221.30948395728296,0,67.6637362337551,662.9994181530143,19458.963370509322,976.2344978561309,838.0801116098197,133.39903921034352,785.3270493361169,10558.22412429451,523.8190635109971,612.0711656977044,0.1850020377473937,9.997057545281002,4.950842291321915,0,yes
286.67320152904307,332.0028616795856,393.59001401341067,213.37413183117295,4,37.27722326343713,986.8125021110584,17494.787568798558,924.7226363158663,234.45908508939814,725.1420421495751,940.7775036299066,11790.379036247194,473.1230515302918,683.4572081258044,0.31100071393898954,9.080544824295972,5.493320246625654,0,yes
212.18922662798747,385.1141487774814,127.44269346909287,233.49386934538882,4,28.79170937405221,892.5493549723617,17296.33244177197,912.1577833167803,56.75153571147846,851.151892292514,849.6646033519288,11636.271100006401,335.7980919661603,649.8155544705513,0.27255519508297593,8.958029105492717,5.328793890194849,0,yes
254.65332504852068,147.94234344103143,179.65063484889652,227.00166527827906,0,89.72185210923367,938.0848471271044,15345.183976538403,936.8925774818082,455.52641484720067,509.0580764510534,958.3806435254248,11602.0452357499,344.40850411223636,674.557907956036,0.18385429162798778,7.996212203055903,5.373058482107118,0,yes
257.589069900517,121.7054715463208,163.58106120793525,257.0313361740327,4,57.02477743430043,912.9008998073392,15144.131490514217,996.9994282502059,303.8176856658837,689.2260840146172,866.9416934263686,10802.082952717852,184.8411608363537,775.0573868352986,0.18841182196893355,7.898234941292411,4.969916626600706,0,yes
270.6511611727732,388.07521606883023,135.02622845712818,285.3626638173666,0,69.5815426827572,678.4571704411369,15960.948865529088,994.3839067953734,168.50700357288062,782.1417506495274,711.9132122626839,14867.815324193598,485.1779673741298,723.8864976263709,0.2821463611668051,8.253949896911667,6.641675504781868,0,yes
238.4170292196333,196.46026522719978,388.240450093766,224.62180046085803,1,61.163204388110344,727.4764391713325,16033.698819215728,927.8174162763729,963.8623237333054,16.90493448848474,701.2403164060175,14263.339778153018,464.86987751670847,682.349552035016,0.24286001809056756,8.291932254815444,6.386165668529366,0,yes
225.26886318216017,147.17201098268322,340.80885646825726,282.89916526637165,1,76.39097303826662,816.7466034562844,17432.620017222707,928.1446388133128,526.2884691349904,402.6692664672862,795.7517476938494,11835.303408538717,634.5521361697688,655.2671544729316,0.2255672998016725,9.011280632321586,5.50993684142005,0,yes
221.02116175292917,307.97765287517984,180.53862897251793,229.81700247184753,0,21.818631199152982,867.2125264958136,17440.660427291867,963.7718844424347,334.23609962673964,661.5724991380948,848.7698714739945,11535.730772367453,714.6974493479046,615.0625687258168,0.23582310149217095,9.031543155598937,5.447332616298126,0,yes
265.64174867601275,160.662872136033,174.72189502286503,208.20099049029238,0,35.87057232108967,921.4296923940382,17430.475234969566,999.2430315186648,581.8102533604467,336.9671156386934,857.8230483000955,12022.84496268585,605.0635913829365,780.8676845623509,0.17881678463476608,9.043661578098417,5.613210335049828,0,yes
284.5705562166237,251.31387926681563,202.32191431260546,215.52597400489392,1,59.32329528597095,680.4682464608253,18674.785073304793,946.6844902410994,868.8996726551339,67.83267973907857,945.5501103504558,14267.670515030117,451.9021188472796,621.1019537907254,0.23140654451787085,9.604721053907152,6.466338283307217,0,yes
239.43279139964835,368.0093271566687,130.5901984632489,254.76067768138574,1,80.45023851293114,609.8296350643877,15667.932356623896,902.1709400690718,366.2959464942657,618.454933461597,959.7801995371177,11303.45487401854,324.13548150432575,705.3806723915119,0.26853062159355234,8.079781176668869,5.252921611855328,0,yes
266.29967615186825,178.59109652516977,383.50846568967364,258.47388058554566,1,97.03066867943667,823.3987175900556,17229.733268513257,991.6175686710172,64.11411472898745,868.7928707047555,798.0795913407524,12242.539356651561,800.3480966272404,700.3990633456083,0.24957241576974404,8.920075493818908,5.746558728175773,0,yes
210.77669409508133,323.22510497308656,225.271064927444,295.54769396059817,1,35.79121698555895,804.3229151932276,17578.62148089907,910.3816535452215,886.0304553269248,110.74463050966449,843.2081050857064,10526.001408982042,879.38812530027,729.9950984624979,0.2684774018025922,9.079073862749972,5.122335732140616,0,yes
259.6870869468978,339.4536568532678,243.6056837510605,229.3482040872292,0,71.52967654067524,661.3330433680431,18613.890349270725,940.1723930287736,184.1978394095863,750.6510700263111,711.4789447414914,10035.958363310045,899.4529740591406,633.645766242325,0.27206827309522225,9.5691879145209,4.860426082689651,0,yes
286.6621176247299,187.23971036332142,225.40729645712236,298.913965689768,4,72.00763792056634,991.7080516574028,15172.275440263984,904.8028553001823,128.3665003585491,850.7692898439145,942.7250452982289,13246.118055948127,191.12430867619193,657.1627017184237,0.2409311548076072,7.917697982033658,5.96283743914154,0,yes
288.3707131828769,241.1241450995438,164.43190410973995,287.67548554708515,0,64.73001218986663,914.8618276305704,18176.86090256057,941.0908255958601,328.9846073697658,643.0134715910033,890.1253290765144,13525.669986281471,829.1513365801411,706.7074875461542,0.23134366813415974,9.407326613150888,6.314363223580002,0,yes
224.94062042660644,358.07431932491335,340.61184872769525,274.2668584781998,4,66.47729165901795,904.0001966031085,16982.22159872937,995.1200241235346,908.6306930162971,74.67558684163328,863.4510483045888,10529.26121954065,627.4013693389827,622.3341668726338,0.3188744864736684,8.814994455827664,5.014914744551465,0,yes
212.60374243499237,202.43965864056682,371.25833296869257,224.5884622527578,4,21.857751641021352,808.3410037888297,17782.05756605694,997.4889768433985,468.91806439145046,472.52735699022037,875.1611473310979,11192.652560785464,631.5675118184512,760.2062203978679,0.2456483653878201,9.193682158746947,5.299021812621129,0,yes
248.8290501026852,202.42480555474438,128.02039818788822,225.2737828670783,4,66.2050567966269,677.9751200366628,15450.971273727579,957.4334415525867,441.43364218641227,511.9291975810637,926.439233545259,10351.258892078018,354.04240764173755,684.2893023405225,0.20728216080323675,7.9937466615856065,4.863554967273824,0,yes
245.7951236223179,261.99413338704295,309.71965409266875,221.01312168984296,0,24.68276808194906,965.0421387839083,17186.89417455669,961.7187638835194,423.7873548976808,572.4232896889825,701.6880015569305,11172.753803288473,117.7818592283029,604.4442772624668,0.24499506324721895,8.926664060822771,5.003214133614618,0,yes
233.94182914305736,179.7254391901193,155.50383178698328,232.62199487527033,0,51.329605076885144,782.0226655495351,19029.16030339369,932.2133954635765,814.6520000833099,139.62318213227763,908.3671896504785,10505.802185539927,425.79724055400965,657.1130759702868,0.18541721169662317,9.802357021504932,4.943399678663643,0,yes
248.09233209805188,330.3543570557796,338.2275871074843,232.93370755999234,0,30.304651426394493,621.9228956445128,17843.222359419105,926.3344523641276,18.376066341404226,937.0593914848994,985.4087971048418,14860.345049442321,753.3461131769589,794.4250418277967,0.2814217962439501,9.173357666112171,6.865400254699752,0,yes
213.2262397235381,357.34016890519615,174.08097760206215,266.8395027024028,0,84.77932054139168,659.7372854195285,15250.543038361993,983.7482093273525,75.06712860103218,841.4847583024808,931.2080841556459,13918.974148166633,424.660751501571,723.9307490710122,0.2686113171268826,7.893173468012921,6.320980350306226,0,yes
283.83351794847516,310.1954124225088,111.73061092065477,285.46162034970723,1,43.204778314409616,677.1144877703997,16012.182422708898,994.3822947909184,697.7090454450192,245.79388202726807,756.8600735444865,11330.213164794799,288.64188473015736,745.075165932463,0.2487086227646111,8.279272095263613,5.167826162755406,0,yes
260.88747342017757,292.95165324523316,378.1396044136856,241.27383798821796,4,38.163478169657964,931.1557715570256,17917.23773127247,918.5961091652723,248.33382893555478,691.6287051166987,817.7876443421919,14789.387589303871,563.5097817342978,763.515631967193,0.2947170370561731,9.278149042274098,6.6877803509241245,0,yes
204.52789214791434,244.10918800505144,155.6949022268186,234.70009826023545,1,99.1525008527572,767.2416587675181,16991.26941790092,978.1028522328467,386.4557182036205,517.5861383118972,974.8096708860126,12825.47099591094,414.25358445718115,632.8954871735012,0.21792373987963498,8.786443881474472,5.883172323366556,0,yes
211.28815595564754,264.08786150858816,363.91640747594545,209.6325799637157,4,58.59538680793104,795.3151778323734,17337.657101953806,948.004367176999,888.1269883391572,72.55784117826147,829.0315363275064,11476.346845888496,135.3183149049138,725.4362217104704,0.2702994044259485,8.961735589591822,5.193578828767583,0,yes
242.98839192469333,292.7416177985861,362.66466739400505,226.95555808389784,1,42.65231602986657,610.1441849572334,17326.767555079783,947.6684279046203,887.8393471446909,111.38139796753546,800.4883051858251,14531.874910638206,247.63604505587972,610.739026577775,0.274975133915168,8.915495914882586,6.439562929842394,0,yes
290.77160651458064,244.32913462244144,151.19299888241295,222.4898674939034,0,31.03030938351555,686.9079094313197,18802.7846448981,934.266732585314,902.4739405153059,4.02900105955996,977.0991882218966,13584.496331328915,864.3944917783283,650.8879828419417,0.21300914768391924,9.668428721100994,6.370445830841689,0,yes
231.7870869919115,165.02292230304198,350.1815430154977,253.0319399138475,0,39.15889999853099,833.337482341292,18628.88169130392,903.1771140378894,200.36655057488724,774.556058025317,724.3097064452079,13616.195854046122,100.53210243362747,627.8823788334012,0.2207517821622574,9.609718387167831,5.982849312724299,0,yes
204.21653541451954,332.27843724235777,156.98682083043664,242.99941027398782,1,98.58668125651573,662.2745307745855,18063.27127774229,987.5827278383949,519.9255164071109,432.7225576705815,847.8778643687583,14971.366019407891,328.18114006292717,742.2962750680363,0.2549992260910517,9.300623764396043,6.677398651051863,0,yes
274.84300631820474,268.21297598296314,171.2332400528533,286.2170314535514,0,63.922548281061076,833.1609908106205,19144.136434840486,928.1756102547577,120.43404354509902,792.7077746510687,913.5839644566508,11563.746168415773,662.9936725416093,780.4244378631909,0.24143294718069436,9.870722572157991,5.474217806107127,0,yes
249.9453991784879,361.53404012197836,111.70914170530808,253.00517310861323,1,68.19110417801444,892.09077339028,19244.710646388226,994.7105955341642,503.99875195712445,442.47436141936623,980.7217977631931,10428.197131028011,508.325086467586,722.2884692898986,0.26160071593392975,9.94347827865477,4.981824736798924,0,yes
257.96843819167736,337.35757329996096,150.0576149799217,222.61541109781368,4,39.20615995952042,720.118909094889,19613.525983909763,933.5257455960043,764.7072649619221,196.78641277124666,787.2112531704807,14650.081455295873,858.5321020687911,685.1001595533777,0.2628931041944901,10.081004697512885,6.730415504323619,0,yes
242.40013359765368,389.53182763174175,260.67271080935086,229.80559061431916,0,90.99627253054837,628.7592891239435,15659.364754724693,958.109819698466,732.2670317830289,250.8894538576028,897.5557356560582,13577.137073482734,624.8946041181749,782.4591637570322,0.2958663548743454,8.087281817235855,6.267823043920155,0,yes
212.10903969714653,177.99523610605394,382.365312515325,299.8366001514353,4,88.44284405893453,638.3693563249215,18255.934411926155,934.6681725789452,349.0549261931554,641.2099430070145,890.2707932484126,12286.746085822851,631.02946683511,649.3071965691976,0.2614493234422619,9.384438935870444,5.734580477872169,0,yes
244.45876792947496,226.76511836114992,143.93869193925013,220.62136507273925,4,89.69471021267327,980.0958274287594,17550.892623386724,901.8004790795663,324.3821824159913,628.8489738226003,754.5034293566573,13447.449066055804,165.83769928348272,740.2438464380234,0.22167254583909593,9.103916039176848,5.96535254730727,0,yes
259.7155357213972,277.292738060939,260.2948271286392,293.46937452387806,1,43.34705303996536,976.4795994272141,18513.312499974956,950.1219555104537,49.3630515672195,932.7486984267473,845.5164080436339,11175.425723413622,546.2232202003529,674.9275571259345,0.26382685771386777,9.59090900679451,5.240461522912444,0,yes
204.71546351101173,131.3473322001373,264.75371842830384,252.49479991782815,1,40.52044783661348,847.4170229380532,18445.5468291725,921.1583515112446,124.8391314482411,776.0121035397111,906.4778938031808,13354.930010420023,848.8477459771647,760.2565929597092,0.19084169219027947,9.523671063740549,6.257824743459477,0,yes
297.21940691959935,360.1793129685454,391.67766316221224,246.80284812509296,1,85.99750711312794,636.4701601696398,18917.5373027838,951.3975383612071,635.4587796492931,277.4482782948229,812.2810667024312,14088.072980105288,852.2693418895839,784.1919332875224,0.3240358426268521,9.717124387876762,6.519608798394428,0,yes
219.56765539720223,195.96220391290905,246.5216878939619,294.3207362443819,0,58.27309809781883,930.8401451899704,17452.78674699865,942.3882544882357,767.9220447087353,190.21693483632782,796.2484042173822,12703.031156993919,253.65967775310628,761.5871529250016,0.22151252845451297,9.049112059293396,5.722925087090959,0,yes
212.83053779796788,137.98487263107293,106.69563136735026,294.5554295425753,0,51.96105852496964,701.9859769758813,15064.121935666295,974.7214751070542,244.8020650682328,739.0457459553234,983.0965776127896,13016.6401839998,718.2533113325075,743.1313866305107,0.1687593617155195,7.80798029706722,6.110042642796825,0,yes
224.00849302466017,378.69937353720667,232.151209379408,288.3756499222383,1,80.39504259726256,842.2148359334221,17445.896640879935,978.702848384248,228.3077694765694,685.782760583735,723.8470380169376,10532.975631676598,375.68482413753264,670.3789583363376,0.29788630970247487,9.030591733245874,4.856646671116616,0,yes
289.0529282911263,103.78455489304372,133.70342205646318,240.97608538639668,0,23.38810464318766,999.0883279095408,18242.70217001845,978.960422222541,295.16926718316256,679.4679117584797,988.7646481352181,10109.938455271284,587.0677431611225,720.3815628445466,0.1558124485783857,9.464804201063748,4.892865252015439,0,yes
220.1683557897773,100.95708482204536,245.1139283112814,260.32968843190383,0,86.667868022129,692.9181791009618,19351.67894693296,971.0577128564651,460.1505781589371,522.2496636437379,976.3492762257156,13302.659632803385,664.8511308967675,747.981323327044,0.18007663282429304,9.949259229485932,6.2008343622844215,0,yes
263.63247497196033,269.8980533807304,208.90866252534633,263.46645110773767,0,73.35028969004085,674.1506575963693,17971.518407315227,925.5162187791811,140.778450597311,767.495744832156,818.9291213338417,14015.661806265918,783.1321615905904,708.1450250506238,0.24485833791530245,9.248798702335122,6.454914245988223,0,yes
285.85718331226997,378.5560980534775,202.73068513424602,238.1296271859105,4,66.24809150341264,857.8375417950508,19738.997251089135,964.1484790730232,824.9217283507553,143.39945870412294,838.788611535587,10215.194592845899,166.43894215480853,637.4380286914377,0.29993943878097384,10.178648486143912,4.694940699412902,0,yes
283.8704992486695,222.5730019795824,163.8240716200467,215.0051772721145,4,28.549259949535024,861.6921036093213,16813.01824328833,960.4621801529717,773.0880707870494,159.28545308571654,867.8183404637667,11176.280036170212,187.11125343939034,686.2682407313782,0.22014984248202119,8.716019872983571,5.100719902886319,0,yes
277.1350320817876,249.87040116357514,245.15455776026167,249.35274416611452,4,28.999749001906217,751.4075116552017,19604.88276968221,952.9160541593392,403.02986769398484,513.5395103512187,731.8136452230245,14020.191467023627,752.4066907352329,775.3085278069757,0.2534080164237061,10.08626300775867,6.419638501317819,0,yes
223.02815872696394,297.1577872027806,285.6844229724277,228.31843494518353,4,63.25693320494315,625.0823260025215,17471.884431994094,932.0490035710231,701.2270761080994,282.107669535637,931.5833952769163,10768.8977448223,886.3879961327782,665.3993051734218,0.27368633250152585,8.989159421755248,5.2472603157258275,0,yes
297.8840256886115,256.34545404495816,135.6941326121992,208.48975514921798,1,87.84435694976335,767.8648907136953,18559.208244873786,902.8607724818658,613.2131735641119,340.6347175459264,718.8039024250345,10017.078192044848,481.4868310439882,742.1401412179686,0.22395948203343607,9.56021996525846,4.705520631571181,0,yes
252.44707732949485,106.87725803490027,388.11767829592566,242.82475915503795,0,53.3775260712298,800.3728924446509,15774.480774488075,966.3803108892237,471.319380106351,519.6887554171308,771.1375486392882,12174.824782788546,859.4821370695448,697.2778926448466,0.2074377522709106,8.183807427867373,5.739949065427991,0,yes
218.06887862020048,193.87795251136447,241.29098063889492,211.76618189473703,0,78.06298931281556,882.8969711590767,19914.921110113355,937.8683578950153,566.7781386732546,336.41968093055925,933.7235690001154,12087.854754936212,355.87225922086964,714.429402123545,0.2054205608639485,10.268655971085202,5.55894325861632,0,yes
252.352737796533,209.6020174256081,133.27728537584665,238.30152903610878,0,59.23291533880025,683.3000855806321,17869.01073459671,949.1816851187082,704.9731962545012,251.80344165133613,802.7581569674188,13347.05009552922,759.3526212920623,784.322897903117,0.19737904191428465,9.202798425136121,6.1882584663434255,0,yes
263.22769167481994,321.09138416866705,181.79169543706166,242.5213424980749,4,62.14802721162526,772.9449772455645,18472.19414647978,913.1914024801567,794.0476487051538,111.42476695617859,868.7386897273639,12600.677940933354,312.60361463621126,620.8813124957895,0.27026368135842316,9.519251565240285,5.708791980136954,0,yes
229.50224352482857,159.16678903982395,353.2566053488895,208.08551700226997,0,68.43467236015279,814.5124947428938,18618.725202937454,929.1148418821698,34.007880332767165,954.8447342058613,733.3576824143856,13469.167369739844,889.5017189126099,685.9059115348854,0.21342640109761496,9.603966110487494,6.252784442554877,0,yes
299.4868371801733,140.01516006648376,211.58114995878503,290.6511020788127,1,52.461871074581566,716.4396602132438,19887.650082821125,900.7588562958769,178.83560083134327,772.698584808824,852.4156820172882,14290.878875172079,462.3922298644419,727.1539441253342,0.2047917358803268,10.21277621319832,6.458542132847856,0,yes
286.8569479575923,138.1291855381543,114.84417219757889,227.83589461547325,0,65.15785224646069,855.3321973752155,19087.274845938937,920.8289834551877,438.7899496872258,519.8750695931369,827.6997551982255,12132.106888020175,135.38929881425491,631.8486452829958,0.1681222191922292,9.846272253387394,5.442787388430393,0,yes
280.04772079439886,100.19732438398307,318.21800654777934,265.0808040045128,0,79.58820921977158,610.2063876981574,17287.650174424864,913.0799191280707,24.270898692715246,899.5315864714145,971.4116117691449,14284.38658525742,683.6341978631757,623.9697117665851,0.20202504211871544,8.891210616317082,6.5746647620830805,0,yes
202.352131284204,263.04317449342,251.76243126946113,251.8297046500228,0,79.39696486107856,690.194739880294,16360.046161443852,996.9081982891759,445.8000303799539,520.238168535706,814.0816621810377,13459.574499332986,283.1789258545292,714.0788700360215,0.2413777118037465,8.456424465956111,6.039269753587511,0,yes
268.508316621151,263.9621800827032,147.08182994162485,217.21308158115932,0,56.45298112986225,888.7386721214615,19704.582435917928,968.5074101524245,748.8626422024121,171.0307960070238,936.5597567499199,14058.796096043561,708.2613139284865,755.6964631792762,0.21936069931153546,10.169027239968297,6.4971623918009875,0,yes
256.0696772423471,275.1923040616921,360.96546862717213,206.53511084743502,4,28.26641653060033,778.3186770212055,18233.94970230476,960.3807549229526,39.279543343393286,900.0471658201657,985.4029971729097,14519.88703684711,243.33720019665225,698.8841758311337,0.27537745490980076,9.40779930357216,6.51030366514526,0,yes
248.9354897200197,225.13823690266182,141.8167546939997,260.83433275914877,4,37.870316958390376,791.5016104552737,18748.212031822164,932.3934935260365,393.2451816988107,584.3430947595684,773.4073391027293,11530.887534117544,880.8306532444993,624.9613970014772,0.22269074857441581,9.664019243921144,5.4804713796189235,0,yes
205.61874131446046,172.72126933576968,383.5250861608383,298.7561409078392,0,86.12800328340525,735.853705663771,16900.773109604073,966.1678581632384,18.07951695842799,929.8906821063771,825.7375435477938,10800.431353840973,719.2458234646217,731.7617129701678,0.24224537238043672,8.732592385230419,5.154553614647005,0,yes
207.25045848797325,364.58389817073777,337.4730054427822,246.99742161141276,0,60.544202206805544,936.0013203547168,16635.948647945454,985.2122084123721,104.11495317413728,860.630888816158,713.6365602224786,11004.657652845837,388.0493691411309,762.7857786758225,0.29641749666434924,8.647779216156898,5.0653572700580884,0,yes
288.2960058672603,151.34447273539837,323.6116078849363,227.3012516209906,4,36.90909733049306,762.5556143115388,17061.63417811397,903.7274829769291,608.7887394227776,388.2201086162155,912.5530163808063,10253.67441715399,405.48229759680174,708.1898735693,0.22768643487332588,8.810372315923795,4.84872814456832,0,yes
225.6999529002077,193.27313514137495,227.13077265677708,284.46162647139624,0,69.72193408580793,929.6117689642607,15765.342071023617,975.5045295865905,283.2299570238018,672.2393478056074,990.7073803007287,10923.149262993655,876.4656888546964,788.6492883851951,0.21680057195354535,8.209672511414533,5.341121263657635,0,yes
233.96835139074597,106.67712766096221,300.9519699825137,246.8299950216466,1,72.78645720153546,844.5108083225439,18246.046115617413,932.7759143946869,791.3486909427542,199.27986064295123,776.9772848878,14592.982607836271,670.1106242076562,630.101701865609,0.19482984862915514,9.424857999341821,6.624926971567704,0,yes
206.31325944930012,242.11142235681805,123.71631538409031,286.1738315230198,4,23.723013296285274,768.7462452581976,17407.009677994178,927.3088893878424,64.43771229361312,919.8918062611124,819.0448956560781,10314.296315704352,459.42659715219077,616.5832131165172,0.22376623049106473,8.987657303174002,4.843367344673311,0,yes
264.3351890569438,163.75453979196425,289.45334345182226,271.3028160171533,1,95.31985615891409,912.6229073312231,19560.746254813283,946.1631965321675,295.3997858847478,680.5697538776087,898.4459447879456,12644.090216375891,539.8088375178481,714.2673300305439,0.22692878446958867,10.09945638741907,5.85087038240358,0,yes
228.15640061855973,248.67668195865244,213.31209608464872,210.33955597198124,1,95.05393412363603,877.9197331805092,15031.787093785877,984.8536455139407,808.5244713899541,183.43292294503397,850.1700805755714,12941.525761318278,705.9175450439352,665.3701391096881,0.2288695652253323,7.832440132822047,6.012749137096875,0,yes
257.33300812416167,212.9402905121408,184.458056824364,220.49940163525244,1,57.86957965758901,717.1563310747948,19560.75548054606,970.7750883689284,887.3922927841517,31.982288769126285,934.8658508526638,10923.588918731737,854.7137451371874,715.6477766154649,0.2098485682297825,10.059092341599321,5.295600527302498,0,yes
244.05884152593075,200.9808090066578,257.5077806244701,270.36735044849377,4,85.15845774840889,919.3246752537796,19488.92764009445,957.9487990817956,706.970211108885,287.3181320187837,898.4336780197368,11952.659703052248,786.1889936337482,677.4686107399963,0.2434008109440593,10.066695493231423,5.670530162093118,0,yes
218.46126559693502,393.7887572093752,111.37780113357414,231.0018052859942,0,52.31133574458097,853.8454492574017,18529.965124645496,909.8687927418969,557.498029283767,395.4252583370836,868.272075869692,10110.76357882398,454.4451766913451,703.0195728107893,0.26006148942265916,9.565784659684798,4.786659719748109,0,yes
272.93983382132365,394.76918461495666,349.4485320473609,228.8866492761879,4,55.55978308046971,925.1982592326285,17187.404315036205,936.1915427855612,317.2055997274106,637.5498087688013,851.1621248480092,14480.714517166442,640.6268746570993,625.9582053889478,0.33094020646909095,8.91428214512139,6.5924020450340945,0,yes
240.75897681958025,368.6227877995569,107.57479756896683,246.44300026149938,4,60.15735783142762,982.3003112418305,19080.615899798344,947.4393421856514,31.864506420296014,886.4544566437713,764.2697651126439,13922.11701421982,735.9782005154125,770.5985433020611,0.2721256637107612,9.87553397483054,6.3864307626588035,0,yes
214.87332272340493,166.92494510251603,382.02452673224843,280.9911888241283,0,46.88884435914168,870.4177523176586,16892.66453035655,953.6559085222705,788.474915941816,194.96875828634177,857.4011445809653,10529.366687429265,830.7174586715962,623.4315948199164,0.23230864066542825,8.756875232505468,5.0940257555413195,0,yes
219.43822090002243,171.04049726656143,359.7151994019037,241.59282349399717,0,29.348023074755567,704.6672063341988,19126.84519298558,973.6166848036263,506.19002775312646,415.3813898200647,939.6561205161769,13278.68471999157,439.63425354297544,724.5551714780817,0.2199850769304537,9.839779122199644,6.075002293085655,0,yes
295.3223290955447,358.0971687720737,198.788148037123,298.51099450337887,1,70.64505114148629,675.0826649640433,16502.293161879923,951.6669566624199,242.52084079398907,710.8524270523983,721.9923564554484,10748.77909381289,894.8812670117096,764.9374942499055,0.29279582137707955,8.517979680987208,5.167800372635023,0,yes
253.79826558319283,195.1276739740369,296.51137612925106,220.121390100478,1,65.09106517748796,961.0965008331976,18685.65614823449,979.6563871606988,219.86740195860128,712.9562383514171,899.387835682596,10615.276226845668,455.9866514097768,653.1864617007409,0.2255193362346552,9.677615612691481,4.992211220481752,0,yes
218.35246965233688,330.29410233721904,217.42249390648163,250.38980101807786,0,45.524453223372475,641.1131619005508,17953.031688445575,904.8440214042026,949.4405109131839,26.965681122131514,748.6825691120877,14679.174026087247,208.89355687317783,705.0295286566077,0.2588833623129942,9.22950704528881,6.471472294534855,0,yes
242.46357272076344,258.6145108213269,106.58407095122433,246.0446279100208,4,91.2496869451296,623.736961155599,18009.572543721075,969.0116564299466,578.6971329905209,381.68832325146263,834.3666166385237,13327.05921297958,887.2431975933428,772.3614873025806,0.23196939716162987,9.262795638149992,6.24296227445582,0,yes
203.36912492037322,374.5443757845494,377.048572118048,284.08527859656806,1,28.53029707806276,974.5039536951715,19191.120461295817,936.8914276355849,632.483369839719,342.3235905304641,874.7190217232184,13012.803638650665,827.5732295350272,705.0545135126969,0.3152207872601222,9.927540100544253,6.102592796093539,0,yes
283.71278581518175,253.88838819235013,276.0615628018812,211.19692646094165,1,83.38331188952188,872.6989935822771,19487.56716595075,955.2738499199241,433.0190932890769,471.8030412624701,723.790494366721,13586.46042667271,673.5049040576791,659.7072778954864,0.2492348192248258,10.055064773104602,6.194479470185531,0,yes
254.86870038111059,104.28407799683357,274.28662044963687,235.61697360810027,1,34.454348374084,698.5380604325308,19236.55235562097,918.9975346966671,543.6296873417263,431.19666281674847,873.105625992072,14202.827464435792,217.79477569636737,777.9829637823511,0.18412054605849865,9.88577645266949,6.34372912061508,0,yes
259.0413262129137,132.9907124441742,107.9034044303372,296.49544036632335,0,53.293691397781735,860.3887735202795,17190.08542748702,953.3689099390382,121.33003216651339,843.2981461256428,779.771978903891,13384.5073816907,101.66993600218035,689.2362520585318,0.17339790790388715,8.903282467638856,5.919442321305149,0,yes
229.92460255509704,118.59162399620652,207.95826834260845,238.80351832686853,4,73.6941199659176,813.7525088368875,18060.794461602803,907.1503350918088,708.0406383149331,204.40042108051728,961.0293739901525,13400.217253922223,342.551690728107,663.5908420075676,0.19099487188569336,9.3218275268929,6.08404607986604,0,yes
267.2903520209958,197.1802966291024,348.5167247193085,248.04619734275005,0,53.19404285693906,792.8620572766511,17497.782647963424,944.6653190725424,109.39153246530995,875.8235112129177,809.9536409668301,13982.80618179089,267.4444596779068,682.3572290569285,0.2385377529993098,9.04079224753026,6.239084213185992,0,yes
222.6886905850518,173.16400719352856,134.70259236493067,245.71111531435847,1,46.48662528183529,822.0810371163698,19930.59451063491,910.6514693172396,942.2915586446954,4.1609718096992765,954.5007672709321,14351.4322125499,781.8071965838153,633.4032881196904,0.18322007153107425,10.25907019413653,6.638327622779028,0,yes
250.0475811523464,218.25836368384228,356.23985307349255,235.71345026554405,1,67.94925805536603,628.853567364934,19791.198074165964,908.693733385694,206.12460926525588,715.6505579333672,747.9148536825234,12969.09191801505,102.14175338737199,668.1067552542125,0.24972075797825602,10.146442892641288,5.732055206245427,0,yes
208.06642846565668,203.94256265826556,240.54312089212794,225.5814588335335,1,65.02345802842854,651.0740481903199,19756.606634426153,928.1218398464961,569.6364403330493,361.19485441936854,978.1380190727534,11042.155223311554,390.0765969926976,709.8182336106119,0.21315786746563742,10.136650838944448,5.17527899359528,0,yes
266.13012231410744,103.66351081289733,303.2466895953512,235.850961440847,1,65.37728469498903,864.338959912593,19710.589490354083,965.1940457928938,671.5078027950565,244.56400731312613,965.3528916732168,14255.622992138866,189.88092874212504,701.0180559858256,0.19502268169589637,10.166055214344846,6.372291744210222,0,yes
233.2077023476443,383.2375460761427,179.40096150325348,287.5571709247147,1,65.89986685519821,647.1383634473025,15896.396501263796,944.0102660582538,106.76391484917117,833.255392432387,804.9612997114328,10074.730545723942,874.5484435228472,714.7909674444618,0.2883273412691146,8.207865967984844,4.914744781339197,0,yes
217.91730727650778,293.013089635587,204.28332862448482,236.9431047308351,1,46.01065144465791,824.6598146536231,19502.71585562287,938.4704783514529,347.3493542298045,586.4929671815081,755.6713625658551,10380.408519802497,594.6141604719012,762.6938969381064,0.24265995328902462,10.049516998345311,4.910834765516276,0,yes
298.8180020132494,365.5679543645018,382.51940015284885,258.47460971986266,4,59.65729547548102,925.2059643822101,15883.860961164355,961.5114265518911,500.23994325415697,418.73739224975986,867.6690118117583,11605.195378042215,807.7441071146599,796.2482886168403,0.3355848947061716,8.26599440022151,5.533244871432867,0,yes
292.59242525091037,137.63309664065065,357.4556275449674,226.97694093901788,1,95.10068758178974,898.2928950100161,19057.360943300348,988.1168385193052,292.8142769255499,655.9190512405578,934.0707457217342,13485.96715329183,870.2507835450723,665.5518959593492,0.22476617059598902,9.850296328751753,6.323873543049498,0,yes
200.61406105784334,190.04053809681307,366.89359340140214,229.91089923434123,1,63.9885192514936,913.1051129645589,15617.522590715625,918.1289055086246,731.481654522663,225.20864198442575,816.2731598166464,14483.380574912213,273.3581178224747,647.7945720706241,0.23266257005611324,8.124111145628039,6.4357287330145345,0,yes
235.5118045755019,286.397834903251,152.25416045367888,252.69517144668953,1,31.661522834792947,980.1401099460688,16279.340016341737,940.9681441477327,624.841683354888,329.1975170781799,873.1637893072776,12071.199401908194,234.9325029737451,616.2093323913977,0.23317724464018855,8.473508567675847,5.473747381656893,0,yes
272.257781163082,316.3008139372308,308.0121889754548,202.76678941144985,1,61.12429134127269,979.7733585274648,19845.177418444076,992.9641082529627,106.40497274196838,884.811992275153,840.3816256632892,12858.892652308401,715.1809924794825,688.2474501681352,0.2746547685285095,10.263519015005286,5.982392051677159,0,yes
270.4382574617201,323.15534972931107,256.60695810073344,262.85337076258816,4,64.72729362607345,848.1064646787696,15405.555250108537,955.8540928323201,440.59800613765447,547.3815367383468,979.8053710339739,14179.114896385847,407.9858366199276,675.2135441654747,0.2913554788389503,8.00859259026311,6.441208177961906,0,yes
222.13366946253902,319.4815248803344,282.14210920588914,254.59021142990088,0,58.04881163474563,680.4143107037796,18662.00885963449,932.7102583460077,59.45954217632325,911.0737405975766,841.8539174793891,11926.609714506098,221.24021987814518,633.5154204995629,0.2703940541771826,9.596402665757935,5.402445717660882,0,yes
243.18642545652713,338.70708277642785,152.60828925546386,210.60984768395608,1,53.61935090025928,828.4323345040659,16976.835414347108,992.9470977474143,748.0140451779894,210.25939736892576,748.5820159472066,10447.082936648629,578.9321748577613,686.609289346729,0.24948440835097888,8.794939514902461,4.921679341049664,0,yes
251.80571071652105,151.75601613051418,276.7759330850638,244.9093065623291,4,49.74632994061687,671.0048162854592,18992.804818287987,994.1287424601254,866.3902061925951,65.34963576628547,947.3776277512402,11306.15754417681,171.37786276762517,660.8706163084495,0.21900028229907745,9.768209359308399,5.17477552785283,0,yes
298.57160257636076,248.9088761784698,231.72754158734494,294.9594227324155,1,87.08021478198776,732.436192062798,18387.239972276806,924.7428869337732,98.93926872507994,843.9602953005674,745.5932436757233,13961.78857153474,267.4049661216727,743.4265456935304,0.25747653509814933,9.469377187839994,6.207153014408476,0,yes
214.59747509173815,282.6958714693733,279.806435276887,214.8451843472074,0,81.85656924538924,779.3838661153428,19476.59663186787,949.8043883068566,93.62887248298155,893.0404537841906,996.8014299104018,14386.935230604748,724.0021807393426,612.5712151325438,0.24930538554653378,10.027903479259432,6.649156440769009,0,yes
204.11428601927736,313.28310360538705,238.40149227597246,263.1381946270821,0,55.64619118171738,944.134892356393,18035.380173027745,960.8689351621284,473.2364230559139,459.31516222100385,826.1183176625896,10025.899717023502,440.2317075874782,775.0176860265692,0.2582995701950433,9.345992392667412,4.7369227088691614,0,yes
218.96204573504215,398.4904902846543,183.65944990214092,285.57850285777585,1,56.96893910748681,896.5858558081893,18616.793889942528,948.1310966592882,110.10825182305874,866.2963944991149,882.1169603009349,11293.142504238762,107.56395724731833,705.8577288752081,0.2919625441469191,9.624105379566954,5.130010747312875,0,yes
217.34982905944835,121.82953628921481,202.89736108597947,268.500657352751,0,59.66934087618629,655.2678065975498,15564.835115585878,912.1872157877112,904.9018712169873,58.13666805796993,995.085914676418,12800.337541958346,538.022118277953,677.4387706417448,0.17786608039166393,8.039501943349316,5.944668580898764,0,yes
283.89282603972697,296.4599091467924,225.82879147030246,274.5487286719681,4,85.58057702391122,964.7592377089113,19335.51489498996,930.1611134980577,853.1927118343006,65.2230981570475,849.1273321887703,13815.851885828986,864.1026510062213,726.1574233028645,0.28118635019533794,9.996571755935525,6.423225569421191,0,yes
225.1893673338287,338.3342467304413,236.3514635614568,211.3677251618638,0,36.015147024149805,741.6778857387053,17450.570127571922,921.2588848612259,82.30955080141284,872.039992976457,700.5655454381988,13985.259796978495,518.9351579012482,619.880326201658,0.25774896139599557,9.002608656867578,6.284455177380681,0,yes
293.24817386420295,219.2891277522196,174.35500516144316,228.35572615594506,1,79.18909392401793,954.8363137906333,15139.774512630873,957.9000759179155,484.7504267599828,497.35748340135285,740.6109928404607,13371.784346034485,516.6949128824083,627.6746474978902,0.21916630776239915,7.900233611974835,6.059037139924024,0,yes
248.76211555689287,362.4404575202744,239.71151494170633,287.0812186155332,0,53.96029660620768,940.156444925709,17897.450744489262,940.1056052235599,375.7329949341272,596.7104684876166,761.2085905208698,14505.0402467341,812.3781564097619,685.439642482221,0.2884403970494394,9.273260531577675,6.645092293437213,0,yes
288.6552621968374,133.89773555733203,100.35219680682104,265.9422739367848,1,46.3624313806106,691.7653795049048,17954.66787898771,955.7636830958207,562.6355298357454,372.3747912422265,856.4571855816332,14345.732574245969,684.6287836244006,613.2404010045942,0.1730177257027062,9.248391156153408,6.553754364397905,0,yes
245.79159794701894,311.52536977622117,243.36639257857132,234.1106228429243,4,30.87271647256295,972.5978985378104,18940.919977364276,969.4120686507216,631.3739687183461,311.99978177632295,955.5151358513951,10870.73208574215,176.0740438757722,703.7119696691507,0.2709338713694378,9.806477070858136,5.012974157400426,0,yes
295.40811909681565,175.54646682498208,253.30025493377056,227.00797766431302,4,73.4171315145202,745.1560416006248,16058.155727752363,958.4660579543972,545.0913065119902,401.92126831094834,976.4941041241929,11798.249253522863,827.997341279876,692.5377044977496,0.22873676101990856,8.312279358569391,5.652168039210759,0,yes
277.2504829098676,383.03296123436024,350.25151120911653,257.42441586825356,1,21.3534021063547,826.8202464628648,18944.698870676584,980.8298778251677,925.7560744645947,12.595411257586647,762.5805018785302,12586.315465962229,322.53989417214666,766.6358559921953,0.3163604551740195,9.776830729430124,5.688275192742603,0,yes
219.9381536339032,183.59751072329732,245.88488091033486,290.18099635087043,0,69.63188325151796,735.7715881740571,18159.007642403358,908.8914212072955,633.4590155778039,364.42922927662687,812.8042045834344,11681.275825594392,540.0208986840562,677.1268613320539,0.21708608748536604,9.353831301166688,5.429712371033654,0,yes
249.0351848594879,211.78002110863304,293.42626593352026,208.60771755707208,4,95.12889176968127,958.387577008662,17340.218825537413,936.9301757289545,148.06146691579917,847.9022237319089,873.112405269475,13103.70551058682,333.61148520820257,736.7905245187517,0.24443530691602228,8.998387853574457,5.947856716924989,0,yes
263.05641216791196,315.2593529385108,284.41993427851185,205.69012627664506,0,55.79216739841817,895.8201451065181,19775.429595403835,925.4843805571049,325.5900987792584,644.775021624188,763.9844107873977,14099.234208493068,774.8860896581108,640.2204912002044,0.2642696266530975,10.200142094403361,6.462660070998061,0,yes
219.78085745777238,246.69859623116216,393.897634496684,244.33310357473792,4,45.55434681053128,991.5631628270411,15251.74627568839,965.9815996664996,569.8725182636053,343.8528376893155,935.1910867689319,11942.54881328161,391.9994730106322,615.4858858510496,0.2757129551831606,7.9657922555468845,5.504302008582461,0,yes
258.9787949273447,163.4185667631258,339.85254996840615,293.12602052543025,0,98.35847170632191,727.8487644019381,18896.630425730935,989.1707294925736,59.98770670594459,882.4903277165453,798.7947275945314,11102.876092231221,116.1001410197291,712.8238697245453,0.23694340147365162,9.73193409784408,5.0202346434836445,0,yes
289.44923460025973,119.25730194774027,134.80321066468048,259.87556056825514,4,91.6584008869065,960.1037814469241,15172.715821592554,915.9144532085119,665.8219182344575,251.61147337513614,906.5770434306194,12603.40874967137,781.9326424322755,734.2074255009761,0.19063384510090908,7.912152621465517,5.929292627930169,0,yes
263.0941226806568,338.20653394737775,158.78720723143476,284.98991678975324,1,76.91269286293978,729.6444636726258,15443.296152647816,908.761492173998,257.06766189862947,659.0041623136894,947.1541494064667,12143.568232961083,745.0843013976329,772.3780399489932,0.2708419299659603,7.994604088643283,5.7517375394578245,0,yes
205.36060757688062,289.894529726304,352.41961837876465,230.85464917526144,0,26.00838614260138,959.7676282688246,15605.21119647002,937.592863090925,808.4676799920188,155.13474528683548,744.6708743220828,14146.105253511923,322.17109868081576,766.0267533105922,0.2617232877642268,8.131291924568046,6.308272701743377,0,yes
291.7181968158462,249.68563237026595,351.34041400378817,260.84461087608685,0,49.77673296805982,846.8580504122324,16680.527484493217,980.1573509707357,485.78899305341025,432.8903772166198,721.2555711114609,14314.732362808787,401.0803065341108,680.7921594274021,0.2653282634182395,8.649152666919141,6.380467509765891,0,yes
286.3507009221054,238.40645456298614,342.18428683822503,204.52532255774074,1,40.553566606558704,940.6908654974688,19230.11362759899,986.2699067515907,716.5468372583355,223.540155626436,735.8412429852175,14296.872168571377,421.9948017501497,716.8601890305737,0.24988216608546115,9.946080956931736,6.395214876541516,0,yes
260.75451943239386,263.61756348776396,283.86847529722127,220.96385176907512,4,23.879718564442925,893.1299250853247,15253.140121125656,964.930833763933,704.7082780388083,249.0042754740682,908.8373153918983,14209.056779874014,566.1664709604587,694.636417240265,0.2582552342398195,7.943808182482643,6.4858943400534645,0,yes
270.1362818995166,201.57813057113643,278.9089252702918,261.779887422823,1,88.20397120273688,798.1119157790056,16811.177227847573,902.6156942431039,471.84622029028236,433.1639365382785,782.270509716887,10649.283329649532,356.12317501206417,695.0494214638966,0.2378839484814104,8.692905346399035,4.920722226249407,0,yes
216.36409156169333,293.3608115283673,177.4986383756682,273.92622208809223,4,68.46341499061484,804.6940603953144,16536.85907799772,916.6379453453168,92.06193516440493,873.5337067782448,732.3560998319872,10701.556874191592,691.0604105550298,747.1351883879667,0.2594650551893303,8.559130248546884,5.070844797591384,0,yes
296.9592106991083,304.7990647478593,265.0420824248472,283.2331453185493,1,40.97374186045387,906.6138692220588,15082.223530768078,923.3681385319443,459.16141011553253,525.2405649918319,827.0412744311781,10037.29854550471,132.51633774757494,658.7085121512241,0.2781495040104729,7.855701364446793,4.61052467352137,0,yes
247.9091690299588,293.78594727825,213.55005033401142,218.88781957584203,1,33.64772230429651,929.4801862083126,15986.07900175065,993.5600666474327,805.6595506301846,149.47742793160046,735.0866885596059,14899.968756038636,498.83384010399965,690.6409445984144,0.2434467352580114,8.32251155546922,6.665495304458301,0,yes
239.14977048026248,177.65987240352274,310.4343502772557,223.90375183534627,1,48.54452432710437,802.2771935227706,15220.762814502566,958.228548809956,226.97123770390587,713.615017753082,819.3448085707862,13651.193891509902,176.94380557642592,686.039971090238,0.21814144718566597,7.906249647639268,6.068325784418745,0,yes
286.85558131456196,159.7746810866089,203.2430366997113,261.64552371748937,0,34.55107967551159,789.0285137352259,17300.392870946605,900.9185961612701,166.02391234709503,765.1917573335827,711.9416814906253,12395.406548017245,666.8712541014395,658.6005107149756,0.19737480921566858,8.935256082519189,5.714128374890166,0,yes
255.3107044410799,214.16683929976375,339.1914728709164,258.84064902896876,4,99.45204699661285,647.7770744662539,17851.965571791945,972.529015805609,565.0566176868175,359.97966267533207,900.998428752974,12709.41069076525,288.70757903685535,652.0279063276591,0.26592700903593286,9.18971925303061,5.762378828151535,0,yes
230.037295453442,296.99867553433097,156.77361211337586,209.79423497522208,1,91.32593247477551,737.7323259982122,18611.17720349787,956.7699939112695,407.8235195295669,558.1391079973773,870.5267358967831,10293.793184813027,787.1964873451651,777.5405201267478,0.23655031417232156,9.586914117771622,5.005561344400207,0,yes
275.25039736641594,100.68346786096605,304.47778970881956,291.23837638462066,0,40.06947274214008,935.5390382167411,17301.561541970907,946.4707418317863,861.8005708749363,136.10787941427657,743.3915200695357,11614.143290587199,489.68666330474963,765.1673500459196,0.19912762138448792,8.97513424133726,5.366615620138426,0,yes
249.33885899521505,207.43968525077213,217.48373281045224,287.7169390804771,0,26.947111191157084,892.77045664799,17900.572477963266,970.3290930870783,254.71044785982923,656.628751483682,901.8384615030653,10000.443334343474,379.0612577290765,701.5714894311707,0.2187994513018314,9.268187951477213,4.719912731537747,0,yes
223.68912753157082,312.96640369992565,378.25632004734734,259.03029513235833,0,79.01751276892863,960.2141371504703,15792.57495798761,917.857491254337,464.06208939858186,444.5354387529559,758.8960746141754,14095.232265840556,859.5306356026423,689.6975479166799,0.2907315270667139,8.222373144206706,6.490899086260556,0,yes
214.68955760848644,174.2138719070793,265.2373925996959,285.73759932940544,1,30.18278856874843,727.4547345494852,17415.487504313493,902.9908931720059,752.4773363120795,210.81238089068938,977.1897802372515,12994.469885082857,485.80847014970925,764.6455821144607,0.2146932111698834,8.979429049486317,6.005853940838614,0,yes
233.95247299499445,392.85763749803374,314.63469215107176,219.3989988579067,1,84.52363835423891,693.6308653066905,19905.428784242205,930.9143258775964,715.1408008791507,219.4261293102271,778.7562250801946,12132.04695906804,127.61419392126516,798.169762610932,0.3080262319226461,10.220767579194241,5.438760663910554,0,yes
218.7430338728709,324.7131849556047,133.04975226156148,286.85038128999906,4,44.258043521451526,804.547656335211,16526.723590234855,904.0674822775055,875.944306122326,63.01946342462452,815.4639495090768,12647.415068090892,448.6406557070391,631.1433980826093,0.2629587015303718,8.552313550449407,5.766515243249517,0,yes
205.9293787879632,144.97551839718903,274.62000631266153,205.71223058060383,1,37.481088797174976,953.8361710923679,18274.833847641294,991.1364893699939,354.95918034895027,613.8235103696384,897.7052091352285,10230.928631495164,593.7387293591488,660.486489122305,0.18868089744768896,9.472127760343133,4.898804758459076,0,yes
295.8522672197133,235.3642826891525,210.48048990231175,298.52105594205585,1,88.30591520159555,749.0043326634641,15191.376201658613,975.6241941649943,618.8056488901641,307.40195751087083,813.3964114098111,12633.040035339169,642.9856732200229,779.9480955562465,0.248331038610166,7.882109750227788,5.855580492178777,0,yes
260.6092558791665,358.5801282500837,277.66525045387675,293.7877518557218,4,29.18366863148993,850.9259558119855,15557.167498455465,962.8984661636925,808.4369196358415,101.3462506969529,912.9396689261682,11411.711584761137,743.2146387874216,706.4616953425952,0.3102125783426064,8.086004137771937,5.434955005294075,0,yes
262.17392190814957,296.55573206235454,144.21963376930336,202.0483889069701,4,74.48537817511153,683.0533481053261,15792.737588706723,970.6141177652019,281.9374369811236,689.3671621390058,962.317321583833,12930.609902323453,630.4921586069477,678.3464093606699,0.24625816434923392,8.167561589211164,6.021918365315464,0,yes
229.6499526484966,292.77064002477397,240.0914388860065,225.57325670734159,0,42.41830787081206,727.4573734775312,19499.281491295435,925.8887256689612,498.69667554791937,488.18361167482857,993.263752519096,14138.952837675144,649.620189103135,681.408623883619,0.24448079223344318,10.024455246233234,6.527843064292202,0,yes
255.64916646298346,316.24488989895013,341.39088381954474,215.05161197063924,1,37.000266792073255,749.6412402602357,15617.662550993899,902.3679877341339,528.0083143620425,440.6186331571794,844.5320114436165,11696.784714391186,232.12498494759117,714.4233259297132,0.2786313307134635,8.085337813703905,5.3263152500346,0,yes
281.51460827990786,150.01531144433085,157.9176971889103,248.07258140563593,4,22.088458293270506,744.2454507920295,17560.151485566905,957.3127158903757,866.7413752110041,39.89069591553539,852.4088763602977,14307.882252189536,701.7119495487933,661.2834806678001,0.1954486349063367,9.062916798771619,6.546232121804607,0,yes
211.45664614384202,373.1088920323102,300.68402341836133,271.4013347894562,4,49.48934697176164,891.2963517371431,15195.185531349905,927.7645647066026,478.4803346783085,517.6758256280966,835.3871805052834,11803.0877985518,203.22700564237897,645.9871100493598,0.31249172812774956,7.909306092028935,5.348425109136108,0,yes
294.4160428533499,281.59096393482963,242.06480273127158,260.8968338442143,4,47.02409791965274,766.995300521148,19555.997784024763,975.9652665934465,662.6936810764648,240.18752312836546,759.661974128061,14637.730102564707,630.4978633671163,719.4579149376023,0.27224164355299124,10.06845774721862,6.619740906693664,0,yes
265.2094115253612,158.71303711667102,273.26665476201447,279.08020516580217,1,94.69398617540438,906.1686750666455,16809.100391624885,973.854579566749,464.3192079612358,483.1603916036116,700.3534527450722,14984.726443586784,839.0716182910006,671.5042928240072,0.22326222590858322,8.725981644187698,6.818028270020675,0,yes
220.3132616711877,380.4680478162122,327.1953902550689,203.20337434507115,1,64.210086919748,841.2698044788026,18306.597110762097,900.785548664592,281.93325715398134,648.8728715182289,701.8015406569365,12534.558224337732,670.927664362738,702.388881352167,0.2980666189839999,9.450031894481274,5.773061489138329,0,yes
231.05389433954983,258.74639739321015,332.9567136057229,222.7662036143423,4,65.22524715365272,836.0226825481086,18795.356068361918,944.7682448112869,677.0027523052042,301.1269620579599,887.7458740261836,11122.036471365867,310.2728113004007,636.8836742268237,0.2679269275388762,9.699251429182894,5.136076754977915,0,yes
241.165942069555,321.3798205030159,103.69067954668584,236.12392899825974,4,71.43524375623159,859.5068882825065,19201.45407975431,927.5977192580433,792.0937572424112,159.09192094162154,875.3031443948921,10128.907723697363,738.9700422838118,708.2792992297735,0.25185710202295974,9.905229379814726,4.9109951703875465,0,yes
237.05128082973604,114.23756781104166,187.6943917836486,244.31983831650436,1,83.36156518223353,916.4185833474662,17402.252471826985,944.1958952944212,226.32701445188155,736.0638239693451,742.8667809503265,11688.785511908656,793.5282194823056,679.9736052112364,0.1764197268879811,9.020803503463542,5.501606708440949,0,yes
226.59463010445623,399.80292742632173,261.8785436745886,268.5906700750006,1,40.85351036254905,817.3450915984768,16992.91841269984,970.370838566718,576.2373716031119,371.36358116559484,825.3257266786513,12748.351916039373,793.4375827495332,656.5380435104031,0.30367201698492857,8.797371591031624,5.953265442675403,0,yes
239.030912577724,168.38850825313384,258.5481299328536,232.79070397198768,1,66.79289977573185,601.3207710018501,17693.325186443977,942.1408036923467,911.0044472447731,3.9188571756569672,934.1862715981252,11927.444820581764,462.06335873841306,780.5001275789546,0.208111944804049,9.096098571902212,5.547819563026493,0,yes
200.17090117785645,360.6865884792597,352.85390582325226,217.40025123803485,0,61.03847756964932,638.6607846274894,17817.154934039452,970.4525782401541,155.4252166046998,810.5691588921086,732.6322240620799,11806.363200919177,196.4585800336777,742.5967578956547,0.2911841564634669,9.170037653295621,5.314489340906496,0,yes
217.1078667880423,397.3216795402393,391.26397854155255,206.26981547960145,4,49.452293312788306,761.7133113553721,15811.584317927993,974.7809871845685,648.6710754859835,298.1655525253068,985.727465126638,13579.511482142163,371.0860367879593,770.5615349002758,0.327975254420525,8.194914714904694,6.195919602749529,0,yes
212.55975031201368,192.92151215684885,255.29085681442027,265.3801493097766,0,57.64083902800963,622.0334826433464,17350.956701984775,967.6517146227081,201.54453029356867,790.939449316121,940.0432568276196,10058.740781693385,289.9141662058437,647.2377221444249,0.21529778007436523,8.932929183021576,4.7268778334587775,0,yes
239.91105657834763,247.5201160105965,208.84779673659241,255.1061905359008,1,64.93172048122142,720.6412135660368,15778.468124043393,926.531267140655,534.7001758613134,372.2839353768585,877.6586342771259,11596.48898354144,650.0438928041025,710.5696063154707,0.2341648662455362,8.162632485656024,5.457645896736617,0,yes
229.14927060104992,321.14574742962157,346.3257953094687,274.5348068373703,1,84.12030690019421,613.6773817551917,17610.51256622535,996.8199282324556,682.2584943708762,245.60966268754385,885.3680184229326,13424.48311889547,453.4500884900631,685.5060179285546,0.2960493447921899,9.064927242959753,6.1128387751621815,0,yes
253.37675574581306,361.92692660154097,225.1403735684063,272.8806369600327,4,83.81262541958276,666.4688256876998,18830.85451578354,998.0679839837202,471.013321226553,468.5680465417927,768.2657490427704,13324.034081148615,136.55319296171598,611.0718073537207,0.3028172950309171,9.686787840787227,5.890912557637226,0,yes
223.90563539394194,322.2441266584971,174.85802971485276,247.70001110171256,0,44.84060971235387,638.1428733133502,19643.503722363617,924.2988988940295,934.2925658800954,14.803631489613963,780.0962701913963,10436.166104560345,480.6803035690569,612.969974233552,0.24722777979180585,10.076753412006981,4.879703394612728,0,yes
251.5631569140016,315.94659752165165,193.3799675008666,216.10447197748755,4,95.19149236291226,819.9735609607546,16971.251019821386,984.5031584923553,750.2184484888577,228.1362748646808,810.1097993066684,14453.295045990553,321.5932022209074,631.7187497557327,0.26791954908408644,8.789080979860984,6.441409520290017,0,yes
235.520451097044,268.4900849206898,147.34077807723608,284.6411409273576,1,28.211375142915625,812.111658348908,15522.26911351949,902.6549597200313,590.696422453079,353.9643607088515,809.6910918993794,10671.458401753276,626.157304110105,717.467000927718,0.23098815785313964,8.051584630070561,5.056962803635529,0,yes
248.27712470081792,245.1281647191489,379.5780105651777,291.3246889516028,0,94.40375874659283,773.337808225419,18924.912460842686,932.4928675559171,205.74271477109258,730.1152055114063,765.33348709072,10816.227485211528,377.08897585678864,689.0854029830931,0.2753612595090734,9.74833941556397,4.992544942528366,0,yes
216.69304864338733,267.2588695306457,233.75879965623957,294.401138806531,0,94.05382022536506,756.2979988711819,18779.068872937045,977.3953479029841,146.50006897895423,758.404392369454,896.5691841001712,11402.159800450543,602.5814459880023,768.6012974062739,0.2516307229553623,9.677817267054976,5.375910789941719,0,yes
227.1089116967572,234.1351894933809,314.5433433816773,212.91901934949473,0,78.27651036187665,983.3994983077823,17694.763187577195,980.0371014544008,494.35559020630023,501.73892328726606,794.6002396719504,14433.83257088768,536.6935241642158,627.6737085570896,0.2375729217619178,9.187357365131014,6.515390324900009,0,yes
265.3695447279464,129.11653985188343,210.69818157216264,200.47435124210375,0,67.85049604859263,768.6292970203565,17581.270211662766,941.2589740688477,176.5499211071244,799.6971140472114,891.9365628611106,14410.58010399354,831.0435762182899,713.184190889811,0.1758335524422876,9.076674754342442,6.671251656986133,0,yes
222.72348192915396,303.30036707106217,395.26826922967945,220.1980681211673,4,90.62951932673562,755.3678187425222,16842.368713561526,971.0904624526788,826.0262363370313,94.41954365878644,831.0702416551774,14813.314514687445,299.8656022450766,615.2415352564235,0.29983935771079484,8.708389550490251,6.574993205114729,0,yes
252.71118287597236,202.10514210168927,384.1913220223335,279.09861925870814,4,43.70461318733284,917.9390462399804,19491.14648351744,922.3605934891691,79.29545769066515,841.1322477883921,708.0285529606739,13415.966996770136,559.7598548757634,634.3833059246001,0.2668159872587411,10.062602920981695,6.0732933002348215,0,yes
271.7737273062631,203.50364736861337,281.91771707954814,229.75662149215418,0,57.377030431864604,768.5792852882655,15894.275942871274,947.7960256632211,12.162803281936108,940.7369678659863,975.8529091979592,13965.239363620913,485.8546049232111,703.2410923129958,0.22518264160698245,8.234064778962255,6.384072142307811,0,yes
204.14007877797303,110.37068531532901,107.201652191328,242.65682018550902,0,63.09468319945687,738.7349533927288,17040.66390133011,915.4465747537109,877.4354515328484,76.18780541760566,877.405379928865,13659.801261623488,407.7818913747137,626.5410418253695,0.14773794579431307,8.796209874145282,6.181316341067708,0,yes
281.6420024670983,130.63252979774037,187.83934011632584,212.17484809540866,1,42.23577265960973,954.2817909446445,18141.133013123897,999.3232998730861,452.30432909201966,473.7932593209148,807.7333203288251,12231.000369575297,615.5744467790885,775.1470497346685,0.17704849206538556,9.406515880093512,5.680879034680945,0,yes
234.4441739830988,197.33838040089825,219.63063599811113,263.2849502741261,0,96.3280899520873,785.9283519798038,16071.359665182337,911.5947317998196,35.31654425340693,927.8463685933973,852.8522026658527,13227.14579320223,770.3672771454236,778.5845891704873,0.21714162341731302,8.321505276647317,6.164854039886661,0,yes
219.27892022596194,251.89555375173543,251.81999067468675,214.78200023872265,0,79.48090070997415,900.2682456174037,17582.47529407981,919.5688285234754,932.697584614761,61.46923626243836,956.0607998469017,10211.552298567605,456.6277900200987,612.8476914811007,0.23166763441801505,9.103865343967268,4.85683292761751,0,yes
273.63181410901757,226.16340395144715,147.7599629509873,244.11323264448185,4,33.31656127520788,607.886455549537,18643.25703364061,985.4416770403154,446.69192418211105,459.35864290896336,842.5658001243357,11232.59926041644,793.015715976044,674.5707537871044,0.22349737607800013,9.578462911438667,5.3503693309769345,0,yes
297.3012059667798,227.2870386532537,246.90413868240992,229.74421501097635,4,55.39493683113595,602.3315479380924,19890.69617122381,904.6536631541537,141.6516299350148,764.32136609954,775.842461357196,12990.210397458266,587.709504721015,793.0499069832977,0.24667531105261642,10.189872881894344,5.960302189592829,0,yes
285.8881717500273,353.3499802521004,214.6521217389477,286.17965419441344,0,98.03053328041754,866.7548212016252,17330.337645537773,964.9137415410466,184.38491495844735,729.0170485965266,853.0135869207687,12608.556278255346,543.4635696984333,628.7063384709719,0.28985180345248523,8.976435934286012,5.800101895452858,0,yes
295.37745859729364,336.54961224482855,208.8343702771412,213.28938785038235,4,41.82875171761964,790.521473750201,19896.982001774864,952.4465217195677,235.19903907751439,726.9107474145653,777.1077829282941,11845.456443027459,189.31387384634766,620.190006564768,0.2775263913770001,10.240940153038903,5.328411829850578,0,yes
291.7929145300886,263.3956230662086,260.50437030493345,265.5618171373736,0,79.22251709667947,911.0788020370599,16192.823453236122,997.9136094592548,909.3497934155481,1.430996467923137,837.6263861485766,14634.973748277054,193.67161688042984,713.360350374389,0.2572997733621732,8.42229312105738,6.4753650543713,0,yes
280.9799413178401,277.19122586295236,390.58070605472983,244.7005403161966,4,21.09085224503343,887.0778570190956,15828.418103062828,965.901262246636,844.7301687101282,152.67956349360952,840.5755986822343,14114.894368641466,650.7373097504645,737.1325979058385,0.2919841100840642,8.230209000097155,6.4664140061410755,0,yes
294.25197104988956,392.84301669021926,151.2499811431607,297.2511748987943,0,86.35492665067983,708.9031763855515,15508.978608006932,943.8659496495794,863.0062617130603,43.11266775045806,782.1070976897358,14981.355573264973,164.3731938439924,764.1926886292046,0.29477426420245834,8.027678819219215,6.586099225657251,0,yes
248.44074673868585,183.1008693107185,301.5126988332564,241.53119693549897,1,50.613951552185654,661.5616331126411,18638.897397822322,925.1777393382896,642.7127815487852,310.00762107613036,723.0578583113698,13453.646521032057,662.4769235246176,642.4097642242438,0.22349353482633622,9.579685650195467,6.140944681498352,0,yes
215.12386279648697,382.74741824729114,354.6694309378051,248.0664125883565,4,61.96277845469428,655.1759129068545,17919.329088143553,902.189292226284,827.0753228123901,153.340844744964,860.7391364082537,14769.865901258781,521.8539984278652,715.5868505356822,0.3245080872516307,9.215364624875823,6.679705526921281,0,yes
281.6091677448194,360.9876804486354,272.59760781966406,234.47810426728887,0,66.09427344867791,787.513677715867,15608.31797579707,922.9742737787432,696.6047770259074,231.40171166785467,944.8219215211395,12086.224441729939,701.9830470448763,743.2197258356692,0.2895977284940534,8.091893247400053,5.70837966258228,0,yes
285.3133504077236,176.68256021184018,245.8263719439828,225.19956569167059,4,93.55509751843135,795.5441098344957,17067.710893454896,980.3402584730671,637.3384676176021,299.2423548209965,873.5828498228593,13352.682624438505,700.0747271420521,786.8621898687118,0.22858793935706057,8.831273927098355,6.19269324340689,0,yes
238.32892946990773,192.03404413299359,183.59926569699383,230.33261272099224,1,43.376346253210315,680.0887612555837,19217.212439339863,950.5330790555518,547.210516938213,399.1945641538937,891.9993993232072,13823.462653583718,411.6012056416822,781.9289002699367,0.19905655080801696,9.876380771619626,6.273672492084303,0,yes
225.2716516593143,211.19613685399787,237.5141803142373,262.2987898755785,4,52.96097047822299,799.1004318963462,19075.923084268485,953.4573018756178,29.07096004239234,889.7612759023853,849.9258438263026,12178.605166307454,120.38629172942477,752.1197466313117,0.2354527618693882,9.832463440623687,5.474661666780095,0,yes
260.4890826746816,391.9512014817197,218.76304946524675,271.8323382265562,1,33.59183433297509,804.246638411468,17032.105702208006,920.2825727222736,380.0058527787214,589.1950738190546,782.6615575014418,11091.683976225062,719.2096218549888,786.8847648581328,0.2959282820614011,8.807151952719575,5.264071923390475,0,yes
235.9477508258419,340.48529624012406,274.48051779485354,262.7784510919548,4,44.08780719247492,675.8882137332682,16671.584932460395,980.2181039515663,298.623866369317,613.2208717601534,949.2820648945385,13379.766913924612,145.2472091935748,727.5463894287967,0.29489099677585345,8.606741781037634,6.000597324742163,0,yes
229.83248513002533,135.1319534420666,399.0449136820674,253.00129565452147,4,69.03228086025834,800.2929468156115,19025.46283675187,944.7828130316667,2.399232229751025,954.5978505072338,836.7007186381862,10226.03218308291,544.7319663257265,619.3420155314196,0.2380701331603433,9.806306495407378,4.845831236959502,0,yes
297.7550996951563,164.9068118202004,334.5016331802253,271.2692426363661,4,78.51410110160738,621.8340496126965,18207.082212019868,956.7962298434757,288.49614007133727,658.2122123494539,808.4319783498089,13225.060944877327,475.1807475364011,770.0803585553499,0.2505118024108259,9.359451728220197,6.024777292578027,0,yes
259.1279482629118,267.9703249251641,324.7626927670858,249.88746295305543,0,63.12400549747687,773.0313767556336,16401.67234897967,989.7034444023491,602.7047900557417,366.779383944551,791.5120912451893,10875.436468468077,192.98553476577132,635.1794358684596,0.2626867006402206,8.494538225192452,4.950610573055905,0,yes
203.0466245048285,211.36682335329468,231.2593492210436,278.19575257575934,4,72.80621989001669,635.9622144550891,17111.480668372795,981.8200126532472,482.2269153764618,493.3798834572237,971.9759829503914,14459.459729827317,795.8668346769775,645.2147235232687,0.2371387006560071,8.81818376333446,6.699717380141943,0,yes
262.45385213393683,100.33371818453163,312.10640974638454,230.8582646515208,4,49.36295683670184,995.6719076306251,18789.454112000516,979.5095460544069,908.2460619844903,56.4140123748266,852.4599340807964,11422.38109447973,813.2685322919468,751.2268130818445,0.20398591811373168,9.73746549092463,5.456513931552696,0,yes
272.30440892132253,360.83740496935394,308.44146660654894,295.56624360002957,1,65.2735101485416,979.38210545794,18299.9400812178,933.2983150473433,748.758659057059,246.63192890245023,824.0442794504911,14629.313495812756,244.76282846882364,762.4893509318076,0.31164266568598364,9.482581363485684,6.5062690288692915,0,yes
282.4308638459126,145.62740626063885,227.87245360502152,271.3026159982901,1,62.928133128152304,941.0527734934853,18777.45912675598,980.672414473071,428.093718533938,497.1411152091201,769.7378129294923,11367.643042299589,836.5891413241372,644.5374557242599,0.2055795300862135,9.719061467193594,5.391365903411652,0,yes
244.40739673487587,150.68095846573112,233.41078415322778,248.54859942733384,0,74.28921883121565,699.8634643608422,18806.805792001298,927.2572046844882,598.4130475448676,367.23761615928584,999.0308332631114,10269.998785825292,603.9311608389561,655.5729800316814,0.19677505350234703,9.672324976197798,4.957963153207885,0,yes
282.9814312771109,164.6830269445236,292.6315015948203,263.1327221071844,4,46.11725609297348,921.0002669111628,16422.965817258257,945.0403427077224,532.3177925912066,396.9966990418076,796.0645045154658,12684.84713465453,110.29585114170031,734.5509076745191,0.23447620219913312,8.53232039481768,5.6506798580158515,0,yes
256.6622940872276,236.9922302630512,168.9760234436216,261.7769398262395,0,55.081618290413005,634.6020977647627,17763.93096786908,965.2415533386863,388.85631000372496,603.4337426975472,985.1072925742694,12548.125772939313,772.0179315844032,652.3369320665538,0.22019315297368508,9.141821375526282,5.934140297945113,0,yes
264.63274350664494,347.3271679085342,320.8222122965667,212.60919793845065,1,63.906963420601656,632.224294990078,18923.172270250474,974.4233121245122,201.70241554090043,780.7435665456734,942.1311021872963,12206.711643081539,440.2034130873831,729.1734733000857,0.2909805739470831,9.722191688076316,5.65641971373002,0,yes
288.36961986825906,125.30542723005338,249.7635109957136,218.08981874494583,1,72.28479879190185,904.1114326159762,18299.8921991752,900.2274121207583,153.27491493132248,806.3778102584072,970.6383733993121,10843.462613297886,316.66553834209367,704.1505780348143,0.19311503329622595,9.460806532704385,5.0666501103912704,0,yes
268.9670386311286,342.56650706623645,121.00843446569073,253.5148784173616,4,94.08854688172877,924.0568482945941,19407.196950742928,928.2514800664821,771.4231179129547,176.41000168226435,863.7447274043194,11916.899794654086,263.82551721417633,604.5664997930894,0.2736382934128671,10.022829542929841,5.4174450459658905,0,yes
240.62909759613007,303.08964074595144,334.42822605108006,294.9932699656884,4,79.7417345415187,688.329959012461,15186.692368207523,956.5157201868325,341.1857640184572,602.0054529290178,931.9465440597219,13003.874930867081,844.9305715642134,672.0090738832937,0.3034389717377436,7.863752556677662,6.120145460414365,0,yes
217.3362690124438,332.86454658514475,241.8151341243791,222.02470327219456,1,33.623774349840936,684.2738836288768,16433.25148498634,918.3384058779687,967.503690819224,10.664364747863146,922.1656427395742,10105.338026042211,679.7701476469153,741.3926627263871,0.26149303264836,8.480902892348134,4.904739252160141,0,yes
248.51565689832861,253.7945713931552,398.13703337817566,238.53209291791433,0,47.35780999897456,616.6571825911485,15593.861730110997,981.7876284882182,246.05015322592362,712.3740734415861,977.0422627527794,11804.853097131172,306.03116541871566,691.38752546604,0.2660962570760243,8.055165896716522,5.4476613617205265,0,yes
295.9645381574607,244.08299226789546,219.4449128912999,284.93262902343594,4,23.48199775930926,880.0394275879642,19916.10428725988,935.8121987255851,481.8798748096571,425.5996533527246,897.3147834620657,14265.237267535751,748.7028899714948,618.8540496167059,0.2547591448047804,10.268318604185014,6.560495029431134,0,yes
249.44483109770508,254.38978758247,121.28820815082602,275.452050339949,1,56.64036531831836,985.3961748317167,17988.022788718274,902.8031162869855,473.3403146007002,429.95939941004104,915.9318511842404,14168.929057130683,834.5096160719378,695.4151627127372,0.22363284326034408,9.323840832490898,6.57321459471906,0,yes
235.82418101925907,162.2083405506451,335.76205365630744,253.28398337993912,4,88.95535031707558,655.8510614690704,18308.92072499828,981.1075180448086,412.85751169192713,583.5843352333454,732.5812861649753,13239.013846189464,399.93916973943647,733.275983242715,0.2395627927377424,9.42114703857137,5.971898992795962,0,yes
278.9495770137849,370.5771170026681,355.7227047470073,294.7928117999229,0,38.706969319213144,905.8304892396345,15053.746978976551,955.5356110990178,649.5592282791481,275.1448310883668,988.6970906533277,11091.85786530697,607.3613651778369,789.67011650054,0.31834210103322086,7.845700910278682,5.296071404924477,0,yes
221.36258168824747,376.2023831944262,369.3798239216377,217.75345827902112,4,48.97420618527293,705.2114431548624,15696.805890322952,990.3316623374055,509.2334345009966,450.09973060140567,801.6374895222785,10797.71902510328,496.43649139726745,705.0629589409252,0.3179245486219238,8.12719301092895,5.052737123834122,0,yes
207.84428339355475,136.05683935619544,128.5541377930076,228.50357195897962,0,59.77222294478117,624.8070157125718,17097.906282543005,986.7713838008497,449.4495036592812,502.1186090033256,734.0867109640462,11675.663387880963,527.7527340345666,682.9662372112501,0.15950202563471483,8.809651858637451,5.385438720041913,0,yes
298.17680291741476,359.59275863477535,230.1901312498254,239.42156540436415,4,95.47142225700792,744.0662856838507,16585.11848906921,951.6958073567147,540.0260024519339,434.4600502133368,720.7890159875474,13528.852723873035,761.2060770868021,683.2661269225121,0.30334032244204934,8.574587329197303,6.217976732408707,0,yes
261.8639653698923,385.61998525942835,282.6542803499383,245.78622443688926,1,60.04120734704921,682.6820816961273,19530.20213819404,978.582027962889,185.6185571571157,716.7426645426949,817.4270302814494,14622.346824391025,798.5394746689786,665.8438379935573,0.30446322473373794,10.03731375182058,6.696772467885813,0,yes
203.0524301391481,176.87591653637747,182.63649593557267,293.93771529160836,0,36.64427053681053,663.8431840189664,17580.199552807422,997.1615256772067,134.57184787801398,767.5531785802282,919.3782988096797,13509.547655595767,291.38404996026503,786.9763811880051,0.19622125538642843,9.060759843371532,6.105584257214651,0,yes
288.9856778259201,393.4867145854199,215.05048872372237,216.98338022292563,0,51.159950604216576,820.2337751157917,19896.60486304408,946.7494406680872,26.827081412119693,959.2135588812203,749.6353586273749,13597.092454666172,313.184285811618,783.693581183957,0.28664607759045685,10.246606976223374,6.092517269222763,0,yes
231.68456118019816,193.14708315126114,263.52437631109996,286.7143158070345,0,86.0224828305603,871.9821369935775,19650.47040134573,967.4414806559121,843.2996818201702,83.54021168898396,880.9828892264311,12603.401231518297,779.9363163412983,693.3361506817978,0.2272849716760841,10.138031832198282,5.914137230060853,0,yes
230.05232016971536,328.56992153237206,150.7042520645531,228.6341778771469,4,27.894755994711915,788.1466937344126,18255.456599689787,997.3206286494469,848.3576695335772,113.88003770005355,818.5308121043676,14636.255150458386,768.7846129631591,653.2668816795507,0.2557607700916126,9.425851246428604,6.697433923416941,0,yes
299.8676833762389,173.29383460002902,103.18829322623529,252.8372162569509,1,48.025270142831076,983.9295893203375,15425.315896899509,916.5044350887264,862.3296881012745,101.36489015314078,860.6492172293008,11790.74788993219,404.75266337416593,738.7315872048407,0.18835248370768834,8.044019251167814,5.441937388838328,0,yes
241.55580247036863,327.5060333966733,271.26231580977327,210.4904846063295,4,26.59421107165814,650.1227650370323,19507.275859266818,986.9683160484612,606.5351402681063,319.1713110560396,840.1817006031127,13922.968757247801,621.0228354577936,789.4597910196153,0.2771081796772951,10.019884550822942,6.374683303886818,0,yes
244.53364805621732,371.68932539481796,259.7820899962219,265.1906355478413,0,25.162951375197107,687.7203407539698,15932.148331706556,939.7209656665898,12.390172969363391,891.9240228812234,950.9659811038521,11418.78536252337,170.29868363421468,663.3773835278553,0.2876220095062516,8.23403730340476,5.217409583883766,0,yes
241.10753585758852,283.0235954319502,221.63723403062284,224.12332406383146,0,42.42148474988939,669.150353872052,17375.688147948287,976.8801713770386,386.0484269702818,525.9412822928459,813.8748117919823,11079.467295646451,298.78906172206774,695.8595405756552,0.23804925187633286,8.95685556126648,5.083563300768629,0,yes
268.1215283027175,241.73544301720935,154.83857201857379,264.5106766421978,0,94.52840627076677,713.6696733731932,18616.14479699995,906.3679562681937,216.96177150086615,741.9342529146118,889.0359191758308,13465.930224324584,265.88079024385297,726.3658936654573,0.22621936805252102,9.577177988790712,6.06551551111583,0,yes
209.7158496667422,186.24117813510316,345.41304671112016,240.3325966536301,4,49.02078026157891,837.3677407058105,15083.307104080957,945.6336560143308,81.07199165187866,858.2808143287755,819.584338940141,11550.152597456732,104.82440034400548,783.1211987648928,0.24019808847316199,7.843647985561616,5.211862224760371,0,yes
229.5654774023948,221.53661442522574,387.96436020807016,224.03171783685605,4,30.95404315173237,887.8553857992566,16563.862244372613,900.7757914437118,44.993830052963126,878.7172974940296,830.9257571635623,14441.374636664095,662.2132725528752,681.0012441081967,0.2598019526524983,8.58917694807244,6.580161565652885,0,yes
244.93471582314118,238.7405282623107,258.29949486021064,205.16551662483624,1,66.82809224136659,802.4868881019645,16869.616447515702,948.855356925042,297.3408325849718,658.4618285060569,926.3479917383248,10597.635715255326,558.4075131039042,770.8523911031239,0.23142861083864907,8.72943306320124,5.055618531585731,0,yes
261.0384826831222,250.62587124886488,244.92183121385537,228.8100545140151,4,95.68281983180611,777.8416736522978,16613.6969278326,910.7891287260416,581.5499442660033,328.09466423884317,779.2686700820507,12126.840969786892,344.6377276540023,797.9094269817845,0.25590100409593086,8.59076378386294,5.520247690278166,0,yes
273.3629913090599,330.68983011308353,340.83859699551715,243.2411180589022,0,49.43490332237765,601.6798764327381,19935.36437760477,911.8320072357228,97.65090984845872,828.0602481706183,711.2766826222592,11135.125497869472,750.1393771355457,641.1470099694421,0.28974105574136677,10.213045175479115,5.24001582714001,0,yes
284.3540970295791,294.77824089812896,245.91578167778465,236.19735901780788,4,45.2089526648112,866.3816281823292,16762.24681209529,970.1598607830127,788.94206391064,157.19371186657293,727.6008154841973,14435.486156659812,199.52046265754237,696.4630862756633,0.27184377838260015,8.693030378744908,6.3565117295680205,0,yes
254.80228780206318,330.7514881577498,251.3171878929543,265.412106776428,1,38.079446817482115,793.3874057006219,15998.041125899881,981.47224621429,88.40667334513981,853.3716319354908,720.7741666212011,12799.420104963809,546.8889071854672,719.193211206366,0.2765198533697723,8.296114656502649,5.8407057242028095,0,yes
208.86108358819837,135.19162004972466,232.9601995486133,284.81037861136457,0,98.73589710466258,723.7907484681654,15161.799890584422,942.2508349492042,488.13436795926674,419.98298580765123,962.992230821303,14782.22484867484,791.7023792997171,688.2691516326977,0.19632625311331076,7.8571490460885896,6.819949568385322,0,yes
271.3628239777516,248.86325136114607,348.4066094551416,260.23331012522755,1,94.1796213101683,998.3864285364951,16443.243181830374,916.8925950577894,752.2527582852205,171.17778351851416,873.320226123547,13191.89859321106,609.894656105178,711.3385279186936,0.27129500975400483,8.556377440477057,6.080363748205251,0,yes
251.63792489289398,333.7217299825157,241.40986931019694,240.86865564034522,4,86.48619251670986,993.8616746419468,16526.294564891552,908.2665888865491,867.902104594647,73.6878127255842,739.3913705956039,13200.673454034988,242.26293188481048,790.3082444904315,0.2885030414056725,8.595678056112767,5.896236606572859,0,yes
264.1371958005591,287.6691427525802,244.10941628147356,299.0536806512642,0,61.21784448765817,966.2507952760005,18031.531110269898,959.910182609756,642.0764512040264,302.57128917884813,705.8450813605825,12075.732536657157,373.46017157328413,627.9977009158073,0.2646629420289363,9.349011167160562,5.46429195108442,0,yes
297.66466535209395,319.9093783638896,397.49370241889306,277.3416988744738,1,94.33294506702497,863.2404140642112,17502.42794830686,954.3385694588014,768.5025648719103,144.0896813776401,871.3287052725096,10087.498587624043,489.75851449463016,695.165722508384,0.3163035945731484,9.060230469631813,4.786135963289931,0,yes
268.0098219202924,181.51009117634356,190.1792373880292,227.97841838225793,4,43.48332359221529,761.1198038163874,16280.350904493447,972.5318042178492,29.834686264685843,929.6500391734243,881.7749839929004,11987.816243850571,357.88013427351774,701.6921736975629,0.2114591036892911,8.428855483954607,5.504984391561643,0,yes
225.2161888443733,304.8610067762638,149.63237982093557,292.76358064707864,1,90.1367325199688,621.3340485048539,15808.091919536973,903.3713421326723,717.6867546940042,241.49091438887308,994.5533064038254,10309.994138636765,248.97191873069,789.5675972823525,0.254102361598155,8.152526511990553,4.847033703974709,0,yes
242.3415432707871,149.20479281532334,120.3662609620023,240.65102789424682,4,55.25916604611386,768.3163290531686,15797.81049138999,984.4204254592798,843.2230346386937,138.15019574530413,943.9690390243286,12837.678589545005,708.6057995303132,608.2986345553991,0.18534265730565752,8.190827502261186,6.000871713789056,0,yes
246.94903374364628,240.80977838493828,101.63058610520513,225.9344324762252,4,76.44417375039694,747.0033660208676,19764.094727919986,978.667235877267,504.5062319530715,466.04550794834984,902.9770815218349,13605.766041645982,678.8316583825907,627.9255447979783,0.21853996173570106,10.168446737149209,6.280865876216623,0,yes
280.95287523882376,295.2526012378055,102.70981666504935,258.1393046039103,0,80.86692425257424,977.3803966904513,19323.88263139895,966.4937414611907,39.95513159701812,908.3595788359211,944.6698336559657,12553.548218806816,850.3909885962861,605.5176473869061,0.23583263813370942,9.998657378289593,5.9392908175360475,0,yes
242.38713723355326,109.65139344405182,252.30625173883195,205.79254852360873,4,95.60612052607873,870.6593452556876,15721.91934135322,988.1104504647618,550.834164003036,413.15389588004757,835.5674437879582,13415.584003387072,565.4446694026963,673.7109659189056,0.19401642696261248,8.176316131233438,6.1375695534303745,0,yes
277.005358556843,271.03849460650906,302.0343937117929,233.54278407178194,0,23.56294717721309,892.0014249958219,16858.597514927085,966.3688777534069,913.8218082163216,36.87876019325927,744.7571087092156,13682.012132041924,206.52557313872907,649.2837216378024,0.25338955421656784,8.746479340746745,6.059212519663811,0,yes
214.93228213646276,140.69876980375062,325.8107549188496,267.27653418853345,0,92.63399902774646,840.8631922009924,19269.412707029496,909.1287904234572,896.192543809876,98.64398692231748,813.2957391586348,14725.518784132164,147.09328746681072,669.9535261461735,0.21359129499761484,9.932486268659009,6.489068437096257,0,yes
202.99794220057214,272.77227729803803,102.67670295950309,242.9688621807324,1,49.393447358130544,877.3587294652182,16090.24759866362,964.4472298902251,335.96791881819456,615.4800776869286,786.5245802622085,12260.46906892525,836.962072939981,795.294047387423,0.21398959899860398,8.35872283691298,5.778909996639325,0,yes
260.32385035870425,183.25318128116277,314.47538677132036,265.78173640639386,0,39.57370308647248,867.9870352040839,19535.098575491746,903.7767027773588,673.0420278674392,269.7250567016174,729.9356473722872,10502.707714962487,710.6883710669724,612.4906738389689,0.2271123211008651,10.070709668487428,4.977326567625661,0,yes
254.84931829331316,110.82854559913036,186.12472045068318,284.02156652141525,4,41.692453430175426,685.0081171690127,19786.912645773427,942.0353986926553,8.306529899217654,910.7933277843043,764.5986476557239,10158.278703594679,566.462314597776,702.6131802274299,0.1916941180179651,10.161141969427243,4.804309377709236,0,yes
233.26975081834615,108.40990664829421,310.2860965515452,273.02215057015457,1,77.78592669110495,709.8258496414196,18561.933059498973,941.2052221786839,897.88784639455,56.83991208033092,949.2864648712027,10243.615483081141,835.3621994336551,799.3461779161718,0.20316855689823943,9.553993737589195,5.037627330703247,0,yes
239.10776937784368,158.9973044813133,186.93694290144848,259.23117777886404,0,78.69472391312198,854.6602628265022,18363.668061785032,984.247503213124,931.8425438772769,65.95906203941024,701.2823992320752,10111.295141372728,155.55652409110215,784.9129708856394,0.19282744391125584,9.493045778051384,4.617600258054982,0,yes
237.47000232808614,388.73827495960745,110.83820015355879,244.44430286682766,1,66.60251744033496,774.5229103037805,18360.9733744275,965.6753141921774,899.7852716166849,2.7596872099948087,953.099794689753,14532.062365794329,683.3624353555931,670.2745688836726,0.26881939787245396,9.471197068379547,6.669464069759707,0,yes
284.6875819343686,396.26071763274376,178.81042858972762,274.39440331903563,0,84.40173607071915,746.7326974048027,18886.045646376497,967.2565013964985,300.3490969721173,628.5604728776921,711.5155594812106,10576.701300776256,145.74018947115172,678.6588278669855,0.2956245656328549,9.727785569754728,4.780342573883629,0,yes
229.43051085963333,225.43371007890514,199.10888320683816,250.02590582512485,0,45.66398618078071,607.2349112646697,15960.448191288922,920.8643217485926,197.07186383671612,766.8963685742815,874.7217662800533,11394.85064332599,794.9542894394745,684.9980146674473,0.21462026126595132,8.228028062988045,5.438224047029299,0,yes
283.7636063537384,241.25764967623257,339.6172357067911,288.30782978742286,1,54.65390592037728,728.2632121493987,16751.416259288497,952.9798283175843,112.37674246979465,850.885506211986,952.5036663762554,12751.607424455433,647.52001226764,722.3957960656506,0.26871031032073,8.654419583082024,5.957905425178046,0,yes
246.71033596807547,193.0073409065559,159.95072417119357,219.61873403233983,1,37.66454835128193,897.8044243338456,16099.159767430387,959.3108068305348,827.3496127369785,98.69666494441697,856.7813359397652,12831.725802384972,239.4266087886618,785.8201819558418,0.19291488015494382,8.367103891351594,5.791747461420889,0,yes
246.25116054865452,351.37212886475317,331.4571196133877,297.820625160738,4,65.5663092087316,778.9608760096372,19826.086151855823,917.7919507645877,140.83130886984674,800.7000334265617,790.4195412535987,11824.390135244568,111.08025591439832,763.3620386944285,0.3216515868449943,10.198164188881089,5.310057279008947,0,yes
253.42425162879334,296.97931645133974,165.03925704053682,280.20203200257595,4,70.17273339455173,682.4610421746955,18416.725591815946,965.6172576797486,307.5551753925962,609.19338404624,810.8576344281583,14080.110784251025,435.0959243331134,723.8797618439319,0.26457326795278613,9.478735863369717,6.341489026617554,0,yes
286.7043427825699,340.3906216058579,302.2332180520621,221.97129079698982,1,21.584730734501463,890.192769078589,17071.260020343678,979.690230117055,756.1411686928767,208.66973742975574,942.4057748019671,14403.159049370832,246.61674532044984,770.0422480548957,0.2838356863959367,8.854241207178822,6.460668292698172,0,yes
267.03819614211693,215.4689644093121,212.144506068298,279.65665883295105,0,93.38092893439482,790.9167711932753,19687.35769589476,915.8136455273509,788.4067413274066,162.98191248106866,780.9461505071464,11426.62773958101,586.1929202568685,646.444094393538,0.22992173580633454,10.131192242361148,5.3231239498917695,0,yes
247.84466489927706,388.5050505933962,158.65930126285048,283.142042466203,4,49.029527745667274,655.8784468032734,15802.387879673954,940.815612197431,340.87877242541066,595.7037655469173,779.540377988348,11890.287887941546,728.8485785919095,696.3667324937777,0.2971321806532926,8.162332251409477,5.56961485479852,0,yes
267.4431557805591,292.2652887440057,106.06704619421767,229.91270904758298,4,33.789806851477266,952.7397161497413,16852.416655303634,974.794174769883,443.0071577865856,536.5684900121141,955.8694995933242,10881.814221873059,436.86153357622476,793.6446282303496,0.23803558343543,8.758404989484218,5.138805972612124,0,yes
212.67659815987875,108.99524248898257,114.07074119859296,246.88011287196292,4,71.5266850473109,709.9374171509379,17086.81116582819,968.185272841433,684.5720751613454,286.8017831756383,817.1239828207771,13013.383645356578,322.5807313276441,620.4571190686164,0.16754365921938202,8.820172056725516,5.866209314736608,0,yes
232.95410590916822,297.7495117345328,319.88891647856383,287.0208943627001,1,25.34428817878643,811.6065322533909,17097.595607598865,989.2221416081695,270.41621684188846,659.5573276623986,955.6037718949464,14134.597258311573,865.3255374534572,707.4185408091187,0.2769929434877878,8.851034415180816,6.592907129635095,0,yes
284.2839502135916,212.0333399102796,239.02525686958012,219.08156612965803,1,47.756598050069165,788.9624073333521,17546.96498926581,947.404881398465,123.6864133255912,806.6957859225386,767.5363759180435,14341.818740684448,619.9222594525307,722.4160118733258,0.2222558836936678,9.064890659936408,6.504446455728679,0,yes
260.83401648093354,380.2944438716135,266.09745691006884,285.9091984122578,0,72.95086677660208,607.2192005621547,19914.490137358924,932.3344388418969,51.55953787530153,898.0045216512768,850.0678563889326,12293.980788564346,619.8252363964825,763.8360663981714,0.3045389207050987,10.206616390130971,5.7264179983325825,0,yes
275.4730870553895,261.20520044166875,128.31329707698222,215.31440438012365,1,41.36033314903053,767.834045912814,15161.805328325825,951.5307140553259,910.0151932052638,76.44806160651274,764.2050998489314,13747.594241810835,440.28361332991386,722.1289095209975,0.21710905681744552,7.868177631684077,6.201257904678679,0,yes
258.44706296988477,235.618863001054,370.9021221763244,201.67304265299137,4,66.92950126532976,989.2726335481202,15787.035055066022,997.3847480689444,232.31311592127668,709.3064544151273,951.1053414436301,11682.304796245839,592.0787227766543,784.2825976476713,0.265723399461288,8.237254074939052,5.51269963617194,0,yes
232.79950588937555,316.83133546423966,258.97438832990883,275.0309850512151,0,66.58268328070177,822.9518291610625,16786.398538524765,964.7741576081398,115.5870877425603,868.9805488101317,983.7256673442332,12527.287864998827,793.1162938603328,709.3726222670778,0.2712085763083038,8.69459496089898,5.940127197570846,0,yes
205.16953369080906,327.78182228678656,394.20874130981485,249.54928333380914,1,59.57443835153701,950.6220748087782,16384.907443461216,997.5298552122035,876.354488041375,41.766668981030875,801.5748879534796,10272.301973699823,470.91863088195265,645.3320153375078,0.2971696810513367,8.527314581265907,4.818826885718503,0,yes
232.71210656528808,298.0066089286684,389.90370589905206,221.97966274092835,1,30.860013927563415,818.7735869896597,16945.60390135035,990.6353589823769,203.12994309227227,718.5466874636944,791.4104838142799,13728.458174394518,700.2578672160282,724.639890874222,0.27875310083949895,8.776838485619937,6.299888477949892,0,yes
236.6663400632227,359.44703787564004,167.35843066920432,269.5143861664952,1,43.951794995757645,902.9354704945513,19230.310109615148,984.7933123843364,846.9771249188212,60.24941053825614,755.6721811888998,14376.539529382051,675.124384345612,652.6117976795115,0.27047216804787855,9.9373649672773,6.523308955437017,0,yes
252.2494001513885,146.2374094349482,398.79585074690453,218.03018324588922,4,99.47511028239495,807.5414087177044,17275.98916289099,997.9972458788569,623.2902126114562,367.3432185709195,704.2843239769082,14226.980015769248,371.813346513102,610.6497668537822,0.2421297699914649,8.940539801809726,6.327590851948515,0,yes
276.4546114304949,233.19565275503263,251.67325484188117,237.8161539186106,0,27.585043321863445,875.152323718466,17359.342095830376,937.2636792396139,783.9016340746468,160.96241582427695,922.0676035734529,13263.768699129309,110.09689001169525,698.7152755985376,0.22947059321400046,8.989031178608823,5.929964308679423,0,yes
245.57759306327767,390.17084333822015,344.1510598399037,270.9889438691597,0,70.91177644985093,707.310263549499,18590.450562296803,923.6312433582914,883.9959206449743,75.88082731799602,962.7107768692322,11296.610778674389,666.2221514643234,716.4076188190063,0.3189304144178293,9.565289323953245,5.38621143714843,0,yes
226.65277482027244,157.4373768965326,167.14067875521118,203.70674103473365,4,80.59772762871023,837.673467736274,17371.833741525792,959.6490900693476,697.2525925448057,297.6149839983649,985.4377067370374,10092.051074421272,141.4330854574353,766.1707887594168,0.1918050706075919,8.989908890095846,4.715007300974441,0,yes
221.6438805696209,360.1114647158528,384.62088836285614,250.19858084419332,4,99.69511003374541,947.4970647155731,18299.498830966313,900.3853856448374,194.47363180696448,760.440514840436,914.5028721092119,10942.810465464094,745.9593119749868,762.1492002831969,0.32743832859652633,9.470532435394508,5.262689126267569,0,yes
293.03299155512474,240.61072525986927,309.94529789285457,232.04236858487698,4,73.78486838001028,647.9085515325196,15804.620962475916,937.5163840300395,394.1440728272113,506.8168311993554,795.0308831608846,12649.02109795768,246.59998382288447,647.4596127183095,0.26684355510993923,8.161254677215283,5.675105630444481,0,yes
292.5581698298643,294.56807430058564,133.98370610283197,245.22684044849512,1,41.50177811697795,767.3644838469041,17709.088855006547,971.7858561096007,791.3545872107263,120.98599724419273,877.2772013589838,13660.892842163226,304.57407486192335,739.0307534181295,0.23975271688302785,9.144507674117193,6.149566768666782,0,yes
261.5166771860536,215.71729891570453,195.67603587633914,290.1167540353292,0,60.69882032807086,671.5641386381715,19492.28325143655,948.6186594226907,317.0388837289673,646.8949603577346,829.3466788769011,14976.211351442777,131.47940134378783,749.1371703131591,0.2240113372155296,10.011784498762834,6.595707168139125,0,yes
289.9034322878857,148.68161623770203,220.45312458900588,291.8146524369903,4,29.982299661205563,809.7713177560178,19663.47047526118,961.6248831326287,542.3921023280566,445.5121306093697,966.1199471864309,11429.62824750223,501.09267272633673,790.7981298706518,0.21822540286696326,10.129746240912457,5.3884967035974,0,yes
253.57437816612008,339.0935535431654,113.85691672053926,232.91593115330105,0,99.71908204256546,949.9587033507499,17967.853770644288,922.6262539996728,493.7685125523147,432.1715670014623,837.3418373657468,10168.061179874181,338.4067393958377,606.2715818098976,0.2494598360623874,9.308311329513993,4.734399157671149,0,yes
241.04877016592394,233.3939824403599,173.34751678285,279.811232938837,1,88.69317425141936,672.7805322347666,19363.920488752516,980.6559849372773,342.0838623633306,632.851182487322,870.1123742916257,11777.743660997972,419.8333466884816,679.9747075963683,0.22948685945109257,9.952289175168396,5.440342246853169,0,yes
297.1006612957408,191.4814337648387,121.53325610603765,268.7035178718649,4,65.14198779964784,774.3672006861514,19371.122660959805,905.1326214541829,327.66921833503636,615.1736302101319,917.8020199523892,14945.928522231843,767.9527333413391,794.3644154759255,0.21627062170064068,9.967931982911557,6.876693553315698,0,yes
222.54136161731626,282.5438011676224,333.97523659823963,216.04792985744896,1,79.2536893172155,602.8706347905332,16230.327052539194,954.8045301518273,824.7731495903822,82.11744862445494,895.4404210070807,14304.561313558028,409.72583687369524,719.7342173497193,0.26499454999996896,8.366677475701561,6.453059368131342,0,yes
231.18813205296988,276.2406520471471,138.78105739694848,252.7334440209131,4,72.32932086403042,810.7321657856319,15565.224409255605,971.8362960185327,43.941890267798996,941.7452323954733,833.2023020393997,14158.861507548716,664.0143922330066,673.2318323207667,0.2429930458075049,8.082247315110687,6.476298834394183,0,yes
283.61971648307065,166.4764711670639,215.01272247803536,224.43821890325574,4,24.90426806992419,805.4279552098435,17658.910502048257,979.5731032293586,15.697046493420089,888.5714599458026,824.0650419077556,10243.734095108093,562.2436676616703,606.7793236970866,0.20934572708101398,9.128974290532964,4.845997119686974,0,yes
224.7392939254976,199.57166547142708,304.6256414921239,244.09610372561744,4,45.609720566052225,670.6370817227987,18579.310366847345,923.5930731420377,227.8654898333299,693.248230544844,742.3350477264077,14850.245830009451,719.1550690276631,641.4682831777524,0.23959348766699168,9.551661699667608,6.725506424055985,0,yes
208.90016705137126,282.08897497212035,182.489658314343,249.86509825084264,1,66.02100831411451,811.5062542012902,16481.63569450778,951.9635260790252,180.58112413209074,757.0405790725351,786.6075039519195,11201.720571382604,444.00418593597914,629.2059775156457,0.23789309817709273,8.537886098995799,5.174402821810071,0,yes
237.01498619103677,287.0097924794137,317.1112705085472,210.5567340507917,4,47.75307947542531,670.7769554663935,16861.261389811814,993.9706301057415,595.1588482876298,332.5987650161262,922.037358433513,10032.743020060572,290.8988419662253,739.7996007080037,0.2721781457370977,8.702365797605268,4.712951517218329,0,yes
226.01578853526323,397.1083363168423,139.61356964871015,233.60952494842627,0,49.82370133752413,745.5478405311663,15891.154554992912,932.6058074645122,719.346118186941,263.08153155970103,986.0414116075867,12580.827751337296,551.7457315868808,784.2119838412705,0.26819930533137687,8.225311280788828,5.875567293956477,0,yes
212.74876635160197,233.8863094371695,265.9527884080748,250.90977412630525,0,73.49615369104029,918.5036985259096,19907.991068136587,929.9114301930116,588.2925828666184,406.39206178222696,850.0430453343881,11623.700484701423,105.75809072467273,785.4207021950323,0.23293915644628208,10.2721878406539,5.261782419753795,0,yes
287.96780524828097,325.8920476476723,129.6689269450343,246.25341387734008,0,31.261389021084245,756.4149589769097,16280.783814610171,931.6230733047769,163.86554531086088,805.5802322588337,960.3429526980985,10186.029938645068,486.0680641573765,734.9208862147716,0.2457559848776144,8.422398737917348,4.8727420699813715,0,yes
233.1792240360101,328.8960951081149,272.80628564000494,296.8636138047871,1,94.1984890495741,746.4227488648647,16244.44895689928,942.1266898130887,943.0649836181684,9.47155312238624,929.9087627285171,14312.854562178469,340.0119468782531,772.6290231912086,0.29068789948889867,8.40345865847052,6.455559425044084,0,yes
282.0403032950974,349.7126898049812,397.14728079102105,223.99381395029434,1,64.54997807236656,699.420417770271,16313.16372031011,924.5789959032937,609.4007454691111,301.07741519249294,911.415946334917,11357.682950886177,775.7114342792567,629.56162425938,0.3117612701542275,8.425039799590351,5.4157251394818555,0,yes
216.00625497384104,108.81993129409852,378.3316224852922,234.79255629423164,1,21.65664635352438,804.8993031848682,17093.197282739355,948.3278853457115,169.3103123694655,795.3268301221577,733.914394348435,13278.358806946453,793.6436332329057,761.879322362747,0.2000601946833613,8.841689828377838,6.145050875402499,0,yes
232.01252668901336,219.42193824013367,252.0509109728254,223.82523504778175,0,87.66703000229622,846.1328501474713,18272.759456394073,921.9429820844609,301.5531680198732,684.0820612154009,920.5729532037809,13816.78001431471,800.7881100170811,716.138975710912,0.22317065108191717,9.437095800769953,6.434773957365297,0,yes
254.5609822117712,118.53687439569944,287.6996631843174,262.70478207204667,1,49.15599709810973,981.0860200509908,17372.02746154616,995.9523243220253,380.4931137658725,555.936458703619,734.2195209222155,12496.262259869636,581.8992623556132,622.6329111675282,0.19973070283365696,9.027661470830605,5.725399980171656,0,yes
270.9331014528379,107.44537080045413,143.81063788212145,235.98186470043726,1,93.80639240703526,611.8079875948758,15817.632828081787,936.2817757480874,720.0379597726375,211.25195132709325,963.9182216562454,10596.151852693738,410.10223258128525,709.6577336040389,0.1688570376135518,8.15972628074067,4.999241632388272,0,yes
238.61153880952833,351.78494003367314,292.9984951925562,230.2004179626841,0,83.29612503643139,941.323496131916,16523.297024516556,971.6226211145805,359.37077075887225,602.727584571869,820.8126947214562,12979.636894968186,718.518894176066,700.6713452356585,0.28586454976177905,8.590791114934769,6.0218088052866365,0,yes
281.7224958874598,200.29376489882236,236.6535989993248,270.89925824403093,1,53.95637004549066,784.1636475595487,19523.522788835067,997.0932929926639,651.5943330789095,342.51569342624214,779.878820891888,10333.809670273107,141.76689897857742,730.6966502636925,0.22790410632580482,10.058965539586767,4.724801886866199,0,yes
220.19944189733656,210.01363872607158,280.4511908543007,238.20720172345358,0,72.75751612261892,811.255098429365,18971.721532278567,954.9545508207626,850.3343838448076,75.15905050723802,872.2151017730498,14693.33504063794,645.9363130917203,607.6511245016654,0.2245970088463692,9.783284556053724,6.681588499673838,0,yes
250.26209657554892,158.50981435800628,377.30173745529885,296.21293377597465,0,21.64158360767449,608.2388813870333,16285.502779489021,923.2814448222791,775.1956223106915,179.74495026462762,988.8262460280828,14523.327418988943,674.4204093461656,672.4577409551094,0.23234028647330934,8.391104212867594,6.684149158893748,0,yes
229.4951672891868,151.02769209823606,259.20898573919976,225.04877220200567,0,88.92227929773416,681.209204464491,16849.87983673705,950.2170057696434,215.42107641480058,768.0750886444051,747.718111824369,12059.591720843573,514.326284317734,653.3097671457984,0.1973291266849268,8.692916719837497,5.5396031431431485,0,yes
248.48979579553762,101.7336798206928,148.95322508543916,216.29100917848308,4,20.688467854418313,636.5548428101594,16126.9989741232,966.5241131032323,44.5325934889315,948.1172509048281,723.2114104319521,14577.599279833463,696.2659963783918,664.6567702924776,0.16363188144628185,8.323958081998205,6.612536834830111,0,yes
221.69086220797558,292.9588849916786,225.81227754285115,234.9390052619388,0,75.34211827733891,627.9146617118281,17911.65570250229,984.9757421564144,462.88546648697036,504.91804220683355,824.5959695902385,14457.87454073223,820.6863574135627,731.8151398303833,0.24670697523413737,9.216954543744796,6.660389954239191,0,yes
214.40475094256982,273.05247413655115,373.76196053669395,287.49392181797936,0,80.40021303280751,732.8564919616789,18292.083226330597,973.6882208443583,864.1255313795807,130.7001918912723,950.1842121847413,12524.381763162459,662.3275147501078,652.357680375927,0.2785614203593908,9.428623590356798,5.867151835380136,0,yes
245.1324456283166,132.39381662484817,276.1901533188734,257.7583271811611,1,62.09449934683707,729.7064411562683,19601.022119468864,970.4727845486285,480.1555105087576,477.53040533420966,739.4575625306888,11197.308556673239,203.20361461613413,697.0327547534275,0.20241653032112364,10.081952987001477,5.069121168819507,0,yes
253.88074160053677,106.40838331172804,311.9155160466067,279.8708550801185,4,60.3309723802035,847.9409014519753,17044.00320375729,919.0847347883431,391.72945322369657,570.3384000441474,974.7600033885169,12702.21158499394,350.78854424779456,607.3838897149865,0.21647436813447135,8.82273351159739,5.81308824351438,0,yes
250.9674501794575,287.95312108865846,196.41062849070755,290.77076079517076,4,39.551158490780935,821.426206779413,19686.379915442267,996.2859105418584,923.6032578924974,63.09857283623637,734.8508357193302,11929.63375570272,751.5107869707507,687.1500631569937,0.265190939301566,10.148604619433026,5.582237665207145,0,yes
280.9955983683005,239.14524025163323,305.9564815779567,215.7586845054005,1,73.83899344137005,724.4969729570344,15185.686264133952,920.8519113003277,194.31600605197653,766.3361476815925,750.1906248316247,13371.161900472865,286.00015999533355,739.7516137084742,0.24868463555761683,7.866314859677386,5.982134405925799,0,yes
236.89436548458704,107.74546464486563,186.333479337624,264.3284718069271,0,63.97477927803156,703.7427015159685,15485.56536898832,915.4340623321899,883.9948819656603,52.298370303335446,895.1642462542408,10070.739202478722,562.5328230994198,746.2258384776306,0.1710950732995503,8.010940524336373,4.828077637460561,0,yes
250.82037516922725,167.86721028211446,336.28472821079055,270.41596549202274,4,26.013209250888004,710.1126885583031,16406.454813523727,974.7224544062545,363.52904858308506,579.1042141614621,826.6074987320177,11061.73173496784,288.83585953232125,697.4008761482241,0.23934042667566308,8.480935494327458,5.081981200372624,0,yes
293.1118413706815,287.80703242177765,170.4633936332586,222.90027140582828,1,23.226711487205797,951.186312113939,17759.005646669517,993.7974493697025,49.665266898727225,908.7755624343226,935.142763801503,14610.282058249679,551.4006252267446,728.7286015500614,0.23765233609955327,9.213974976481278,6.656157170211477,0,yes
280.11133444128365,148.58448682751379,266.6787055210398,240.04987662502435,4,56.05820630709939,734.4103711323369,17278.64447629314,973.9229200941004,581.8269072272822,376.78333300351017,801.7896706614301,11853.77260117653,309.7494869156189,605.352099914019,0.2191156938660423,8.92228001313984,5.387367502207431,0,yes
201.5616169348198,393.5158049531746,320.5690107864634,284.6880611589607,4,45.93743250132999,851.5507101416288,17549.92210750647,967.0359314708724,655.2773681615009,288.5984582303049,818.7559593764327,13901.855908740465,141.82282424391178,740.7520828364923,0.3255936935188612,9.083092912683792,6.1619912670461945,0,yes
293.13962365375426,175.63066575972468,133.453478841577,242.38719517777662,1,32.769093808247646,682.6561007003473,19376.70437916658,909.3453369845731,180.265435638262,779.7677059487186,872.0632433057801,10795.96059032112,222.31185664141623,624.0635019086675,0.19047993703313576,9.951045781426851,4.960014429282484,0,yes
281.19643792954264,144.10613334251778,289.87497636207706,215.73208489622402,1,56.237595282506206,919.9397838055932,19571.474200886725,919.8123325329159,499.7634913465939,442.20138889183056,888.7569959198638,14754.806599858723,220.1798105853655,651.4618041200514,0.20526002168045732,10.102874164753127,6.550476609892346,0,yes
221.16390102440118,195.6683780066952,257.02759887865943,260.0459334001267,1,38.84865022999143,860.933405910088,19559.575172313325,989.1018329771705,710.7353160185675,200.9072961385915,740.532133357612,11251.23408139881,428.0899480633025,602.8779396543006,0.21840125044418934,10.093086003837838,5.162420405277743,0,yes
208.2423952560736,392.0768421458137,371.9311752723017,218.08817594326274,0,66.74585413896091,960.2365523541739,15106.638282848506,961.6791450998442,351.00732438619707,612.1043134153531,916.4937422896559,13792.18236945957,442.2793126387006,785.9347961151528,0.3094292764673603,7.885426202993822,6.286064793508848,0,yes
278.19737045531247,364.869336200213,342.11805912217164,268.5126828567627,0,66.65271454336289,789.2585125003584,18425.1798449215,965.1141066498419,616.6697487124104,311.9588942272253,942.9532577136765,14497.611909746036,307.1345927590552,754.2229851486537,0.31149953158030075,9.50650306955884,6.5157951571665045,0,yes
277.1620305734664,292.3926661502619,227.94332107078304,239.5144214864613,1,97.32740797492562,955.60199102949,16370.411923240345,942.5246009107551,753.1557139997809,180.17154989224696,897.8845553762703,11011.013490455807,801.0203352203598,707.1156154051938,0.2616004480629744,8.51361294149693,5.295083555641725,0,yes
227.28012564259416,123.93091373753526,178.74049731189513,206.5196123641262,0,64.5664583708852,650.8192075904991,18488.586761858078,937.2061074599076,281.71090396616137,624.8230726271462,725.4925955730956,12208.395333340988,497.74686885962814,685.4734016423308,0.16334865993067188,9.503830697243183,5.577251441501373,0,yes
276.2419386361139,326.09774831108456,216.45024218876642,223.05402615247766,0,58.20725481196092,828.2529298801213,17098.273809605816,921.9382667709749,722.1375105536674,271.4351748489098,779.9259889928535,14704.51630710841,620.4570585861519,779.318617547315,0.26045630486836874,8.845836080638364,6.67097214574937,0,yes
277.293997129,261.12206711387125,361.1686349074222,268.1146579959848,4,52.32346842950801,637.1998363330922,16367.906868359241,935.0663398245276,276.9492617792812,720.7549749473757,738.5558920496394,14130.424376799987,215.79673980935513,783.1282595238063,0.28781544588859836,8.440224729447614,6.264005464951438,0,yes
278.33868829379617,222.46478057485388,162.0377476601754,265.0851065587288,1,38.04832149390147,654.499173634901,19494.959144609013,922.8820173379252,862.3789723083584,83.21803075154196,897.3025675877193,14243.274826772767,682.4949283593588,690.598498806285,0.21825849601459585,10.00585807242656,6.539850543423866,0,yes
296.1246641003603,301.4735386620846,113.54386202488733,208.56573541355925,0,45.829374641815335,767.8185524113765,17607.654315027266,967.7928932462111,985.116453795815,5.607572190877477,850.641018473967,12726.42444571482,587.2415653513892,602.4933792998964,0.22809067019620743,9.093339868072905,5.871032049758966,0,yes
241.8306609938007,371.16465725890635,395.58424622784526,206.9548992701776,4,62.455964473338,706.5928904279986,15766.147785557372,949.7059328152985,229.33095417552454,699.0691575271447,982.3026687054676,13336.299757976634,815.0377270275251,778.9504947602829,0.32327108830470236,8.156557642453677,6.273434806040017,0,yes
230.0240571792986,181.74252229825913,258.0877064656398,239.75798755234,0,30.772444837905873,957.4211140942502,16913.691476764187,936.7912507736436,696.8271437569431,235.80805181413984,782.2583306102454,11597.8216636249,804.5921149483131,614.3751736540404,0.2050893447488701,8.784883204309098,5.472718123319477,0,yes
206.21022960140877,329.8251236905088,121.50068989114587,267.15348018575594,0,40.93427322560967,833.8941156614535,15965.421180460324,903.6327094825683,812.8201339590398,114.25325207781862,965.107371962573,14210.562330002203,480.54502976333697,600.7675048304452,0.24075457312551052,8.278175211717075,6.458799209158861,0,yes
282.06027843051163,326.15286996234056,125.11461818166046,270.0583724422618,4,88.36194542198736,680.5866757135269,16437.97089775569,951.4214324367774,362.1752099255712,595.7109139090815,924.7142447924512,13860.150766658437,753.7801373523248,697.7094121337728,0.2721402924190733,8.48699141878883,6.428708163340064,0,yes
296.6046239398194,360.92880409644226,361.0736201894617,205.65630663213113,0,41.39963705157971,660.4952661856564,15127.603668876234,958.5857900451662,33.21304454047716,929.9405518780072,707.063426745699,13138.579252086742,394.6750616949485,692.7054778684058,0.3003009197997363,7.828393917114826,5.9094434721822,0,yes
224.53246205993514,181.94765701595207,321.36686595224535,293.3266237467172,4,31.67471017693451,704.4464330634231,16257.349509653473,993.146946737032,170.44172830547691,826.5667374048481,913.7266500034682,14004.821229605885,193.64806424817988,712.7303973839647,0.24396072609983596,8.407686949701935,6.265522551765793,0,yes
205.29444241890155,142.18764680162923,108.80951587702616,233.7854674416476,0,92.6456246792188,656.7699862754883,16790.377516901484,912.7694692335895,61.09094045640962,882.2194323807809,922.6321875367981,14608.176862172286,865.8475743491935,636.173031222223,0.16287342671694108,8.652681036991853,6.761824676674017,0,yes
275.2651883690953,301.0763485725918,350.73345713644466,208.9674812694304,4,38.484782953242835,977.9176772319382,18045.013519203807,922.553895205319,571.3127387758697,356.8628493238915,807.1454707862309,13054.005586148305,185.02629254674048,663.3627084298947,0.2878844324730766,9.353308696476605,5.823119957137731,0,yes
252.23071663853005,208.0534565081056,227.7161342439832,242.49032536718389,0,59.163314633297176,725.1487376478749,19519.148256223012,992.7946972469409,642.2003543446226,324.3207574584467,810.6110653334368,10893.873793374552,472.85451418224824,609.823699151673,0.21646096691530967,10.043099566938915,5.0738523069901795,0,yes
250.71555816373842,190.64119430743776,379.043434993154,241.349645524109,1,58.379499919905356,672.8905543907356,18589.96061369457,904.064118308123,909.1138827030031,77.34316332246055,998.9772667634098,14616.684909553805,641.7605915395926,742.9683652407978,0.24324326180520706,9.554812439044658,6.726155490291458,0,yes
242.2854080332476,182.17361143577955,106.57839881279449,272.5875628975681,4,61.590781340121154,983.3201915783502,18206.704103819222,971.6266172483648,104.84805357839231,797.466582566147,938.2916255843962,12404.042990945187,693.5776593015951,677.9294008448492,0.20294874674516167,9.442146725889838,5.817394141830212,0,yes
277.9336655677224,219.84490691069993,388.4536505440144,220.27839741069602,1,89.5133638084232,933.8871499327108,15620.526313862052,967.3914405041833,194.46619071622536,786.4006191858516,829.1310862776497,11223.374690346262,474.299880469664,648.6564757934573,0.25995112440051393,8.137120692389278,5.220697069907058,0,yes
279.88482986675626,312.23817297270625,261.0835189107145,252.49349417415237,4,30.560797645787304,803.6630027032478,15419.540513669825,954.2910692694047,401.8145709086233,529.6835337971371,813.1248861634375,12655.752177896522,699.0774373295217,674.2804450158434,0.2827134604781948,8.005405737574788,5.873720458939799,0,yes
267.2757548586322,379.71767762754615,242.7242236231902,297.47781335566884,4,98.45426408035966,655.414458977977,18756.93217798239,993.3362236657568,29.43218261440024,923.8526444891457,801.5095921504442,12297.923717326368,438.2869611058103,689.9828879165864,0.3219695727749173,9.646751876752063,5.626686006421093,0,yes
291.36265200124296,358.7255280724545,183.3807414854121,211.46694523726043,4,66.09540834130851,805.4459416061886,15544.585109161273,961.6154461468918,57.86312787109562,941.6440606679067,706.4713052851571,14552.903748473247,382.9734496794289,738.0907577489029,0.28348304730341184,8.069335439372418,6.481288915616265,0,yes
259.18372882286627,399.99106286873166,258.23185069152254,232.1372378205608,4,90.46880570481912,884.6692710337967,15474.032113934862,949.1569683724655,57.52123363455289,934.1924878786543,839.6636179581878,10785.473432230376,716.5544776767938,779.6692357757036,0.31808410970053613,8.050163703293627,5.165477946087105,0,yes
230.27351668708184,112.21454762892202,218.48042993058215,293.9383834045948,0,54.50228432195906,655.3297910837672,17758.018676935626,900.2615183492591,888.6482316934546,30.983135139230853,981.0501924974296,13822.974148179914,680.071382372787,776.6448886371886,0.18320681970309918,9.134480295212017,6.412109044846244,0,yes
291.7775656002001,396.29636475571607,350.6146976854841,211.53543834697197,1,47.02384930100674,727.6501297131921,17854.998966922754,989.8583215698593,607.4874114530393,316.7882791422171,755.9572614531181,13599.490435135944,763.7362030196863,688.6856260552867,0.3176270845501665,9.211169838110605,6.255118698974913,0,yes
285.7352937020994,187.30467172591847,261.3982961046645,235.23192382439714,4,98.73795440541551,699.4568369181264,18337.844327736217,929.9843383350036,936.2495242550962,45.76067359910337,885.5414771501557,14333.65744310777,438.2389955975909,602.711277501305,0.23866298403626265,9.438128436600435,6.467105515290638,0,yes
294.45771710791394,227.16082298325566,262.98657747660775,257.90810187128045,4,46.087046728894016,607.9631453555304,19322.922609149824,935.4123519030175,716.55153932211,258.55644172815585,714.6887487355854,10147.90897329137,517.8724364783624,641.1626961188905,0.2539436992143826,9.911416337418686,4.7603849044743916,0,yes
290.31678039411213,264.18306842235006,189.8964926549732,217.66667508532788,0,28.514069307638863,758.4888981717413,18521.54415645011,913.5893289692606,728.2833106549265,182.89225539221434,998.8740705625034,14599.38806918538,274.48275112047486,775.0369824488598,0.22735291976057126,9.54077105677101,6.566198610265263,0,yes
278.19457953702863,381.1068719141626,336.3869810481202,213.4283426556205,1,54.4225985109425,932.5314741148334,15682.808548564193,955.4343557540335,586.0801443537118,413.8895491849771,807.4553408233938,13895.711659618295,480.37277251208985,623.0666459797775,0.30829366917314754,8.166303566404881,6.282691989511621,0,yes
207.32116357965762,130.79465832948205,117.76493192016387,244.8584943909437,4,44.545075016960936,876.5130935812982,18479.15033076436,957.8331345878257,463.5869238582249,495.3266103679163,915.7867472047658,14713.83395473232,351.2622750412465,644.5439222152936,0.17253026162295146,9.552071152440616,6.598757672235481,0,yes
281.4900651754516,102.75819914607467,341.3678602519877,213.2150358901531,0,28.092216270656685,860.0730890431145,18039.663170706135,933.5627969572188,594.9964220765398,395.90135861687554,941.9719389632224,14547.803987773083,718.2400141669082,609.7004068284592,0.1910157066507001,9.325279097382683,6.6894790175937615,0,yes
252.90223152781985,368.0913276984635,134.08960400616488,293.7155382583753,0,79.78945969526404,939.2948376072366,19814.667188172774,963.1801645293297,251.6492947657597,747.998819057015,876.8666742583604,11564.155259870668,667.0373193855169,656.6659244937675,0.274673972608384,10.234846699949125,5.4568526811558895,0,yes
201.90297219327198,345.7766301064632,378.9718239831746,263.74935371668386,4,56.65585347052952,702.2658641393808,17761.740605133135,983.4118110145871,118.21854563802482,855.77889382599,966.5596427778723,13973.706142481336,328.0269617074972,612.2344595824661,0.3153811810895372,9.158053459783488,6.311580546585685,0,yes
267.79454437830066,313.95783969980755,284.16747746089356,243.83370660520882,4,64.26500745393064,716.2375503684617,17212.672752501345,972.8575113209309,0.6492466559306536,970.5935856323426,774.8161972841865,14748.55928390327,599.7366818017351,725.6086106658622,0.28899192457625,8.885136130693258,6.668024699446031,0,yes
224.01152878867478,179.49674713262138,357.3292201605616,262.7714629987804,0,92.39922249027339,795.0939450227389,19998.518571777735,906.5653825122646,248.02801703300557,672.9508603203353,992.4856925924624,10682.774128819938,860.4966453599167,775.3043788442766,0.23563001069103978,10.286441313360386,5.232778783469774,0,yes
271.4055677784623,156.29585495242455,221.10451132691273,226.30450513487432,1,83.74335875688428,920.594723603336,17543.453120563114,945.3420958922609,232.61688702534155,732.0569380807162,812.7186200193165,10614.557223263631,627.5128050969577,615.9797243569517,0.20071479562774386,9.092513055640687,5.025380130427581,0,yes
234.14547652165996,180.73346567477915,308.57174263146965,245.38153469517,1,20.94054818641378,931.9197102939581,19308.154913361588,950.5539678689634,833.0184027919289,85.1467754340697,920.4474459065493,14769.501011334512,683.7360625952448,779.0232420007784,0.21919231964518288,9.978165251104981,6.768061522017659,0,yes
290.42549359801393,113.80188981575672,245.2359515683116,206.4910867728629,4,56.46485369282519,837.4726708628694,16660.362978991496,916.130346278771,18.755825741091577,907.6193454833774,858.6919219677329,11881.035670412097,479.72708251514973,624.897663438923,0.1955600457186818,8.628155885376692,5.487147103328076,0,yes
209.0851334848349,289.55830813200816,296.6865124850933,263.4634112872348,0,82.9503686098841,808.7205247647792,18760.47504045207,903.6959120841547,894.5146897018751,68.60089122275383,780.4861417572373,14160.348236550833,723.328389762048,679.3304547105632,0.2645917854657916,9.670071186115331,6.477214931561408,0,yes
298.6653382626076,319.22677925863246,120.85939264766101,201.25367904035838,0,42.897284663911115,992.8941745941313,15029.8817029686,949.2633294190184,336.2958822748654,663.250223129292,738.4791861154898,10229.72913099257,392.4761938250111,698.471172464477,0.23514620616200682,7.85286455482663,4.763387523695865,0,yes
291.2120511251565,377.021758712716,306.3752483541629,227.97772029782683,1,80.57819862417361,802.0059962097232,15527.751228659494,960.0481207642113,330.3070451427872,649.8538026817532,869.9550432967042,14680.454151036236,599.6021284881992,733.5835255667266,0.30850444216435785,8.059934029233515,6.681074004945191,0,yes
272.1689975987676,115.26122177672833,173.9746749677766,296.9155638298346,0,28.722600932070385,922.9386361562305,16427.104534317303,972.3054800043461,911.1964774999898,43.74686391539308,898.5720502549477,10651.884915486231,870.2566818781801,623.4290454645726,0.1781773820791127,8.538588641530884,5.171381587147861,0,yes
293.96139685096347,129.01783595764692,347.869055558152,278.02476582777626,0,81.2908872447692,717.4831921409957,15252.661494570038,924.3824288956897,983.9539822473954,1.3839483400954578,765.3998643709846,12148.497376332783,358.52306564814154,638.119228709091,0.2240490892395469,7.89873861393568,5.518182226906423,0,yes
243.0660908649169,121.50999982959304,237.09336944168723,250.91440906789072,1,54.69673484635122,664.0873368989098,16778.802223577146,974.7961193109621,132.43506267724004,778.3303310157702,744.5476136638837,10214.090513380033,795.0148068082805,768.5808354174551,0.18768372049316184,8.657016169324285,4.9176448845656235,0,yes
223.34761441960416,188.45388577853362,169.92146654925523,216.73144784001772,4,46.36871753444325,771.4520086913728,15722.756589031706,968.9565329122463,456.38785111789116,517.5851361859131,720.3073285691886,12854.456776996736,224.86524412647765,710.9035375300762,0.2026522550422453,8.151858918165637,5.737063516576443,0,yes
208.09047444787092,142.73115700757236,150.89305459509148,280.8376333789008,1,58.419267692991326,952.4559246883275,16291.11957925997,945.1138197570115,0.04820099147638719,977.2853364375487,990.0234782520274,10206.601336889693,583.161236166129,641.8783017895087,0.18096734206874354,8.473600675676941,4.920512660074254,0,yes
272.3264173983275,203.098785305441,321.69631279734364,247.17432665157133,0,69.61224460833368,769.9173619492456,16877.814426552315,923.5719685777294,123.41041329516078,793.5584657811158,798.5378332812031,10343.602375782382,278.15985542493326,660.7902370648592,0.2380680560489286,8.72280822276097,4.770897843333579,0,yes
255.38636612904466,139.1084093795485,272.52947313075833,266.1469739850015,1,24.856526923159397,759.7533358465673,16995.214551503996,936.2973347158454,98.08644193618281,882.7665356404252,900.0233168546797,13477.810548643905,269.2034357564511,715.4492042581329,0.20266411729619033,8.780995505618622,6.077579080729746,0,yes
264.4415021468876,213.3883445532838,201.65395011005154,296.50282936903074,0,64.85672901650636,804.1287769615685,19552.02635271706,916.9331377976379,72.7006807064557,913.0984720253836,964.9920383222092,13835.254745985188,467.33466598272753,759.560555251266,0.22644531951022384,10.066627948893842,6.332333458364339,0,yes
224.60509780664398,315.6217630194566,311.52217351894865,245.80124069646135,1,45.80362586696708,829.8741894572063,19849.20972835916,939.933547526066,39.28774423633536,949.733159442225,843.1355064971482,14384.90730498913,723.5573223848505,720.1043932558322,0.2757412844944866,10.224134087885139,6.601151303792221,0,yes
284.1291083256214,381.13375614713453,242.52022855576237,218.8342712062319,1,61.01336161194111,735.3539509123045,19549.87743280967,951.4527221616858,243.69482973623766,666.877600828343,826.7692223748284,11226.14542812751,720.3739534394397,661.0256898594217,0.29219235443480934,10.055006444120126,5.311250301159654,0,yes
234.35445219486857,163.53601644042809,271.7839695388458,218.86579961951963,4,67.22534159064125,983.1715703385476,18606.12668980932,948.1402644183297,101.17525266274804,858.8242087140063,797.0145564749645,14464.140625563046,417.9900934366971,664.4534218702026,0.21749657864366193,9.638586782682738,6.480822984684979,0,yes
208.17984185987638,341.3352161952208,112.26038888892344,216.96504166289182,1,46.186494826041304,833.9865759359998,15650.047973039605,990.0672555441645,854.9409391265623,121.94663835395454,745.1303377642308,11094.702994112831,278.35300789071505,775.830827483601,0.23838156007252775,8.132392739031841,5.073510268910616,0,yes
200.54181813664766,108.12626879510256,363.66171202834676,276.1901727574224,4,95.02136244145315,732.7943806686617,17059.618808582727,927.4732171273367,880.1931128638857,45.77231967967009,995.0548576097905,12403.069126483104,322.53541598860363,726.7378379923844,0.22439939324757047,8.80601961158417,5.700966475188331,0,yes
282.35162930222793,249.30854755714049,314.08759981627645,290.6235960773361,4,85.70512599661849,894.9925034284873,18801.909333927342,921.6683713315107,904.3176369123978,45.87903386645041,883.8250365357706,14572.170848150934,391.03827094785623,720.7548434393348,0.283012990514851,9.712671865630343,6.55404985654714,0,yes
219.14961078578412,146.83270397858507,177.03587458571184,253.41711349609457,4,66.42175288672887,960.0953299666,19164.02694737717,999.2786229166429,827.4999472273357,154.63055174863484,999.2817776117297,10787.2378952449,531.3708377147375,795.3841268966708,0.19675444163546923,9.919291322319475,5.156730447563003,0,yes
243.03763958159698,132.18254783888105,305.0206065920639,291.57863613042844,0,48.590809393635645,614.1254229662917,16411.558790175284,947.2177652614649,380.41823518385695,576.9244209666183,903.542011865854,10615.767459353918,371.91592261632564,687.0924452994518,0.20889994085157831,8.458695013377776,4.968266049610467,0,yes
275.5295664716138,262.4536852007851,380.37109331600016,297.4367462144902,1,76.90026359743054,872.7831114728931,19077.57510150034,968.9047165041704,151.77895753349839,765.398059923434,839.0256488829411,13177.476352215352,507.9426545811842,641.241936803637,0.2889192965290591,9.851967191095612,6.010021921717899,0,yes
298.2533586488892,357.1034954046971,153.1707707161305,290.4448175587559,4,23.430901572989438,804.4815840951729,15900.16647911106,906.120792285222,659.3064832544695,321.34845068010566,866.1143006754605,12952.094497851542,624.5477235673126,695.0209520999339,0.28809867618864715,8.239300300307558,5.993142008592247,0,yes
244.51528528691432,228.76007468308165,305.90552415200204,270.1965700613591,0,29.413938462766378,924.0807637279969,18825.832487179057,929.6262711728951,755.8324666262951,148.42334551289764,866.1620875674232,11099.952363046945,634.4914213341968,676.4369665721655,0.2412080958848125,9.732341119624095,5.243339968318366,0,yes
280.38159815482715,346.7536406189598,223.4723307905043,232.75369926705181,0,94.44208646306936,695.9640821449532,19205.771180186133,953.9909469317291,175.26413516711668,781.1882246897189,901.1463420266819,11413.618710699335,750.5118536067451,786.6009811533683,0.2771432878585122,9.87462124400318,5.450964651923681,0,yes
204.70490505224097,311.51882531574796,175.1185777647736,200.05632766868854,0,24.90709085105493,660.7126505929785,17266.371347132845,923.4295110996949,550.6167378535073,424.18183056327996,871.6950091518792,11348.237961877967,605.5831041267811,615.8338532339674,0.2285319910449274,8.892997611166326,5.335050177977882,0,yes
231.56477482586197,244.2338817801736,265.1862114837114,218.01821244875728,4,82.75996362087511,652.7982407447765,19789.005767087794,913.6570066723519,282.2855231734281,659.1165616974688,750.1836449840138,12413.533047828781,503.93619572488683,782.7808106866976,0.24988743610392064,10.151248344201015,5.689334746340675,0,yes
263.57497688210134,256.91924691319946,334.5471566890858,239.91354479466253,4,48.432042029225784,902.8169256702683,19770.10367877747,906.6339353273976,300.30305323856925,631.7182016218128,912.4995682167457,12815.528201239853,246.30568882886453,737.0900777342794,0.2729441761784874,10.196491649277348,5.80463796392154,0,yes
257.1435016935417,117.39098350766646,231.425041431576,219.1065576104366,0,70.37917362820028,749.1781211483508,16943.690704777895,960.5580562338225,122.70766210049901,791.6317094940792,932.9295634351722,10356.959249599448,751.161137807887,683.8714315199416,0.17829234536606978,8.756225703842945,5.0218722705557095,0,yes
207.79134673611443,373.0966908602086,158.7991173610972,298.5920953750511,0,80.8831210641481,968.2765042323773,19338.483669694087,905.0185543182062,538.4508190051671,412.17623830265836,746.014784483424,10133.601451450546,406.6525682846366,680.4350390257056,0.27703216504017664,9.995427775932006,4.7244825058516495,0,yes
281.8609512625423,262.6557061633394,385.24104044775225,272.42072523393756,1,63.83068075609293,803.4991119190113,17654.40480024455,970.3352819228264,119.76195173019573,783.3368670805634,970.7021465978626,13505.446107061747,224.91892368353206,796.8779110343505,0.2841294687475755,9.125013564054877,6.099344462614236,0,yes
297.9220467268555,258.13954385272655,379.9958579814325,273.2264253262512,4,49.74139673568619,927.1524841080632,15477.294823194392,942.7450979865569,142.01377255504252,801.7517017433552,768.3879606715919,13645.162246492206,577.7400149379945,680.4144765960538,0.29369916342039554,8.060573060447279,6.20554501979784,0,yes
262.82765230704365,117.6692106670211,320.1747155147703,259.67650234132975,4,24.747523229752197,764.5578905571765,19978.724121592808,938.5833905802012,344.4847915528608,616.8971194518547,768.6376222490222,14009.343463756522,292.1495711514401,654.644331717554,0.21525101689461681,10.274130228474291,6.236120576764066,0,yes
281.02178993360155,168.4240840101443,226.96635216287416,204.88537846371125,4,20.289503099969657,980.3930769006611,19153.673484076302,909.1945552687068,560.3579727721134,416.58068109436397,715.4630512353253,11687.501777038533,642.8667429250463,635.5739986083031,0.20769594548456574,9.906383633353737,5.42605126151376,0,yes
266.93196687133457,335.2352190495222,357.9499056661527,242.05070543660065,1,90.09614425529601,767.9698276436268,18201.2534628264,990.3309573071375,193.4876209222528,728.3238536262581,754.0709062172725,11959.864420520178,717.7370787912096,796.7690016253077,0.3030415620771987,9.393291074390076,5.594127811329708,0,yes
208.01830097940535,364.83874554640124,286.6154319922749,236.48996778040083,1,26.440509879395442,726.9887860932603,15522.442586606117,983.2618137666208,255.51015580549293,667.3123754535072,759.8828351841639,14679.708797009156,314.5240802532819,637.5600356104974,0.2840568942396136,8.04383168286877,6.502180643646898,0,yes
247.25526139218456,255.4027310186186,298.12490877411426,255.15821141932375,4,61.26182309245208,685.6312284662101,19135.625127536987,947.2721568495615,254.97691033584763,725.1937937519933,861.7227845066956,13086.948126428464,545.7947234997519,633.46309653971,0.2676507106201587,9.836354566032867,6.005675887538056,0,yes
259.1288329579834,115.05868464338178,115.48697966248757,259.77309184366385,0,99.66079396883796,829.8856324161569,17725.941490586305,974.0005005925635,251.88924468478908,674.8703035367874,862.3382720136401,14861.870293435877,641.4216441787855,638.6833743395166,0.1662385416799289,9.16719507565922,6.747472402251417,0,yes
213.39162367906937,315.3216547271278,249.93254077129077,217.77054236926918,1,67.6499331471743,769.1020345103846,18218.969833739444,950.7341347032111,875.1820116968684,31.85419268615385,829.7673456954449,13389.997697473897,385.14758311494575,658.2883694349548,0.2590275263747127,9.396931952660937,6.043058059312734,0,yes
299.07842196934234,361.90526285684257,202.77467740551555,245.53356075691136,1,76.90482556231623,662.1458922008804,15554.467286052104,945.5694797359841,31.654867638129886,879.7688269950779,887.08909178965,11135.624879377112,406.3941755252371,787.3547040035721,0.28578407095355923,8.040395588672752,5.190422794837333,0,yes
223.1352091270584,221.24883188254014,389.43820734407404,202.0638362277707,1,66.18573726585437,620.7184738115226,19874.264694768586,960.5608113958215,663.6663913964461,267.4046159819119,902.4012596994567,11714.932836577012,863.0714207159459,748.718127514486,0.24720430274335722,10.19331890978696,5.6084803373675065,0,yes
298.7172949038018,389.4371186034852,292.19103505584906,299.9950193613413,4,70.55204913683883,814.8717067884872,19487.986617192906,988.6340750421143,436.0497261794266,562.322378518413,773.5115930478644,12430.711093563374,298.6759151901447,615.16423624814,0.33672785128671945,10.046878914126939,5.609182022590665,0,yes
269.00166397072945,138.2416450277638,385.2510705958967,232.18857841864883,4,42.72170975276949,955.0572174090215,15596.732408063406,930.7982747338173,133.25979894505105,778.927945776051,833.4450767946184,10614.463958714641,340.0086672119884,674.5470596842913,0.2340379287511675,8.125039243278959,4.9190987032671645,0,yes
249.54120961606498,284.9104784821952,262.25533766817506,256.1545662076347,1,23.198515559825736,977.0002824063911,17061.024193813184,974.0993443465975,89.81552557421217,858.8404413110508,895.672912334993,12828.77179050963,729.1274215889476,693.9158636648109,0.2559841082109197,8.868190910383447,5.992908240293235,0,yes
223.44093027945763,155.1530061439574,150.75969712177195,230.79112146352642,4,40.074948698669914,657.469955449359,17583.17334817871,951.0843056936077,107.87058777587663,865.04540006132,961.5568934657692,12213.467294697804,434.7928978745729,674.1423851343824,0.18753222397565178,9.054484336758044,5.656147191607088,0,yes
224.54693270844655,322.4238472516106,139.03542058473573,234.47901260412567,0,92.19137657779393,948.9894836410592,18519.68052974792,904.2484877837835,877.5160112889521,114.99540828769636,701.3157388804756,14059.85791716744,583.4416840408177,625.1923772525735,0.2435250760528171,9.581491972549093,6.346364494587471,0,yes
201.1462280807018,227.12018817614967,129.60931757523423,263.85738465034615,4,52.76487611970203,738.6291149843221,18482.63638180903,990.9635741359194,238.78186315460147,718.5260976691382,714.4627081510546,13393.430916920996,468.9359909180599,678.2572490773717,0.21748313259438387,9.527567664852384,6.041340018376295,0,yes
231.97715177588378,160.6319758407074,195.50879881976397,239.70573897785297,1,28.111327221218964,882.9859604200444,16455.34634198752,989.2453890346944,182.50313873920055,762.1573808631015,896.2746288524395,13820.44402520683,479.7564575809814,625.0729417812829,0.18803119063954965,8.545974881019971,6.280486484465922,0,yes
261.8106681645118,371.2004275789379,238.13668184865801,246.89971315978985,0,70.858254750276,957.1107033567578,15181.809883497548,982.1939930107231,619.8319695907538,282.12825151664083,948.6812735658145,11973.624320424002,259.178692275535,641.7002611004002,0.28736772308679376,7.925128267381036,5.470820522271571,0,yes
209.5780223114114,220.045641521823,204.23074378740475,234.08974894223073,4,89.90604389610111,733.8213054054287,19332.471244473767,966.7596655266863,44.990032973779854,909.5125120210205,939.531459639353,14027.1124737385,268.35762602554735,794.3435819381057,0.22935776050405526,9.948073940107799,6.319621540838544,0,yes
254.00258371334797,289.53168012823585,237.56995643471672,279.3824053840814,0,90.24189564449665,999.6084476610674,18166.724828612238,979.97402937291,283.78140330961475,681.7112826610676,833.9368111119397,11124.440448308469,299.46304629966335,779.1299022962571,0.26253314264890576,9.42707618660696,5.12823822339171,0,yes
212.73650628983486,318.2272517028416,244.33576329247143,230.55799484071073,1,42.96184616450201,826.6125003028177,15772.885128380365,990.7276001681586,506.7897209028057,410.20398594480343,872.6885619064622,12560.077446884701,638.2097411212748,793.5941786518669,0.25844185689365623,8.192248415263576,5.8487653419051755,0,yes
216.60781358620403,132.23078116290645,118.92882935042451,227.59304123917778,0,78.73686167933735,749.1392456480414,18621.121400586984,947.3482673792452,311.38361853170164,662.102284845969,732.8146250069424,10389.180388385696,268.51920836468724,666.8798393678795,0.15935490515238332,9.593113949342817,4.767550435130976,0,yes
216.11747217733867,282.45464246467645,217.78863951971752,284.09076123066416,0,68.87949124109964,601.1836186884653,18618.9778855316,943.3830691631757,691.4243262359585,282.58239068385296,895.9695283773451,10923.877898873709,125.35154293880231,644.3698929404277,0.24921467107560472,9.55906579072474,4.986544131515439,0,yes
237.94801384434825,232.33390948340517,115.29394465850729,283.8611879508599,0,34.54944242721729,794.0169047233283,17650.928608120867,968.8088646970366,143.4557550427366,813.7990899870908,727.7814894805257,10953.777374836853,869.6540780124633,712.3485507182276,0.20706362322665822,9.120948245982103,5.235581212809459,0,yes
252.30584525488297,167.22533992087187,378.4519344129359,241.43014587601286,0,99.7374882160907,686.3496942728333,15469.528807463541,977.5583269608461,902.4606926406402,48.90504891296143,986.6315828398729,12367.732796649725,605.331534941215,791.3270949171737,0.23517629297827847,8.007640281790959,5.8086639611882775,0,yes
264.2591418504315,344.60683761381176,364.7958321663628,233.45366129071647,1,59.32460828619007,790.3281859434737,18551.54836575558,961.659151638805,37.50842563619668,958.5411218494163,975.5874969638578,14032.346824856242,634.4602651102769,697.3625088210044,0.3022327331245187,9.569449247327865,6.475439757017759,0,yes
268.2798705623233,249.8760411979945,322.1090407864033,265.35415457146667,0,50.601532547684734,627.681788566781,18793.622252568886,922.9892782598214,424.2606795658823,512.2678945289688,878.8763230797794,13864.594579076738,334.0065633247468,753.3710043964627,0.25759546518231585,9.64935350898582,6.248676012699239,0,yes
256.25871468111507,363.65963585084256,321.768986708137,262.33342727401333,1,75.13190658316319,659.1574971359515,16203.075867206131,960.0765687206409,485.9926072684474,440.43959933124756,876.725548564788,11624.743198634053,768.3518708823152,650.1603148704047,0.3079996156988649,8.366042880813975,5.510606740476415,0,yes
295.63314438141975,160.45402123731137,370.70003428976514,286.2071083519593,4,50.829040859258384,653.3474670568345,19325.449450924738,924.9836994898432,711.0126627563402,210.43473290495353,911.781187149164,14243.380514824607,597.4686199568567,621.4951664304592,0.2552084908827431,9.921139207954164,6.499298485253671,0,yes
234.4897694559312,202.46688298320757,184.4609405233807,262.61352019279,0,77.23475820299466,919.7230345163948,19597.26276919342,918.2961676163941,340.52453887638586,595.9077867931246,901.5326703178052,14739.917648233954,891.4858315165728,687.7981344261104,0.20962942992224284,10.11551170430936,6.822168654850155,0,yes
258.1228459848703,264.06578159295225,315.61260594548287,202.2291406217536,0,29.43505610160664,834.8262242001024,15014.601125452195,986.3781389282192,108.98003773706269,798.4233951369248,872.1209614568656,12806.043277480105,116.74674264244338,731.0271489662177,0.24540164629869185,7.814346523361513,5.728698146849384,0,yes
297.7181400148077,116.87621400832893,297.04877466483134,260.5671636423954,1,54.62330474383645,870.633603491643,17028.11796457947,999.7295239110924,925.4136890797638,63.29963512948291,772.7149672077642,13641.256046143144,889.558956498574,773.6968464528998,0.20666035685866038,8.831021875810286,6.349000272713921,0,yes
281.95401058589664,298.6037642120254,103.06671998572091,248.16863268513004,1,76.63315648227795,881.3600690108376,19564.61040218948,992.8398933332614,297.71730171948616,650.9634707649077,793.6741640757975,14466.867192662505,366.69507187100515,666.7414135939481,0.23884478792478261,10.100737307932414,6.458801635746715,0,yes
213.19610809985414,364.26295112987316,390.34904299082183,247.95553048297432,1,90.05391785017189,922.1952079700246,19634.864699504767,969.9137668385065,251.52217715577902,653.7635965021924,991.8223560054894,14276.608622435324,528.3075366318407,613.1304264452635,0.31551677091397884,10.141968814776243,6.51364229046028,0,yes
295.7651955362637,132.8895139424538,127.75232318237032,261.6018645299943,1,31.002396030099916,761.9979446263136,16199.462833797068,980.0894752329314,866.5197509293267,39.52872781667884,787.1337751073746,13193.677329043521,177.10920983191735,761.0940500293192,0.1761969256113128,8.38965129760533,5.877710771363561,0,yes
297.3073396038882,382.5938224559263,318.4047166296442,227.50264676447563,4,37.96509311311762,758.3115405693823,17085.81255178041,911.4289430386625,378.0761630640204,542.910414828124,754.7546422045767,14259.7240176562,171.70801638126667,742.257482538393,0.3204598287006639,8.822570842894649,6.288553863711163,0,yes
232.42132994315577,289.99584064458895,129.39955098452137,290.67171681200546,4,77.24082446698121,894.1743756383814,17261.82528103788,901.5470155404562,152.51475036014548,835.8010662689451,992.6151314061481,14013.075580139559,420.2573080782206,641.5258630017647,0.25497980617462346,8.939696397494009,6.380451791218347,0,yes
289.83662743614804,197.70991698100943,223.91295794412292,242.1674123533659,4,76.08684029716423,989.9750862045967,16569.342470764226,961.7925934777007,381.59872351020135,580.1353267884491,859.270532478973,10674.15424200211,537.4115520238522,787.7443598135594,0.2343861543313351,8.623645534422126,5.0540690767017935,0,yes
288.9329016946042,229.31550471678233,175.88536784778205,228.86985048167884,1,68.46429845901429,671.3567422917371,16027.521221330133,946.4675601624415,498.16202288102573,452.7210475607953,974.1893052539153,12221.684112450072,736.7913483236109,739.2638754134812,0.22169047833893557,8.279062296929629,5.790849206996804,0,yes
287.7527532536443,264.07309546089016,249.59063018454265,213.63779761669747,1,62.625158947219774,724.5160781200138,17007.31798456871,948.803664963986,575.566359216232,359.4841098081715,808.5687699324734,14166.6849978672,664.9642733107263,739.7092419882597,0.24640455175675957,8.780968757534845,6.471754675098167,0,yes
262.3742965799449,189.71006616747093,314.0003265351537,248.79710370566738,1,25.242742697014265,903.9720624253619,15707.646011702791,993.8371689836813,628.1334086494132,340.2571863823425,733.2254583405321,10737.726797799194,204.4617436388399,684.3897401381817,0.22866147665508746,8.177522240534282,4.883109129587841,0,yes
242.05157036708698,266.3240655376885,113.11800280737837,283.2230942101103,1,53.89139027126841,859.4010478050925,18274.208474437102,918.2454698791141,88.24044038650095,909.3693858797055,878.9099564065589,13200.12718940613,633.6167364634825,611.2427702871514,0.22704654686700831,9.440302859818212,6.09246673829887,0,yes
239.52961416952738,345.171524970023,322.11736504577937,236.9367443572919,4,96.53494707375593,996.4708357871556,15962.462389785105,986.0951932564734,742.5959621810977,188.19904590345823,860.7333293290276,10518.46833480291,843.390564512728,751.2185182509336,0.3081712150190163,8.325066243695925,5.105649511705136,0,yes
256.36636609338984,113.11762322565282,161.33896817858732,288.35685709287395,4,95.04972593062091,686.7239927345316,19958.200810152408,988.095435660141,346.2952049361372,633.4000626687816,781.0033030420345,10625.053078786332,294.4124056766584,741.859592555042,0.19541985353147734,10.253517288562467,4.902290496522687,0,yes
282.14244218263667,286.5971106162219,154.9842016939864,271.8101829635798,1,34.36431002218261,992.0307181011758,16116.053978725986,916.826702855993,99.40500918041836,829.0345210159294,947.3602930365797,10992.62499910197,298.1748308696368,673.1296899531626,0.24386444569401236,8.391303597608777,5.1012323029737745,0,yes
202.11476884230206,118.80030552213358,218.41927944757938,288.2475352335722,0,33.10787567212888,870.3030275835349,19182.62617599301,964.312224235503,842.9146505373595,68.83165579448507,869.4474864760234,10179.128572191663,498.62424250540084,797.6479897915063,0.1784467732312144,9.903298548873536,4.839080819857591,0,yes
238.83504404921354,241.48510615378467,346.6073623354959,281.5785605507862,1,99.53135738534884,631.437596558585,16339.521373456879,967.0873173443039,312.93144485514483,660.8388395661162,722.484244124172,13040.017130258586,519.1856605774838,612.0163001015537,0.26881213069120397,8.429181587073543,5.916878414442433,0,yes
249.57625873222065,339.4734671648957,301.24224349207213,299.3641535909695,1,81.0749449650806,602.1285921072819,17597.235721164907,963.9842511077248,883.2280998383216,37.98568857628186,909.4310783797714,14800.533946886218,835.5732980578517,719.1423685199645,0.301528152657061,9.05123573479012,6.829262248779,0,yes
223.1302030739566,305.2624099726679,279.46996165202836,236.83320010849656,4,42.0923096622934,624.115013451043,18602.935038519918,991.4550208963899,787.5841054255545,131.90710294114967,807.5114901221577,11597.530325926899,157.4045059267629,681.4487785768612,0.2747407655406633,9.56266484312049,5.2308161720181765,0,yes
211.5405368238983,253.93969336386675,115.03051311811384,279.1213581666114,1,82.80297604175131,774.8288733117374,15013.569672868229,944.8172993458948,754.1444999724501,185.0935344895238,950.9985414947649,11707.677401069255,686.5834142453591,772.1619954313907,0.22143610062099428,7.794691153644833,5.558662921726569,0,yes
272.15261890484175,151.054923471939,237.88351465620846,223.09967233945588,1,64.74700629924273,635.1039415099632,17144.418706600183,948.0722141060669,250.97773951638226,668.8021444306748,768.2471554907378,14675.843505410257,850.6538349885743,780.0071936372178,0.19903936372029857,8.829809825617364,6.736837690279395,0,yes
270.2060156873439,287.52161447406155,248.6601577621845,251.0732269803233,0,73.62496509852411,885.7664737991239,15681.541858733699,932.754157477298,514.3264038348009,480.0974763813233,745.8373691662784,10232.785639921347,472.23111409996517,693.78775232724,0.2582458434008107,8.151914700096459,4.798126566050198,0,yes
207.0393255663624,294.8181709477068,125.9189781049079,222.62729412445745,4,97.44418424903088,609.2899595099266,16674.041535481287,918.3074842106903,185.69711278657488,783.4780815945246,891.2707963877328,12537.589520515776,451.2932054986447,734.7830057670417,0.2419396279054158,8.584921567059283,5.771771451633307,0,yes
285.58030375447373,346.21588871695633,252.4055870600766,204.99032930890982,4,49.30922875591794,713.1890156812158,16927.078109581555,962.5386184959012,58.686226500189264,933.2783092657073,939.8167568170327,14140.42252899288,497.82140032596243,699.6439366852641,0.2881460935016841,8.740242674293219,6.449440309932818,0,yes
296.0338611786835,264.5565819375232,334.663847436791,237.2906850646357,1,37.44821224383046,914.1878096057419,17551.918718304194,924.7009119406114,697.3707375258424,280.40246194211954,978.2692210956357,14024.223919213062,612.4667710654767,646.7960528199402,0.26622797580931584,9.092454849632459,6.455287023950002,0,yes
209.1306182687759,280.2053913774715,280.8636223328291,278.21672016324885,1,97.83326467212454,790.60778515871,15671.531534609903,951.7838018014389,497.29068426710967,463.7955640406698,920.5689965279132,10025.694902146775,684.5782384535837,768.468864682698,0.26651419532740495,8.128142960079185,4.875409144686121,0,yes
286.9137849195243,266.95225165234893,380.60523306950205,241.76543879277855,0,76.86878903405349,719.6234845636872,18633.428434700214,913.5270179117271,952.2246045498916,13.737872557702644,703.3275078467399,12214.843352679973,280.5560120062937,634.3438897777562,0.27706914140437255,9.588109529637732,5.485532285300845,0,yes
284.83614435060036,106.84608052385323,367.00835167358576,240.46476816929194,0,28.03179737350562,894.419646066239,16830.999508983292,918.6737389546029,104.36877219464311,841.9410992926099,917.9033527408062,10009.619018981637,642.821688318442,690.2535562855599,0.20364513678185878,8.726677369363529,4.8388117699642175,0,yes
219.5181777135195,259.625387273068,188.12846533890541,271.1804905049203,0,53.53795153046388,852.1463561856478,19150.844987381428,961.2737017548668,945.736563064672,48.09102558013092,756.0032013922229,10890.87557262666,542.6988203188141,720.3097165342621,0.23006964115565873,9.882893660299649,5.097036088899791,0,yes
236.46243995063344,153.03818260350593,205.1216451056626,252.53699358673364,1,36.76252838433803,673.9368967120488,16186.095593746555,930.9573108151009,913.8937744608667,79.71043553438585,771.9858046373045,14864.70148831082,170.86943127819723,614.6829260375875,0.19113644991145823,8.356785812191825,6.530320609304836,0,yes
278.9099260131029,233.6934849076195,111.38982383900985,277.67523977392904,4,38.13085833621514,952.28430812806,19207.157028261947,986.1570597293041,40.42500571222803,896.6757921941303,989.4707260716018,11416.948233097639,866.5775031319411,748.6266107887948,0.2272211296703034,9.937243155176063,5.526331468985453,0,yes
214.73278169263864,266.5208099028879,243.42363976408896,231.58233109255752,1,90.0682774779278,953.0937495948328,18429.338349727546,912.9473369502995,76.35484568382935,847.2746442955973,992.4225123735243,12614.29998303565,591.3402112094917,798.3408439999216,0.24395597908484487,9.538449290402866,5.901143179121453,0,yes
291.3222881885689,165.52052468113715,314.79818882397865,242.91752533871767,0,92.10031013219334,771.454786343438,15749.659301839834,919.5349244855913,156.77997613268457,786.6364466250973,867.0360810806382,11195.534218358387,179.06025124080375,613.7307229800101,0.22603944570184142,8.158519970505642,5.096897053247398,0,yes
201.2630783185744,375.9451251207003,209.6635238976452,255.39878049376335,0,91.4472039645202,659.3413960188386,17724.170981048115,933.3363251510791,656.7321093191765,260.9445771422112,896.0486728588228,11627.795509445088,332.94985772074835,647.2671471340739,0.28021049034173195,9.122954659761042,5.343819019229454,0,yes
260.65103235233386,102.33505765487216,285.3069765800966,288.35867612428353,0,84.86675709574396,864.1189575401735,17608.306279783723,958.2690123310616,315.48672210169605,616.8063100994705,959.7652170331695,10357.951312076912,812.5062649959775,684.2858035474475,0.19916213352497808,9.113909198173102,5.06005310065316,0,yes
275.56547694889565,158.57387386721456,232.63057317612586,213.06262212518715,1,45.64002290624002,826.7288159520796,16916.501507777375,930.4363245849433,547.6461493686102,438.9946100848716,829.099213370907,12754.997388518548,339.2030300427347,696.5984494027791,0.19701922464197033,8.755771806623798,5.7863961350905155,0,yes
293.82234564621973,343.54538738710414,103.62273806055046,256.0999846526614,4,80.4842569978735,997.9502281649527,18382.07922308189,911.6862240933461,536.251371204997,399.1503888661829,975.2061431649654,11539.615676664702,535.3317098159247,636.0881147317705,0.2725068369491126,9.524983153004023,5.422126668445196,0,yes
224.66203553278518,256.51539130591453,292.5699679297163,258.40354794714847,4,37.69305990149408,602.9622095832414,17392.063697254667,915.4650614208497,190.08965219143087,743.231467113003,968.2298116488236,10614.377872669438,179.69212559972584,743.0604412705848,0.26181656722604013,8.942169580225515,4.920795040247654,0,yes
297.88483146900995,120.85058515817765,194.40166183787554,278.44968774304107,1,72.36654217007579,817.7095093605133,18537.56055103679,910.4396296695911,709.2732759869534,282.6885521284355,804.3028646726735,14711.914192147367,303.847841310436,794.9219291118841,0.19354889325245386,9.561545183955985,6.558900629620362,0,yes
251.62392896385148,354.38456060715293,126.21061081247578,212.97493386250528,0,53.40510295172162,665.9068960610679,17625.39793576445,919.6616676125726,223.97379579287812,754.1771884909776,731.8419650045959,10688.849783248084,276.0577559155306,731.6134410003594,0.2479886700359573,9.073131933576187,4.899230059658903,0,yes
256.73776681685047,201.18921995661964,293.43325056115566,288.90914123247455,4,65.60017337571412,785.1202877187343,16051.42512023634,980.3900105194148,496.6875651348984,499.3989120247289,923.7156212136422,12122.890676086743,632.4215505866448,629.4253273712012,0.2535216576170498,8.320814444027356,5.681178740406258,0,yes
283.4637461779744,346.3121779560864,289.53927913602985,286.53020515502993,4,33.10838895631089,814.0748139399468,17695.915072026215,937.8268132851364,240.18631464880437,680.4098955069805,717.8233383374636,12164.410813562607,529.9081385061736,685.674764147969,0.30961500864827746,9.143657711182703,5.5714020133973685,0,yes
256.25771831632676,266.29963022198353,208.7044068733935,250.84723246497572,0,39.74273331870713,623.3793576535444,18315.09087214721,990.8295406436494,328.5523715274679,664.9584102774228,998.3772098939485,12752.662150699203,224.2676902551123,705.2885557857539,0.23569670364511494,9.41849587147707,5.809298382515401,0,yes
263.69520030214284,164.61452395231078,238.2149734597094,222.9184788810423,0,29.254405131077775,729.5682032678823,17726.23384472908,932.2587615684464,215.91493404030717,779.2870749403867,842.2760734825453,10554.66662937987,281.01923995822614,696.584762040864,0.19496174987065448,9.139270251005927,4.889446481137097,0,yes
224.8626351198177,388.53071547031743,168.665005616637,262.56096581119994,1,88.77185421503111,722.6524225670448,16909.683477660714,907.7898146164616,639.9941099251637,261.25995609331665,900.11806385531,13432.959217629304,217.22992102586423,642.0643660331287,0.2851199443896059,8.726121794243653,6.01830109940566,0,yes
211.75795699208342,127.56184638363885,288.17218840487965,252.97850114708677,4,89.26663532158186,976.9389652319455,18557.146657925132,975.3544084787277,77.77455218814562,868.3979654525433,836.5594357099458,14763.372792311064,340.09736935121015,759.8550566942689,0.2131250097909265,9.616411491454237,6.595883889963807,0,yes
272.1888883484427,319.77684822609876,286.6800854962678,210.3307312458126,0,71.42262304794548,818.7899550189533,16173.65810911895,960.5826985652052,473.4788861278905,450.6720871832771,770.8922164363856,11067.9924667901,276.22769561310366,638.1036735017817,0.2705775177727337,8.386714456849386,5.046832259881506,0,yes
285.0771055414873,168.50635930794869,127.33382061740284,268.1263979951677,1,49.782724051995416,821.0950168435947,16660.19367398623,962.3233318811205,724.4280430494374,274.32518174755717,758.0028033777783,12717.501091269121,593.8543245064404,605.1060114177062,0.19267091320344273,8.630738486372438,5.834507247504721,0,yes
273.2023975264786,290.5831859893026,162.10725151093865,290.8911469042058,0,79.83101350054915,734.0059784047294,19510.750216239605,992.8088179925628,245.43910759297094,718.6691636236806,796.2024477509324,14425.89852513875,291.03786330054265,656.6368266339798,0.2512830966695732,10.040858535049907,6.4139611244647154,0,yes
255.5470881164002,344.1575649216718,100.36643038816618,255.11684662537616,1,72.93159246284426,888.571901988931,17215.771302446454,930.8408613641764,769.755184937249,216.06251707979652,731.2084239852614,14691.244422468742,454.66683049274036,789.9726182795296,0.2541083045657112,8.919402832290517,6.580208710688651,0,yes
262.02372777364775,375.15293466757214,254.95296246447893,267.6044822056273,4,48.447022782239486,920.593894807517,19733.763241769197,978.3888014301701,439.47171820569594,535.4824368150942,785.9395209963672,10503.463337594529,306.2290853474042,768.6330983363478,0.30966261237377213,10.192224287523754,4.863261309853922,0,yes
239.93118112807647,172.36280496501553,341.5168442855728,230.97987170131688,4,92.66873649327334,804.1805053821552,17153.674290794967,901.7873192607176,813.3162933548975,106.65986192755656,878.963234199321,13634.684672494099,197.46583269006476,654.4420175297122,0.24130072624267088,8.865395992401835,6.086801732381233,0,yes
228.0080311948511,347.30918484518423,168.20566418264326,275.934270840775,4,27.172166090757813,699.6474005945635,16274.979707637496,924.7419641922232,510.85030133059263,465.007584720444,820.690041464099,12152.400040392971,156.23645959280114,711.7552180196258,0.27586773881520726,8.40602001382449,5.469315496404104,0,yes
222.9343708262118,131.73222330788934,353.14320428861765,255.54083907498827,1,53.85844915876183,808.759799149647,18078.00520385555,968.4467410155461,890.94768099631,89.26777997107001,719.5738540680896,13623.640857301287,611.2133733002443,632.7464405954291,0.21325905128467743,9.337728595212068,6.189573344507184,0,yes
205.21490846468154,149.14412294872676,393.54528174935683,299.7494229525616,1,77.19007394713765,844.9968068589595,19640.086756924702,930.0195014060744,966.5309408601843,17.94621543964854,946.2919920168306,12355.191846613454,559.9955689136048,773.5092434597703,0.2378423367124699,10.121609810117961,5.771568088085581,0,yes
275.61509577604284,394.76139352672675,361.25019425452797,216.2045314910717,4,71.56719885265115,799.2125247337201,17178.75967756525,953.5701156200838,803.3520040904666,114.39404303274694,763.6838192382777,11032.463912929914,521.2285049302413,651.4551604337219,0.3331120485285474,8.883922287074904,5.12861018680756,0,yes
266.39430226680753,375.5990120791789,326.84113053329276,287.4716317122735,0,31.880564595673306,840.8466214733103,16425.817854854937,929.6094663340731,689.9021908305242,296.1186808687951,847.5942380424312,14097.093506853893,249.28628253085785,683.0029578122255,0.3106629921980219,8.513486039320538,6.292788734093363,0,yes
297.6510952517196,139.95136976116777,317.47516161122246,248.02425211986912,4,87.11472373567842,898.1772123026506,15436.934454956643,987.3742870410098,63.88913870025171,842.9748892339608,720.6155504802774,12526.312073251385,162.26838114634515,640.3576279011246,0.2335436672619997,8.039953912601854,5.562398241471341,0,yes
295.9662661574639,371.71222547506596,276.3356171025838,244.83282321713892,4,31.423504162355496,928.798886845963,17182.27515692246,943.0149654046863,398.50528844354426,593.6263536645317,981.8621983153644,11377.227283740509,299.14544627621797,781.0681396437814,0.3101672706829839,8.91347617131907,5.292340068246995,0,yes
201.19225842155043,121.75161194178858,203.79306941639584,250.94141477996095,0,84.70578480595093,913.4170758353642,15888.922049864026,945.1346802875786,793.1997952846385,112.85022123955025,979.5088605407948,12116.061588347331,802.3843310175403,675.2272804748123,0.17561078490803025,8.263583726150754,5.762365181706647,0,yes
225.21927853814987,322.66359055816235,229.9741213569078,254.11662594541315,0,62.285698342186606,681.7721961715929,17061.283135354035,910.6977767941769,844.0809603551085,113.08447443556611,775.331600232359,14358.230974240463,703.2565637806047,795.5897350002331,0.2620608491022226,8.793325901028329,6.560882070334572,0,yes
271.0148196888093,393.2066101779299,183.46084077697458,298.87174145552297,0,31.413520543484577,940.9453848710597,19984.597219709212,924.269683442802,917.178066280339,45.0089600409226,786.3020041985035,13775.720432161128,179.23264594899928,792.686990613152,0.2918360879483075,10.314843382353498,6.122960051978297,0,yes
224.41674086632614,227.8665671871109,279.9673734504917,250.70591614648063,4,72.47184978701023,731.0309536780787,16796.551523451988,920.8857972103917,163.240215300254,745.4843932575203,959.708505336849,12448.306540773861,274.84549662168695,792.3403348230272,0.25063779794654745,8.673194702745896,5.692221995994105,0,yes
218.48471912014753,283.0557975886858,332.3685127302604,217.12242009949196,1,35.60299117951274,808.8820671780379,16428.415482045275,937.5267153184938,215.49184532305492,687.7206428552723,935.0597517183176,10555.795763455837,721.2131060513345,647.388758345886,0.25909349425602823,8.508705305250885,5.08396995184818,0,yes
223.4432008589524,200.9579311234919,362.3413938704118,200.77559071969057,0,34.16201228758307,724.7142288712604,15839.712449203938,975.2787586417119,952.719090039183,36.334909905255586,779.9683589335287,11789.020950818605,157.9799490847612,670.1201334659531,0.22542457114194303,8.200860118307151,5.304712853444825,0,yes
241.1749707209385,260.08830997884274,326.47312660432004,257.87032097957785,0,28.559210678002948,926.3086795057293,17083.699670829526,926.9830409865605,502.4009600164881,443.97278626430256,720.4792332028352,14036.032356054471,694.2554373959047,717.9121301023863,0.2548580344670581,8.86142098589186,6.39464120081154,0,yes
227.55384996274296,202.6976834607317,284.32626967822944,299.50007454375645,4,88.76725375190551,765.3218781068229,18337.657219398723,972.7874306847881,196.728095114579,767.7784310069333,705.0250098398627,11900.412215395869,444.8455313162192,774.5220123414996,0.2536461293509139,9.458476642533277,5.444464204512047,0,yes
268.0782910879788,266.41850763268303,233.22037833863257,238.72737584165006,0,49.31354480303506,847.9420928719597,19149.83575114736,926.0103830326555,55.55530548486968,885.3662415212325,742.8298035103237,13007.031371409366,306.34618122418897,772.0014312987611,0.24092195844577194,9.876597759214848,5.843251846598292,0,yes
262.17819323442217,180.38384788857473,398.28080697830575,230.5829224014916,0,65.67064755393787,634.7309859818491,15690.422418990964,975.0333180162812,687.610120963895,212.9261090917655,863.3410599279571,14251.955391387091,397.5423390951084,664.3649327449466,0.239200862941511,8.10644743553756,6.406139693261634,0,yes
201.55035559833746,309.13394231631196,272.5415148253775,230.5474217470737,4,85.17266268851942,793.1331135324501,15757.498765708904,955.8960803617658,373.0795347088507,599.7650048578926,869.522704415976,11326.130083130807,574.923227074946,625.2763161152822,0.2763384993310197,8.172255704591267,5.314036948129842,0,yes
229.43461870084192,136.63066622965817,375.6745924874046,258.3939392020962,1,60.41358583824619,895.3575555077423,16274.402300430891,929.5771439059788,602.7045689028208,338.5087734363502,773.5677969267822,12439.51893916526,788.730957496931,658.7590739770236,0.22194031853647958,8.450084047410847,5.806560080724366,0,yes
281.52290473576676,222.85461853730948,371.81107498677903,220.05130913481506,1,86.02774358079145,722.940956746085,15061.534677694317,927.751036498356,434.0075165389534,490.365885407747,851.5832259263408,13945.616663181703,733.0799520047065,675.1461347841725,0.25779726549141274,7.804840117543484,6.417788486253453,0,yes
294.3730752980293,279.03387632574925,362.4840288729673,207.50577668960582,1,39.18062031018436,876.6750714717768,15470.863689939079,997.1682321792039,807.6464897617618,97.94135769041804,852.9907139339656,11044.429544908562,159.4103974396728,714.6701137354039,0.27163317468140946,8.053404651283158,5.03105306574793,0,yes
213.04109311721476,328.55761863401926,336.1467512031742,211.21503654796274,4,30.239851649176693,879.3795899858624,17376.05341180055,905.0082545398716,444.85348025045414,523.8343852318558,713.7588298552595,11969.2337032348,660.145753608716,677.8005094045147,0.2875071503200289,8.993930287356724,5.5493727583351715,0,yes
289.6203134577969,376.3121167089667,366.99519737525776,235.4815266368346,1,98.35052613533762,957.9539344278228,15448.183297904436,946.4148417061703,88.00611644841246,896.2392719262193,971.3462699156798,10565.976642220145,776.7040339931625,606.2270098879021,0.32387874597661453,8.053573107555843,5.1305087282172535,0,yes
225.57047862694293,328.8433642688049,392.63977438988314,268.2809463929118,0,92.46930464124443,771.3405506126733,15689.003469185762,943.5143062216468,151.41113538881837,824.3426586586861,985.8320379550089,10367.62916281195,740.0972242942911,634.7621594338494,0.3037383629709653,8.131453576499773,5.04487198185372,0,yes
235.6931034056285,139.8175221391634,263.98885923905357,203.13208659639199,0,27.071285633989763,980.4853977610087,17498.038203075965,923.7826384664878,434.35532335633326,482.96635269708355,703.4081792986384,14790.71657100255,747.1739432020091,614.8032424840661,0.1824254748585032,9.08058126521054,6.693328143668647,0,yes
227.8112862745769,350.28384701938296,159.9518385934507,262.6890249372709,4,36.30035199722321,860.6357882659316,18763.110495423203,966.4649524834803,282.1371786893418,631.0981839713145,913.9904604226626,13092.44369114846,625.8162349125944,676.0601144387255,0.2738801350005688,9.691655638390634,6.0571738276402645,0,yes
271.9052961923437,160.37738433528546,116.87634609014452,287.90693269230997,1,97.14897567968974,770.5473102720781,18848.275707486693,965.2002213964757,264.8991886924007,701.1516587452827,762.7903477451612,12218.08292142494,205.76302151471327,660.0444172052152,0.19557148003782468,9.713899000228087,5.484075170493749,0,yes
208.96252078257788,395.7549988697993,381.6610615781743,200.02661959537414,1,44.31533049545954,878.8449883051553,17842.574903352976,949.0163391328624,348.3005730832287,567.973180757843,762.7052519267913,13642.755379258386,883.9382896367931,669.0358444611106,0.31050551611656374,9.233097311144215,6.319525105808472,0,yes
202.47469200406772,233.27007260716113,387.6101027167876,283.17877977077364,1,55.58333553467192,919.2114590000738,17354.11616684682,918.4106766684826,461.90546268491056,461.2659917531449,735.2488918876967,12155.05659521241,898.9979233550505,789.6191184710758,0.2639294156500979,8.99383745419487,5.736409644631312,0,yes
226.75332126065436,388.1420680796943,117.76298895166515,271.7503680544096,4,38.787190131605335,693.1723631153845,15565.778057536276,984.4441714345613,967.3803880062624,20.755646330803643,864.3805191182904,10022.285059956354,853.4173588678391,695.8175335282208,0.28257684297765917,8.05821608731842,4.9132136848252985,0,yes
224.19893344443884,142.01371459120952,368.9376980557213,246.9951634999655,0,20.61484296590109,942.1178010026726,18796.34675904637,929.8959107064683,362.31479189185234,596.3040140668019,715.3285561293823,13448.501803598117,254.39259015066966,613.9516757919076,0.21080298306316508,9.721757053364861,5.96965444576536,0,yes
235.05565378853083,154.80086675243726,389.5495894196026,258.43408414260387,4,88.38543358527804,767.9411115870801,15285.045859283568,929.8036654923967,666.6152380027927,309.23650986280734,920.8090764588492,12790.499382665535,473.3861027844055,642.763974115812,0.24821855079856772,7.926838318234027,5.8823871226832845,0,yes
226.9355824092458,295.45071252668833,349.98103213935093,292.14060034840725,4,62.27543029125292,960.6602573283639,15599.192673263133,944.7284218560923,639.9866742803196,307.6501914171838,870.4018929461955,12572.801393096011,202.22325566936945,796.8525891646881,0.29899735286446294,8.129467593074356,5.683182755271215,0,yes
297.01583965982667,242.0237857105884,341.0164793129843,258.49382548338974,4,73.45324321867702,925.848830113968,15881.038815003578,912.9398570624268,596.0745666838602,344.4591990375857,824.3487914036344,14672.978474642998,620.5216055017837,624.8357979310182,0.27937643518574506,8.258064869264318,6.64843815421897,0,yes
278.0335256883175,269.2911378606078,112.9091215965748,254.02276360214478,4,97.02432018671257,679.8962659373151,16433.902170776462,916.7989235441008,55.26955101423851,903.0663167612722,788.2184333236537,10005.620918172714,780.1159966434773,677.7890325500738,0.2443268950957722,8.480057499943548,4.840270331444713,0,yes
221.35143480047591,283.9970790441745,194.22648750630248,229.45008613193295,0,68.8809774557971,698.4112639635916,17274.82626265777,924.5055420437209,360.7557609306293,578.008251025651,987.1581487711301,14406.014393389352,451.73400600668907,651.2422602968325,0.23485210203933815,8.905639132415759,6.5424736032357185,0,yes
262.8291455994581,121.75639233415977,341.2270180807606,287.25502211195123,1,71.22306944267868,673.1592400299331,15557.702470718568,923.8169007384859,797.7254570199021,130.18336984078337,848.0768123794436,11768.42044387554,437.94826171734263,796.5418219524204,0.2204539636428866,8.041440879902026,5.4440413662422475,0,yes
238.10240348778814,372.11959035504407,341.61088876016686,279.24068500984157,4,20.81062218598417,758.0646425554647,15930.572514605647,931.9634392597382,20.838986368483535,908.4106986016936,778.3983827569575,11693.139287118802,870.4414622093741,644.0867493469059,0.3216100895621008,8.247705569368643,5.539060411656586,0,yes
238.61309245399934,276.814470225298,117.30227288486978,275.82126370428153,0,72.49207211054153,916.69540782576,17509.52115709517,911.1750579483559,322.04004894485354,602.2575144170838,708.2410645473537,12155.05875782341,334.8732394683419,787.1894505488654,0.22850299087201695,9.06997792363186,5.499786790791724,0,yes
212.81511082061155,308.18113359370955,191.94492709968898,283.4960417535907,0,69.29733495547733,846.730393723517,19193.657737335758,935.9421343816774,879.4167917008455,58.94943914921805,888.487252547277,11619.956002602694,340.630979912715,733.7682023930627,0.25385323708466717,9.899597326845159,5.35496405609968,0,yes
204.19805567519325,200.9421370002351,350.7935050225775,247.76369041367153,1,77.04993494087518,635.647950924321,18509.665146551513,938.7789255429484,931.4854167275423,21.27335040878495,865.4128957593402,13127.14965052904,630.2862963474525,712.6553530200854,0.23946810831715917,9.51127490679562,6.063657058082517,0,yes
229.1142623026359,165.91303743061792,237.7611834955075,236.51956111480558,1,84.36238013898388,874.6442110023308,18733.78881471618,991.7334137894647,858.8519735966481,100.30855930154212,829.9566583596948,14046.080001189357,723.5959167063069,742.9927632583301,0.20466630827472956,9.6836537763754,6.45927099777993,0,yes
276.33376291135045,159.62218091608668,380.76191682339555,227.21656266389795,0,98.10448541482546,752.5910818631438,19200.955117607955,912.728927075749,814.7033311144825,85.61064560452314,862.6724453237114,12813.764658511149,754.0086015268976,764.5283798947239,0.23258926993074758,9.879051476932972,5.986396365895766,0,yes
279.348805780769,385.537549107548,274.29053659438205,224.26722208878837,0,76.27091098177272,685.5134871353844,18934.541828754795,992.9835829688483,172.79714585829694,822.4618796203151,935.9964581675055,13827.809148042119,486.4484595734355,761.8264017643314,0.2987072977565137,9.742099924609777,6.327015879577901,0,yes
243.14588462659475,114.23442656893317,148.40629867088649,265.67585212871757,4,33.937733182665156,859.2537201338637,16067.525282601908,906.5297064070223,448.15532460050764,495.4990960038413,975.0278956182542,12895.462528989188,515.0103691361352,616.4375779590205,0.17938928347678174,8.335327889588019,5.954831025580016,0,yes
276.45398450265645,258.9646623435948,330.33802904386505,259.8429731182368,4,49.57982336334278,743.1343962985434,17075.457871087972,913.3214398151603,489.8117897896256,433.0928952527326,847.9827839132549,11319.07982282039,611.8125538519702,765.8995638648622,0.27868079904692794,8.814289700517186,5.329035848453497,0,yes
233.21856290890605,289.7813356832848,264.6458410002175,259.3747223495986,1,25.241777753416102,703.7998331761552,15550.474135995755,957.7884438869924,175.94116070032118,817.4321472996869,916.4562795367344,12857.61872181626,849.7707503013586,793.3537348068978,0.25724835239744726,8.04921877578032,6.0803989176888615,0,yes
273.12296169221014,346.9204638207517,122.76575478775328,292.07740398753407,4,69.10987247984323,747.1910214419703,19196.243106685182,922.845476492369,674.5358268336723,253.48114989272096,957.319853488003,12629.201022366748,565.8000687506711,744.3980211643598,0.28082890651017195,9.876882435868259,5.8762541707345255,0,yes
282.954705419076,308.04767068749436,295.3299925463111,293.26687169344694,4,34.19352528114204,904.541309841698,18489.050240515902,996.2028011484168,289.44753556838526,670.7663726460594,959.2262824686971,14840.794232597651,668.3981905683698,772.1145097604457,0.2968865822120219,9.568682066804657,6.810805563958423,0,yes
213.03334656897766,158.97584096922674,145.7698115397315,246.6138637817062,0,89.48082413136805,721.9085802479241,17044.169878192006,922.6175300200777,311.8141546813262,658.9813719029421,995.8775953374136,11508.232133619022,297.64484543686746,641.8128700055815,0.18012512765728916,8.795227149467959,5.328387905102277,0,yes
238.70745575620842,244.2989562647483,324.78280959562017,276.82839389238046,4,90.76921138697925,825.278777636141,18955.75843388722,965.9518936254998,379.77347388515966,599.4239814064053,947.8194561934462,11137.089444881407,204.01564334498943,680.2524062203744,0.27550453418259147,9.779958940334119,5.129462297432615,0,yes
235.98810575763306,174.5339169336521,377.4736081351323,289.6610316846919,4,23.355403533822965,914.1533925447507,18939.86175884779,937.0801709783645,629.2782293829173,353.4282705282692,993.3796015154103,10519.825667671636,332.7318953473205,782.7520976161821,0.25188506604463706,9.788115175620407,4.966339772409957,0,yes
248.4769741703922,306.6176512346359,171.891690165017,229.97506515615245,1,87.29392043761153,604.0983476299434,19631.495205871404,979.1143675286099,803.162364902579,109.288300578448,801.4540187973078,14572.920811918666,511.7046459063278,696.4198021287667,0.2492809554404189,10.070883242348309,6.561279462042718,0,yes
204.28584677143414,387.080377788098,390.8157950085591,258.4902143455895,0,20.849029447545895,868.3692054851776,16646.2980389148,959.2796464171855,670.0753868788365,230.35504307848942,879.6082333493734,13793.375528099412,631.7500273480275,686.4333895395325,0.31301997700735246,8.634003826995643,6.32578519058669,0,yes
211.4855837508198,110.73217333052813,103.96273244797568,288.1506658560601,1,40.0921608560207,612.9575509242893,19969.834428630027,910.6126346282177,827.44809665362,99.39416999839341,892.3314173701945,13753.55348663413,542.7533589432186,704.3150917529125,0.15836918122533136,10.232563800278147,6.285313035960495,0,yes
239.78879967586025,106.50755878028623,339.32546979806557,201.00129208717254,4,48.33974069267594,827.6337551565016,16929.999624022334,956.4014295321509,682.9618279970639,230.42599766772878,841.7711012892353,14279.890508642646,820.4651912612977,618.4308659538895,0.20293327285305565,8.766290971808138,6.573595205303068,0,yes
237.22039997462383,291.6008143453598,323.6317892235004,256.650071720783,0,27.71206425290556,612.9922828737699,18005.644190835654,950.2702665046481,796.814032627017,162.50543717836422,958.804348570658,10626.276306320035,729.3750814731701,681.6329280194576,0.26604449210040887,9.25591113919696,5.137111771322892,0,yes
243.1393525173267,261.7884700070124,254.60608278756192,276.9455746541629,1,20.854803034329592,627.1742417086934,18292.334197697077,963.819513118495,449.9098718903401,495.34691591026046,926.6171220099559,14011.228112754165,306.5993267006631,730.86186338572,0.24825980292642935,9.404208388242655,6.313673282695275,0,yes
201.7381979124779,225.12594810037405,346.70078949620927,261.0347170766829,0,94.15651809258277,916.2310603943608,18165.778106496615,995.1027111523597,280.1475617912337,702.6557049862658,976.6099679293845,13204.089162565266,652.8985100624978,758.7276364033157,0.24881815718543793,9.409553318119006,6.158214181298601,0,yes
284.77489459961464,115.19989990411668,274.3071713219531,285.4383466077446,1,20.698569242984732,708.3506293910589,17988.82838051261,900.8284441650933,803.6809819401951,111.33009263696033,903.1781686425031,11784.126483112223,323.4073828993668,681.7865573460795,0.2005118103033128,9.261592907416007,5.409554455949137,0,yes
247.0278540329561,236.58628674993136,179.06323448565547,206.23311363578082,0,81.31751780257272,760.9433292392425,19550.51643983251,972.9279819372105,240.51762705247904,742.1328239016859,760.7165317894081,14972.263831240263,560.8658538010584,678.6795555116367,0.2130195745429823,10.063953834912104,6.731701909691268,0,yes
261.089180593027,121.21972018295342,283.3522443965483,258.69530126147095,4,45.63484311128705,794.7726592694935,16544.214022831457,981.2229813031499,500.6350347915174,436.59434095760895,794.0971444616423,10247.950031443488,115.49859773017755,729.8097497018039,0.21151564545482462,8.569475563850084,4.677671975448188,0,yes
292.536012902017,372.1911321875959,191.1853492050136,200.4471384428368,4,82.6566173832436,762.5450195692187,16637.778615363346,918.9017617762206,738.3010576561277,253.96098050483272,968.2486405439347,12555.04305460481,295.09957350425907,756.9801952425393,0.2904572296475569,8.600514297775746,5.7532099027652865,0,yes
265.6930964920364,285.0366205516531,151.1186431622989,262.99770903440736,4,67.14815117012458,896.4324137840758,19706.93613257921,972.2396008428287,641.3060283611801,289.21913968472336,999.2610561276006,11085.810841292934,163.94630637435137,656.5812108721977,0.25474299260348776,10.17246455636232,5.103688328272066,0,yes
258.5558246714717,272.8906882703317,292.4098000808796,293.76607497003937,0,44.65312423969766,814.3952506498085,19897.797843775414,951.0077272900957,277.88888439668324,691.6067140667782,702.2681220744375,12537.105315887547,585.4696380741807,726.5155506846871,0.26456582585850463,10.246481978087884,5.748595872809287,0,yes
298.1078520304473,123.6733011731342,282.26802680554607,267.2820297762479,0,92.66484931942037,970.9275379938892,18076.012309193884,964.0286129062317,132.24695808157125,767.8918841380672,941.6851106114483,12313.447772748921,598.0086680700736,703.5372681108995,0.20859847778391077,9.372895702510442,5.7473637084770255,0,yes
275.97400550493944,239.4148763801283,205.82118148028704,223.06919022067856,4,51.084218091125095,666.7362790218685,16511.946181536896,904.8748589322123,396.4269461397789,520.1730962997112,770.3080069934579,10745.402372262966,274.6896309040527,624.1792896406852,0.2387310812604184,8.51456804175087,4.9140940336055445,0,yes
293.2264309065091,389.9567778462242,292.4694346066848,255.48157911382145,4,96.25241994976322,824.076170680029,16574.559251186074,953.0762957654788,496.89753404879633,493.67039395461626,843.7062527401903,11213.232029504607,756.9159471055792,693.0661692937529,0.3306245438862793,8.58731537577551,5.342696596363413,0,yes
227.7858303145865,371.90227372450715,247.88647312194607,255.58109995771665,4,51.60794784408736,938.9090129331362,16035.936257858491,929.1675943430037,530.8154240934654,468.968063498702,832.2684697084878,11138.165363846556,360.50373505818067,796.6722093833707,0.30061361203475817,8.34071769829614,5.164569739363517,0,yes
209.26672914350115,142.81748878814312,337.9305516853176,250.86068574802127,1,22.247698717397057,803.9779928788234,15103.40208521833,914.2775844838443,940.7292460754633,20.314383864119918,936.4272602081468,12626.025522799951,318.39677385543473,631.7256024124728,0.2080162020600323,7.841919215753483,5.757360568288192,0,yes
203.4119824863916,193.68771102918475,218.10073112763303,228.83356143054652,4,22.81971597389368,990.540068115268,16991.847232653177,917.025351096446,534.6699990212722,411.52238712483677,731.3221025270813,11113.568830833552,782.4079720366249,747.6450030419253,0.21132595774696422,8.82888282879383,5.269170623469853,0,yes
251.05834797015345,355.05547065075814,294.3842575770278,206.3554359990094,1,48.1358851614396,920.448582394464,17035.353759352834,929.5793791377581,890.4724338834344,66.99941710086523,756.6810139062646,12323.462465797682,780.060276543789,610.5085159974204,0.2838340277819094,8.836266995103982,5.745839660209559,0,yes
297.317936671951,239.76765190851057,142.25579389897206,216.14109112743526,4,46.682357908307075,649.6891437349783,15880.829977392223,916.9704121764311,524.0787252238649,449.7386137148567,824.7390020304435,10884.467744821897,286.91445233007914,715.036275786332,0.22692424633811437,8.196934040022079,5.016185032537263,0,yes
281.64771238095574,243.9418367762929,144.91221897665696,289.98428293304437,1,43.10388715519024,827.4582342157775,15114.707883106705,935.282956822585,469.95561519697884,434.50040313792334,963.6260908122804,13018.421762822265,215.96511684947933,687.1532734780559,0.22945851086344696,7.855703063779179,5.883740486090356,0,yes
261.8217373338987,316.8494850551606,167.22700833752418,265.97668829763654,0,48.57265464245841,832.9345141826115,19701.910891202548,936.0811257182047,681.2485378264223,288.2320028015747,754.3862084881467,14477.29937328347,425.77284404945067,641.6929391628612,0.2524607184434041,10.150642709633475,6.470472146372725,0,yes
263.62229235711396,369.8406325413018,185.91151370449748,259.16592859287414,4,85.9942624817023,660.8140949180631,15587.863382913847,916.6669218626645,657.4413510085093,333.0248555996749,982.6342524456002,14699.059940042318,183.49191908448165,604.3612371085719,0.2969644333244722,8.052840857877108,6.551591295580433,0,yes
227.05568847391075,296.0141963328174,246.18757786138988,278.9435575604163,1,44.71749979072422,762.549973656505,17514.266420198823,975.3322474670915,324.9743620442966,631.0128629305618,801.8697784700661,14988.822983529708,684.5882360151304,659.4118313711386,0.2616327934183545,9.046517641340182,6.79806275400432,0,yes
295.57626643433423,195.7355231110417,310.1685579484674,245.2700289145238,0,87.85826859477973,886.3503045256275,17077.984026245827,929.0416922227079,93.12611551480651,847.0248765987972,833.5935316248699,10065.613193453717,649.2013308113952,789.4635399218773,0.23767566260218898,8.849759234767584,4.842358176350892,0,yes
212.08431514623155,355.7219194097481,289.0576373663382,263.12560485723697,1,38.202720406607924,704.3445734012918,19112.410344573767,900.5705813588855,541.9822968212613,442.94938266914585,854.0196979541379,13432.713848701966,672.7563606481942,634.2819077316733,0.28821715128704245,9.822467008753927,6.192451796344483,0,yes
213.15700071166538,362.68674551451073,197.8937121580724,219.92542180180868,1,86.62122152308956,957.504828158638,19632.526456475785,938.2206602018694,134.74748516661674,826.2929704788417,795.2539388381281,11194.657018299466,563.2283691104601,659.3156041088337,0.27035256649496986,10.14451606844249,5.229889715851716,0,yes
201.94378383770785,295.23481516664805,167.77691411338964,269.14249144815625,4,32.848279776119085,610.336883002919,18516.203743683003,934.0880869441987,91.68029035837807,870.3055867327193,980.5169540718225,14434.204257387171,104.53068114479392,705.2753758339488,0.25101689658272974,9.508391090061492,6.422514381488447,0,yes
294.9844465220813,173.50578814481486,225.06786157041458,257.42174419302967,1,40.37088361680471,923.1295676344121,19843.6916914967,946.7179189838039,569.7399086252728,331.7341222703817,801.8351639957156,14201.760984499488,150.58114994970006,731.2045130916576,0.21214898509577135,10.243399489150487,6.271619521009301,0,yes
221.10927615475237,317.0933378540692,287.7251451494916,251.13749264723504,1,65.82964810956022,655.3129974434992,16776.19596909992,931.028790475402,743.5870358037984,222.4039134463154,740.6561901965237,13019.59233003482,725.4400350740242,681.4462949744419,0.2747136272496492,8.647770083568236,6.006500308563266,0,yes
285.00890108039334,238.85632962549258,132.66107018329853,210.25845955026483,4,39.40130855182573,736.4383513545625,19955.058695172935,997.4414072444744,41.87403937562197,894.3983534278389,817.6948331466449,13146.707609371158,613.1821118343588,750.7772232128358,0.22098929926931216,10.264193353743917,6.048338861658385,0,yes
232.19144803165744,206.68138687253708,380.75012401798455,230.12218997768164,1,94.7247854273653,714.3276995287731,17377.729189693713,986.2408844328532,895.9774104030222,80.33124243116583,869.2230998378808,13544.031748952199,822.2151835699776,639.5227830056813,0.24998390047779112,8.96909515109501,6.302336201638179,0,yes
210.43443336396405,183.01764565756736,182.3202853636881,295.81967976364035,1,71.19006935268325,747.9998652327947,19439.24689136885,942.6616715544299,166.8182634181226,752.6119082893729,961.7444765751341,11057.74670668489,761.2482569542567,730.1666301565931,0.20826511404386785,10.001280310662981,5.324558433538525,0,yes
236.10344286170925,282.5486137830624,299.970486297277,250.04296277281347,0,69.15122727508381,766.2335046961459,18852.050993894252,932.1372429044097,561.0108854698084,363.5286450665724,894.4439599351145,11709.776109194683,365.7850987678998,796.1557438372597,0.2614374679050719,9.710281477228492,5.409752169428223,0,yes
218.1330895905582,127.83959456935821,188.1368229967592,264.38187178592136,4,31.39161870674417,923.7869404804217,19134.270130894292,938.1903588210974,375.0281678176783,579.0784368399479,765.6742016682565,12930.348765291817,285.0696709970723,789.8748440799477,0.18903889450937397,9.88766733668999,5.81740564175333,0,yes
267.44536937197074,118.25552410480617,383.2691427868145,299.30444128808693,4,82.28072852711594,899.6657162894736,16109.55819787037,962.6954707681366,668.0705870938601,321.85039023067895,865.3229854626563,10296.142921191587,206.10390384466504,736.4353340469214,0.2438464164742169,8.373192321999785,4.769827455281669,0,yes
228.96369955137754,296.94755489767493,319.49925427526784,214.25554142646905,1,89.97955494626888,786.8625798988714,15007.664162793617,914.4109070573661,73.96769087680376,842.0280897673484,855.4425845201126,11798.877756360394,791.7035243055806,753.2954593456179,0.26966231174546185,7.790250315897728,5.593272847806003,0,yes
257.291269468895,171.36651794536948,223.528214821416,247.17450001564714,4,28.0635140335289,666.6455170880732,15571.271217250895,937.4406033542855,6.911209290576596,925.2920054373459,901.9006868739659,11535.326981404309,234.91367243791547,661.0791677395617,0.21461658042055282,8.0486658760474,5.273757741520416,0,yes
282.9527947171631,286.5653149023109,366.94650519277354,287.0587277254539,4,80.74443509053901,672.2231365676643,18371.163364416494,985.3358075432834,26.820789037819377,884.8150338762368,728.1536962507454,14501.789637840497,128.1445757354847,611.9270880980322,0.30722684308128273,9.456436439369963,6.3388917603219435,0,yes
260.17689475048934,385.0847837249223,157.69130475674592,211.00418412463446,1,69.48649715001878,673.3688695401306,15026.012971497305,928.2640760076375,71.45831675664245,926.0898640316984,892.5351642073707,10780.48268103902,422.54056013710766,742.7589486844015,0.2732741278705394,7.776251009859127,5.062920336786468,0,yes
298.85598614457155,379.41616024861736,319.2459070012834,200.55282519296358,0,81.43234007864635,654.4685872700873,15850.892945387977,961.6074668305707,596.7505240910567,383.5596544247094,710.4743141334213,13974.949539764179,144.55414604828718,631.0740492347924,0.30362762500742996,8.189137377280113,6.139587753488454,0,yes
252.24539227747914,268.62492504517706,272.97112923741963,209.47887423291982,4,64.31844966047174,610.1526814616664,16429.280868981674,945.3533474671517,922.7089253801834,15.990339930263076,850.7066200560146,14535.045907158003,707.6801991414173,775.9960065836337,0.25978817622478256,8.46643617749728,6.658369766061406,0,yes
276.7897352182923,162.9609201499166,144.58348882395674,236.16272186307154,1,51.43554436971858,999.3877254460817,15643.515251317147,950.0961847453892,416.7073592456902,535.2760785814252,889.4029953681759,11585.073890025995,802.9878987023877,612.2507500456845,0.18666811131347388,8.161298291637225,5.512215625578724,0,yes
212.95506423771133,366.285922720512,308.1073251766835,205.15990763496154,1,53.37217325081503,849.0987030788856,15853.467285277395,911.8063659395145,584.0667346230562,363.3994277449548,858.034966847816,10013.16379186907,249.40329183526666,780.9131153163257,0.2866761092568771,8.22673147042127,4.671098221560659,0,yes
288.95112200831153,132.33665086036518,216.420062237176,258.72246917430584,1,22.51490126895714,690.2056696942664,15432.191438503618,925.0334438166993,490.51400265261105,485.4651114693341,759.1310089598553,11432.434623322122,400.11048076981194,770.3787732040464,0.1912032566843937,7.982590980411698,5.262053378115469,0,yes
236.78053701975784,354.63642861086043,297.02071935068824,280.0077066927023,0,30.936147538803276,970.9611152037769,17504.45347370575,952.1776798017223,747.275404742356,241.86603402189974,869.8021267720796,14603.89808926404,245.05506260537837,648.0823773958575,0.29095765313126065,9.08549126815028,6.498547809358388,0,yes
253.7830402810836,286.28984604741026,227.9111075889188,299.8237961356184,4,78.16552155649347,617.8972811877129,19007.277318313416,963.2755672677816,879.6661556178303,25.691041776339603,996.9415944205196,11600.399790451243,691.2075907272512,671.3963177179091,0.2778465262807072,9.759585708962229,5.518004738060273,0,yes
294.0096197880812,308.071142257785,151.12112203104346,269.3717972754297,1,54.57401935869772,783.0791792920551,15858.919503065797,955.0252693653534,65.62499948373397,886.1121309757709,795.6151283748892,14527.953072841457,884.399494089754,600.1219079995042,0.25523745320875924,8.22060592112951,6.682802098174023,0,yes
291.0425544092094,387.03736170378824,244.49375381204615,287.35562863992885,0,89.13931710372975,640.4742757538861,19294.4487838024,965.8924458845147,117.69143231738806,806.7760171032094,829.1382221971551,10123.470544026062,174.99583735523998,674.5105509981236,0.30906507485422785,9.908450643634872,4.6566476952401485,0,yes
207.21394608525478,190.5072980301935,193.36835667264478,235.50892138934694,0,40.98741808287898,696.30780772484,17088.717031401055,929.9477441729738,216.76370444139593,745.4274824803857,710.6011986223941,14109.063524838255,188.26304502646005,773.6803090145141,0.19320540810503967,8.812867495431158,6.227090607276709,0,yes
242.59012101521972,246.26698701246883,370.51027841769803,251.68908598458574,0,49.02449149839207,771.9977408311819,17586.06997172469,902.7318827191477,128.84074668156808,796.9111138477158,996.0952577023752,13392.279013544765,540.8561099122564,632.1602977678054,0.25965168641645064,9.074551523027218,6.171921215482422,0,yes
296.36595167311134,293.8285314743757,255.41786841805978,230.1102959888757,1,71.2469481762152,942.3456859554378,17402.543748098877,954.4486150361281,3.6264733529393376,923.2082092006843,968.6032538740448,13330.073004309863,143.85237676682587,774.0599531116688,0.2649421299355214,9.028280044569303,5.996123143359176,0,yes
253.3777639651629,227.47748970471866,387.5258494314622,207.30208966672186,1,47.61922267669882,838.6726736719504,19877.49185838318,976.8824525309443,100.05777274207504,813.0886394148057,995.0607789444505,11890.646839339395,655.2608270910052,794.7157877773894,0.25184884816022934,10.245341474909713,5.63638678655179,0,yes
245.67010083768906,218.80572277321846,353.1338175804665,248.83978787679052,0,48.01498828790982,954.9319675917822,16028.714830910267,970.2071281236874,390.22587884891055,537.2808427214338,864.5854872634181,13071.907569487266,112.63927776965792,725.7195112034384,0.24488446887482504,8.34642328476207,5.832431858928412,0,yes
252.47530511203064,221.91961945978278,224.88245975811765,228.27714906549284,1,64.65272774765694,648.4552860665008,18423.88615764431,968.7869135279875,929.4528201807761,32.956016888224326,746.3361102451225,11938.206883049155,863.4894762728883,623.5096114236993,0.22331907299182843,9.475310810532669,5.623348301266784,0,yes
274.21940453265444,220.8578381037089,182.68669465617046,209.9248897446302,4,31.83488791039105,951.3443578917239,17980.712930576326,903.3503905927483,456.8787528052072,515.4307611950479,892.7602381319933,13671.764051247756,641.7684776622079,642.5577868324743,0.22141100375644196,9.312425602928286,6.290509846357011,0,yes
254.04470265951664,346.99674306527754,153.05955330609376,258.9866061758009,0,51.53504299844834,749.6024848943241,19928.182124968298,906.9501148185427,864.0305271255547,70.99338853667143,918.7014091162515,13962.724950816424,183.66493862720583,689.8686454020492,0.2596767342236886,10.241213957854624,6.235110270873214,0,yes
271.1998504925299,280.38979728862097,390.00756117966426,292.4766497090493,4,97.14801171328492,928.1058393468631,16466.327092525087,967.2852143407711,511.9763466375075,432.5131761551104,793.4298923134421,11340.910343309632,332.9771440274591,714.6389197713978,0.31102721314685633,8.55868579664684,5.200569506965892,0,yes
268.2714450887279,219.09273063280025,368.77240338230143,211.83211512083005,0,49.16426122365144,627.2908543470345,18665.003625229612,912.0313552571944,313.6092181327118,604.8139664087689,712.1531839582394,14005.79992193318,861.8877091094948,614.5270205315874,0.24372868204487297,9.583460979281629,6.428859552727307,0,yes
215.6161319934789,354.60609322832613,131.03490104678292,263.21886275703207,0,20.822725773068875,831.9445182430625,16233.666249203858,930.1854596864371,26.4848040413239,926.0884589671983,913.4040776701299,14212.802215585867,639.5973409179883,690.3486192050459,0.2504465279017588,8.415489816631407,6.517869605167514,0,yes
234.72581734911432,105.57027603849035,320.41704774443417,280.46792040608636,0,67.25328168431446,858.4596125316534,17178.04114900795,932.6860896592879,194.82958626791057,762.1589794748364,769.4414864781337,12726.05221366177,180.5875015145297,788.3462276974922,0.20040775630984928,8.893984080097102,5.6955935291716635,0,yes
288.2808834064233,273.84816936949346,356.33757827956447,297.5757751434536,4,94.22644657660418,959.5951936971899,17736.20200861832,926.0596203191524,652.5973846646579,318.46580947931534,957.75872141813,14751.222864989802,890.5059189197597,728.1679396592394,0.30449205880951286,9.195166752116334,6.85888901051105,0,yes
277.4085843037701,130.47473027817563,217.9469024808878,255.33068136242377,0,26.007414458463654,918.4197488497805,19410.83927855516,947.9048387342646,483.5642613629717,440.4768842298996,782.3056264735349,13907.033005114674,892.7442655637126,745.733135309491,0.1850623862448933,10.0260626708147,6.447791857418115,0,yes
204.58481759180117,116.12114096897793,234.73103966097517,224.34662050012827,1,45.94163185485836,978.9826230671333,19334.44334580322,990.768411916976,521.864231576522,394.77616474260753,815.1579716855808,10681.789087411988,484.6665168368217,784.2583401752952,0.17378193047561044,10.007665099151883,5.011723875568118,0,yes
270.612336567546,261.1677851446532,248.89257002641057,286.9458368804426,4,73.89794014239257,696.8284790667001,17289.913850533805,945.5408283578639,376.22552653668833,531.5508252010633,871.8049567428513,11218.894463628787,537.2253418084035,625.5281462318214,0.27101106763871735,8.915720247752141,5.248075033352009,0,yes
244.26041321507788,126.3369059087271,197.679965243479,292.91861736320743,0,59.64139679929051,604.4496203193464,19653.440868177167,920.0133327174984,123.02049871373534,779.533795643259,862.4052260762292,10064.649879730909,297.9557695130069,755.1274038858777,0.18690517476356716,10.073802994671503,4.7032764830531715,0,yes
219.71256738283367,328.7993289163498,247.15961446944183,204.55099957882445,1,45.13576560262652,996.5826267632806,18946.98788211146,942.4547221162001,817.0711894625069,126.34857861081889,717.8628876294838,14976.103841213753,235.1703499900945,750.4254291908826,0.2591879896974946,9.811334970330158,6.589894365377654,0,yes
245.1451010340129,299.5593524997861,341.1526320353618,280.4405988261652,1,75.91854425886179,819.3343484561931,16842.57861759945,969.3228707188168,202.22987302544306,702.1743684133139,789.9959693178432,14021.575354782166,304.8883847762854,705.285689654798,0.28855129468853785,8.722502404511909,6.253503295204963,0,yes
213.14995803463827,278.0385361368401,382.30247976606177,206.6151613613146,4,77.35816202749604,779.0535122270891,19797.852784530176,967.2514806754687,72.70972662673528,915.9681580234934,976.6966401635809,12974.136412025951,107.97114661584173,781.989108506289,0.28154729134239775,10.190862001507137,5.852211877998256,0,yes
205.11456607386242,267.63351941628673,339.5519067284384,298.90713839528354,1,23.707313232142333,757.8821294422356,17440.281585081135,938.5740388691265,329.3276770530501,572.5822476423587,789.9451733957532,10342.434074934808,699.249392051293,785.3787975410784,0.26753561277383875,9.003426396138549,4.949868868116008,0,yes
293.5134870456328,314.95952358186344,240.2157666656089,207.5739527570375,4,63.56830458903751,616.4279919167216,15008.876749737965,918.6114731990081,392.74294727357085,598.4365820961766,777.1632107681339,12977.294341494138,788.9003646215662,751.8478582189329,0.27651993115653883,7.753932544808268,6.042363843756885,0,yes
226.34673482964172,255.5516752976912,165.8451064477672,299.0156824216911,1,46.26072929501325,988.9849124516711,17193.06209713546,959.6418146636177,424.00038590747414,503.9529588040793,799.7583889869051,13236.56757774527,851.7482021908932,627.3881079616316,0.23349814007963252,8.934980089837584,6.155136433098209,0,yes
270.2084208970037,172.6453753388077,111.91604208736726,259.0416399473702,1,97.60557184556488,729.8756532901257,19987.88196989189,951.528008940358,312.69847542200245,603.665237363954,927.5857198662229,14704.997697539806,228.757081198187,750.3794673795179,0.19355619898589443,10.272808707606515,6.559062126732941,0,yes
207.18635436432012,154.27117049641646,367.7985520916594,253.2532609674384,0,60.61508689998875,718.1446637148356,19765.774939780636,975.4272417578738,742.1590445814245,172.8316567471045,924.2071888209183,12727.372054146883,112.02671568451885,711.6282753649691,0.2196095038584588,10.162462792634607,5.714644846037615,0,yes
291.78155153151397,286.62599831929685,129.2867605416754,235.28145676011528,4,40.48804829041832,637.7124221360625,15342.223777208641,918.2863075241113,281.5596687838352,668.3759074811176,974.626915873024,11705.169673726723,107.57342395635314,656.654332633599,0.245421590866079,7.925196996083601,5.321703678125516,0,yes
274.8509934240385,159.70027706828142,270.3370394138086,245.09824048716916,1,52.98668004066781,816.8577116863435,17710.738370660587,922.0378851463961,57.687013320794115,941.5401286824413,790.1995206945998,11059.162784135902,630.0975315114705,634.761811713282,0.21225117386532225,9.149528634485568,5.202485418819395,0,yes
254.25024238010158,201.0398446888694,280.1640882493195,217.39022014752692,4,78.71044939379321,726.9277535878124,18788.310807450518,972.8560068692952,706.9953726032395,246.47754975587088,789.2839768569027,11812.008530075078,377.44172746646234,767.9662788922212,0.23783801174807814,9.675313021465417,5.413450254150007,0,yes
226.65482754527238,197.76604002676748,291.7024690058587,247.69013764064056,1,63.733387502869846,670.9692262029885,16963.99532859486,964.9231260623592,213.3367614424457,728.4918510101362,780.743967801229,11877.866995892227,563.511935356226,695.9712034729379,0.22752550239524666,8.74975597493519,5.49966125607364,0,yes
229.69383848495266,331.4817729118846,287.2954688133722,216.75394539515239,1,35.06041634255478,914.9587123370272,19026.33373669751,966.7328831277372,327.13808126630266,605.9397753377548,977.1667310367948,10733.607504503689,857.8238576034488,606.2543333156399,0.2707229754830396,9.835615033586867,5.2252902577528655,0,yes
250.54682745423762,280.04846492946973,178.0265140360397,222.65387769044892,1,37.03982076768422,973.1153878737849,18726.654016666726,939.8686569293181,606.9395907181056,382.2688480664481,765.7725082990531,13701.268437100058,116.86140702448134,605.4625527075345,0.23236006122219496,9.695395670975799,6.039046926321916,0,yes
245.89802084294456,372.35604153038963,111.09210789089104,204.2281567617938,1,97.40501845379798,797.3158510757642,15124.97418437132,962.6085852539234,40.91105954899318,893.6506756292573,846.8586792318712,12865.428663724297,310.3205588023626,698.399452301016,0.25921263953508517,7.857851491723274,5.819178173909152,0,yes
259.9431262193721,260.07161057557494,292.110339344099,229.39868543160316,0,42.91438555114878,884.3605882017812,18737.866183879643,956.8603437689928,259.8996572826259,665.0313776026333,813.4233619518776,13030.234080478807,832.2769775150177,774.7909104128026,0.24646178203926236,9.683071097149291,6.089322312935542,0,yes
292.18576598595484,157.41391809891198,138.0447489227731,238.6461314475347,1,72.83594912617536,986.3687919303106,15741.051286913967,997.577620144923,350.5751572160397,628.5604539874059,972.3174134864591,12523.280123606917,206.65496640610553,762.4497755958307,0.18827879676680906,8.21361824540981,5.705664027281405,0,yes
287.25436668660717,125.11265673091154,365.58756475228756,253.24316232177662,0,96.80626990019991,690.6703899831915,17472.562709360536,907.30522373159,425.3210173701855,547.2567202715252,752.0368728550741,10112.660363354053,213.68054971994576,783.710443388198,0.22217575479519172,9.000455623915348,4.6580431842089025,0,yes
232.81932177520903,221.9425458462082,117.29097811490496,250.87784378539473,0,91.14538970651454,896.9289492606206,19735.201784434194,982.0631328020743,798.6722687994958,162.3883489547817,816.321574993559,14753.300771729024,800.142393273901,615.0604075195428,0.2031768052377373,10.188068600252848,6.750752344484068,0,yes
265.6956272561086,153.40352464474324,270.98150251138645,262.73148835296547,0,89.56780042931489,957.1420559173268,15105.972351592189,991.1890705230754,693.5658107946055,234.68909987452457,862.2247949441239,12935.227894414591,116.05325546687962,662.8094903881392,0.21282845808755027,7.888463023209177,5.769989635646698,0,yes
292.54677903400665,387.864457446798,324.1457586614295,247.49674260085615,0,94.26629693794646,894.5490736646486,19660.67047617904,973.2564486290154,944.5205675588221,53.379514546095834,986.9100836887744,12833.476408048506,631.7903798293239,727.3685564701776,0.318189971217962,10.149044838411452,6.003575655630954,0,yes
225.48727827488815,241.35412586038532,340.8706846584361,257.10019610983466,0,75.5214462207476,747.8017130012842,18855.154306271164,955.6319027686505,5.27191783737678,897.8280205863126,912.4081336155352,14240.80576335125,508.1216992778667,724.0076507948224,0.25401097226457386,9.710973992042064,6.4737511601686775,0,yes
205.3013889278482,392.45648406457997,330.2069219892951,208.59804419464737,4,40.76543379884728,796.0811984205689,17488.994468665296,999.32756507421,178.11188243077814,788.3469403169579,814.585140707536,12572.139154514458,324.8470399713131,739.2549621420895,0.31170136919191,9.044668021534495,5.704556820066746,0,yes
245.34116399409106,386.8117177544592,334.4803213998654,266.9335478529067,1,57.35911317011244,897.1430012241578,16640.431032105895,973.0984598377688,692.9820249622738,279.22037851155244,874.7932659981698,14290.23243522464,220.6690375732764,703.2212198624244,0.3171078773026653,8.639491965825483,6.370230377866033,0,yes
281.50909950730374,203.9753610328081,212.4463921567086,234.60094236643243,1,78.38021514557258,855.6870048684253,19718.736613869587,909.8802309312242,13.039106212078357,951.323403715464,773.078857665189,10835.588118506872,322.7303619814418,669.3974287655137,0.22031914566017274,10.160586866488483,4.982974775973537,0,yes
203.14650842639978,372.04967043047384,138.53687669712195,215.93092148546737,1,75.94699093271993,796.0428811769785,15421.567714502473,994.6822252611854,852.7431803262067,51.65732553702685,803.1550130921831,13990.17401968457,820.1224187431411,655.1837893712659,0.25882187831126124,8.010301110590094,6.445706822062584,0,yes
227.57205343139103,223.07409443486637,194.3658058292429,205.0962574012033,1,68.29718941476042,934.4018276935412,19502.821192634605,998.5099037060382,264.19455696898365,735.1851449496879,743.0110167628735,14456.323248525328,802.3235593537494,625.9199641681271,0.21035221735917348,10.082694228885215,6.610229969616833,0,yes
276.20894968187474,174.8375356349768,363.20210296365946,294.9435325330967,4,27.83905586581315,756.0635526035401,19755.968784273937,921.9186329765557,120.14946207733482,846.2622865518379,946.8147941199277,11371.596227561795,135.93213248929672,712.640273829676,0.2558594096976108,10.158584298447765,5.198134355690155,0,yes
245.7020722427411,188.63167542973417,327.2853754681305,251.51849681696532,1,46.38111961426732,976.3695013699696,17596.175247100007,919.9105148792563,737.520954082256,176.98840919294378,781.7987922573857,11542.816720705894,672.2296864881584,758.2266725021028,0.23197958183317532,9.128171096889627,5.414054220353944,0,yes
251.51705734373388,173.45818604746887,228.03701736629074,247.51696668337087,4,69.50406252411514,985.9903430402537,16067.441773592931,919.8833244946663,598.5735948433202,314.0182328644612,778.2306554454898,12226.727004041111,345.03616120337125,685.0716717376308,0.22090210747491754,8.36601989819955,5.545369110665131,0,yes
204.13773701854086,208.90966290957638,273.1830527344006,264.97560811611584,1,66.01604714431691,992.9284295152854,17095.78328971128,906.2619716786805,535.325431629457,450.63462708264296,968.5590183146962,11762.396809274378,190.6735276122439,699.4292830705076,0.22918053952054548,8.879933081047717,5.38600711951864,0,yes
227.28659880546158,158.10089276393853,238.05376171133582,293.30305020196346,4,39.893835122601544,895.9558212673504,19413.667140350954,934.3669882122751,511.9451569074229,417.4952587255527,813.2202167369279,10845.000830923256,851.9067586490835,784.7581138833461,0.21913550585328498,10.020508843520435,5.224948064727008,0,yes
277.0554984693701,306.9156088495363,290.02867495012185,283.8293320399638,1,33.806427578991396,941.3705079451515,18211.705432621973,953.6366928153553,438.7785162633555,461.5269376056567,777.470135293874,12949.326157277797,687.4740556953568,712.468354492615,0.2806902538515569,9.432525893195491,5.973017655093244,0,yes
288.56181749132463,314.6874758474353,256.5696201025746,251.12053464791146,1,31.310661091207905,661.5551475052766,15940.897923028399,961.5746774840602,794.4870903311419,204.78345608534437,975.4020197637977,11019.667404083324,663.6734231411747,692.6902326199146,0.27170917258813315,8.235684828731758,5.281810299760721,0,yes
256.34204612214023,304.70990558007134,147.297067776791,231.11667233840726,0,48.76905901826825,746.9918775505129,15626.13285997563,949.2355181270118,643.1965854711971,289.0221028099313,900.8053932111761,10287.711815585833,215.39610798874946,628.6270409379914,0.23597840148056454,8.09540367026695,4.7622185002794435,0,yes
247.80702958506419,161.9218292247491,296.05510026141076,270.37079279012613,1,93.19791302749488,869.8940759702541,15799.025089448884,975.3431406541278,936.194881985147,13.463120262973348,836.5419171100989,14795.221203248559,785.9694954629393,667.8684590307463,0.2249722672467177,8.21292889365749,6.775282553850675,0,yes
267.52493660945635,331.98374724308076,394.3066536496425,258.2654142222731,4,61.1945527114078,755.4224408699622,19614.390342257444,962.4072333187426,97.81175542496233,897.0898157817552,970.420401263877,12591.165981382896,360.603217339614,777.2656315816981,0.32069634911057343,10.093214126100754,5.797798604591111,0,yes
257.7794414271751,117.89778093568157,101.61934341848367,200.37332338260748,4,55.89253095794626,748.1064655868183,16003.567809253711,929.7716167154041,703.6001845582562,202.72333082425223,795.8723978212769,14809.757656709704,501.8176490286314,708.0638723077993,0.16304655280482905,8.281695939182741,6.65052719598546,0,yes
268.104606011999,363.2544004673046,330.0756598321393,238.82727520404597,0,24.81072319317643,885.2995334820806,15202.942900480752,981.605970075034,171.08232063286735,768.0628262833759,711.442618082109,12970.277965334735,124.3315921898409,674.2011042415006,0.2959711340923622,7.919238889068944,5.729998044922797,0,yes
213.32025483098113,284.5299503643917,347.92342211336023,215.55799094579632,4,67.66051977859556,714.5984118993961,18752.07932691485,930.8794831564206,948.6096417980449,8.929509495897491,969.5698346582487,14525.200307703151,855.4778991906677,710.3794207429729,0.27785883268207756,9.648701614387006,6.754974186772192,0,yes
252.81505771209106,306.1976962735016,346.5582202076089,251.77881753990712,0,72.18632461717895,805.3977453939326,17074.580053200007,949.785771922485,282.24756755140766,660.8984019560284,915.8514833747834,10895.142188270633,482.10395502517275,708.4899039224035,0.28305589184484325,8.832693087614286,5.129884364674221,0,yes
223.41779634855143,254.51906886966813,156.15311158030266,240.1202332213112,0,41.30049527495793,778.1810759939668,17776.644168541112,923.9901504921103,450.8732102949583,452.1011682642966,792.7063260964677,11027.626799425947,489.6131283248318,680.8222827469245,0.21437426473603344,9.174117600649948,5.12747828641988,0,yes
297.2712859089281,273.1940180255025,353.2221609071329,254.46439027201365,0,95.74052309838811,736.644873371921,17519.45153674284,971.7874402441356,223.3809639396372,701.0709763899928,919.4031820911815,10532.166211678059,286.0255302914175,694.7388526956361,0.28031485189510064,9.042882374811706,4.903304988946807,0,yes
276.0725722159617,340.6376109900234,118.03954875369216,281.26461159737926,4,61.657665778021844,831.2128135925005,16833.408123770794,921.9260108113599,881.6229238358239,71.12119723696071,753.8880277869457,12924.339597194637,810.3698665917728,638.9101472664131,0.27464452934670236,8.71406558375329,6.000256339077655,0,yes
233.02108090797753,122.29657012136494,266.9963763332678,239.5334102920897,0,79.44773609769447,849.3013830109456,19396.134160805545,929.8155208686793,599.7402838491356,365.6593923349012,933.2708993882206,12793.6458589298,701.4492626431042,602.7745891485218,0.18954506973234167,10.000574107127616,5.973189474943961,0,yes
288.48822389145846,157.77231783188844,128.35472847344823,237.62859259924784,1,56.70872971373218,683.7622158621144,17133.882383712895,918.5342093481222,578.6730287222845,355.61523086222235,844.0667249279585,13488.17282755245,611.6179480177441,659.6006790378633,0.18378466076479213,8.83113284639741,6.18253607560203,0,yes
280.0266152057832,177.79847595799407,319.6198702310636,204.7230620208551,4,62.441468206596696,962.8999230266401,15169.188005856146,988.1421153702032,232.06693630328945,688.8589920677736,747.1026085834917,13256.727589160682,116.47938791440042,787.1475130894327,0.23511585316645783,7.92097105377564,5.868174414445277,0,yes
274.0901217582633,313.8201981731822,334.99892417964736,261.0407468688851,0,82.44837334153104,779.7687152128558,17512.79147048008,934.0626288583616,814.3158619869535,139.56281118106153,764.1709201898153,13938.131618895946,685.631592086002,649.4243747181223,0.2896276602877715,9.043924502270729,6.361524041864223,0,yes
283.54623519391936,129.53774237710206,209.95148841312627,272.01797210821076,4,78.64643919394473,983.3860827317493,15233.346446804197,959.1612481396457,462.9639052414905,535.7750063914164,843.3244327789077,13877.820284990892,489.8035487856038,609.9488761097936,0.2098200198765265,7.953763249810144,6.291772569483633,0,yes
233.98321730397896,359.65080556430047,256.6501719706079,225.4772291098715,0,40.39624141967985,883.4166560641668,16532.79231453701,963.1348145558826,590.0576512653746,317.6610430800931,807.448540718113,14494.996503282193,710.6335600305883,747.6157285341018,0.27481868870562653,8.581185178239757,6.618209432849383,0,yes
275.5976402008593,182.38137151861685,339.4821513599219,289.19382855182573,4,52.79815807696093,724.3084319750257,18206.374463581502,963.0113739540411,218.1979301864143,682.9636851480457,901.539078555293,12372.794665656522,822.9651372955342,670.5455778878456,0.25604258610180414,9.382407787114104,5.840820823824242,0,yes
201.46264603558924,388.1668733514155,124.40008452229907,225.10639589041443,4,63.982621301960485,673.3308454671003,17353.67940469722,921.3502241687444,914.5649780115915,33.912053593476344,940.1748365945866,12928.119760092053,533.792373669591,777.292418291097,0.27455982308925714,8.939129402668977,5.983347812105869,0,yes
255.33719001086854,131.06554393802588,103.6972833543818,265.45176374450875,4,86.73431259208068,938.1564821004051,19907.856336433935,967.2472242759386,160.9099800659845,836.0672422693426,758.3805279065132,14458.400947175232,269.9242216826732,703.49546511059,0.18531369820242102,10.281741971294586,6.414102237533159,0,yes
201.78793303880593,309.5489993644009,153.50192655830986,211.43882288848806,1,84.55309478710845,611.2401288056793,19632.912055066226,906.9857017489358,236.53574592212203,684.4314052683926,700.8458255821478,14141.336707405782,122.3421575955956,645.7844431229666,0.23682694718146527,10.063234239232555,6.187167049789968,0,yes
279.92828115465664,242.48014791842633,164.78766548879827,248.11217518694954,0,31.744868422631427,663.763188810476,19070.843419559176,927.0363643978459,841.1726525703284,95.94025150659024,839.1497258139619,14358.416034540294,326.7954061668419,604.6711192002102,0.21882912764210558,9.796394833480637,6.407942624001497,0,yes
278.1623474135969,113.15749719203194,373.9380642272288,295.4867716624685,0,99.66457145940899,642.4079370027117,18654.024304348975,930.0131052734081,85.69368745466991,864.0593743096666,998.2969506176878,11348.59944855199,561.8896241391208,725.7877000108039,0.22672044206368158,9.583726725446681,5.379355841013057,0,yes
236.93040171404408,152.00238361387756,236.18413556931083,267.5872749580382,0,84.4042674300247,820.9777308739453,15312.874218731078,965.2623328183832,742.3086924624403,204.2583446062506,710.4329186801631,12930.257312977805,534.2389925024764,723.5422566088055,0.2019929355294826,7.957457852137195,5.885077701523541,0,yes
227.7478586352787,317.53597618818446,150.16376558405963,277.5463577377678,0,51.56570789522375,689.8302124500844,15824.424891973325,907.167560242391,786.0909485229454,129.82685804663936,969.778477303066,13755.22760064073,605.0135826989998,780.3343521359891,0.2477054974686383,8.176183423481884,6.350463417531676,0,yes
206.9905465905149,216.7547021888415,352.27432875074504,257.37280274705563,1,24.173273388736412,854.9208855019521,18494.834437522823,928.4113856564114,76.42378725424739,895.5755544691189,700.9880694280307,10968.553721627997,445.132828051214,730.9132008378884,0.24171699404455774,9.55099735490172,5.065456928221661,0,yes
263.78397358450684,219.08030897193896,237.82443159252958,252.98977897446628,4,71.94454916785607,953.1351371511641,15539.596814017406,900.7157811772316,322.86233509272483,628.2978150609291,792.9565567829038,13371.979925077885,416.8610914559096,789.643197988377,0.24406148606983483,8.091919126314338,6.057251126615343,0,yes
218.9238411950435,143.78884481719896,316.5084073247572,280.7484068509278,4,95.9329789855069,694.4425110998757,16555.64737799778,953.1755042108166,388.84851892986177,566.3267499298322,783.8630853470672,10730.793382854019,620.8094292148387,776.9549044663128,0.23258008704513974,8.549112720344985,5.077576052059743,0,yes
248.5555554551146,230.68776883310412,124.22825923500228,220.7173577435831,1,88.64381747811046,791.5001030863924,19610.23282447948,908.2508686147775,574.719395188196,361.7631553146633,771.3799198589277,12421.496399428415,865.3091081837255,766.746970968908,0.20770447275692533,10.091726984206215,5.8427333598450435,0,yes
204.02193767979423,362.0322348052286,319.82584637335674,201.41136106749175,0,87.03254118589659,661.4325562528276,17751.05538112496,921.0937283596252,837.9406444422666,141.68494413018232,718.1464351641514,11040.110333261082,213.42692774248695,798.2286272535516,0.285673212979538,9.13517748852131,5.018281874873484,0,yes
279.2424661550159,392.25284760195245,260.0109331262747,292.1063643646516,4,72.49836212698717,694.6635081994616,16701.34180896469,984.4019361483761,353.01832544769366,614.3013097890719,702.4289185199269,12334.179417215226,232.09583688525663,651.4769811511859,0.32761752696546476,8.626319743741847,5.515953788420769,0,yes
202.87543968113926,343.8192854485541,322.25000755825147,295.2673861611306,1,66.62930494026554,651.4285120918037,17340.65033898123,950.4785352097282,755.4982674307934,244.27826986900607,900.3175963898982,12076.470371246352,582.6297204943075,672.2536656964496,0.2989339577108647,8.931819142713598,5.639460611308059,0,yes
238.53292207418497,309.1194304895798,385.3418208656621,208.94121064096964,1,35.894116477784365,929.9858957466556,18023.981699480457,971.396190961461,744.9052433138535,201.76205177019472,899.8172543482395,13925.511269737868,364.1865827031708,643.715812511967,0.28104632385077627,9.338510036564006,6.2804166136302,0,yes
220.35292368794626,379.03146069759543,298.37491189135693,258.65085899547796,1,42.790604241688925,998.082793534032,16075.5831304698,958.9725822104805,176.7241913944516,736.338283726479,914.9567879774155,12832.727286166964,602.8183946386886,685.4953338953156,0.30012997115651935,8.378252234849587,5.945692641551308,0,yes
202.8508277988848,110.6101184813032,308.59695103089246,251.85648726762662,0,46.31106980255008,787.7194098098518,18476.18392332756,942.5160787180454,2.9302224330724544,912.9787718306258,978.2948302597504,11268.351996337151,268.00170782331065,708.3369330263426,0.18768031725554057,9.528551314080092,5.214752487818393,0,yes
299.13417409405764,158.86196784202818,161.84190477218763,249.66909346836977,4,53.375492930511115,836.3241697746528,15052.325157000847,909.5934782351817,44.76185204400808,953.8041787744901,821.7676495434288,13052.09509080242,638.6985879701394,661.280744958047,0.20625633796181045,7.822986115525926,6.019108701826145,0,yes
256.6340897763773,167.13233195178492,146.4830714373044,295.5387780183934,4,88.22899232902469,741.706615997417,16355.615038323003,927.3653098452146,779.1425094989529,215.86514846699538,798.7004124857673,14431.092474646164,656.6726300043227,723.4112279185111,0.214666974630455,8.455973348195066,6.576365518817227,0,yes
234.73249340064484,327.60821010440634,347.7393250382987,249.26078856130528,0,89.08864870031093,692.4331272917095,16114.834167556297,903.151059937285,19.82112091229675,905.0869840133453,906.1990410376842,12560.219897117198,744.5062087736563,705.6706827445905,0.29119238199710507,8.321411897070298,5.894141939389277,0,yes
260.08958583658494,145.15326991205288,376.2313569187734,279.7607655643169,0,90.78289642449542,883.7516938228304,15598.545435750675,947.808722116986,467.661405176407,507.38015454215906,814.5874007338568,10022.52134835569,281.5842927054947,649.3686628028927,0.23342769520775414,8.112027154525054,4.656739633128329,0,yes
274.790801756639,281.7838284887199,316.2972749628236,291.6576764973531,4,98.44072884678471,606.6989945007455,19484.942786469983,992.8550646308337,447.71560735112064,518.7910120298377,716.8437803664485,10636.817983263436,286.16608605107706,616.8453064369199,0.2972961626089946,10.00007548901136,4.859761647380246,0,yes
287.89619020341854,112.31543030646014,342.5986211461918,298.7310540165343,4,24.736431831277326,600.6825195431583,15106.915715473831,949.0810958546951,879.5668793832789,55.78658138990966,852.4546521153989,10983.067314677453,334.94978865036654,697.4508391302595,0.2285777173227833,7.803709157794739,5.0783071832287074,0,yes
288.0019060891204,330.37912305787756,232.31808396741013,216.45613404261698,4,94.46051900388404,664.2002634268625,15433.428602123337,918.7199171657243,142.40237774944123,837.6760641928183,961.9209201882259,14249.201641419113,577.5725186459227,658.3363983666653,0.28607070729564393,7.9766449735332055,6.526612904595265,0,yes
221.9689319617042,234.00309293206496,244.92517439523635,277.4497363500793,4,42.883660918635854,822.4189746725091,17769.725887624645,915.4289505862665,549.0932604272163,434.76732872962555,737.8482270091118,13018.178631886725,133.98268018725625,735.2827217277191,0.2474042050687527,9.179364194431091,5.777810742333747,0,yes
252.7282866319614,299.6314492860255,105.42867916246325,268.7800107714071,4,90.81145307229977,730.662799521042,18712.83677580937,909.3180099026931,184.26977548166212,796.8681456083702,908.2624185138586,13620.055639331673,500.11320679105415,745.5102146225581,0.2539347948027003,9.629675270743121,6.234159856586125,0,yes
268.1670061395886,233.04700401419436,126.63702191119876,228.76566179099981,4,77.2604824929202,835.0420292981862,19469.403291662835,945.6331510072932,233.69266319761238,750.7606264177805,936.1141360140207,13148.190849820992,424.0550108316684,661.8178074868251,0.2237888976341265,10.036173689239407,6.015541347151102,0,yes
239.97992201246427,241.4154133837211,237.48808162755364,208.25481071373648,0,53.139424563922134,642.7619305637772,15972.724792616213,921.0005300240298,225.28406343988547,743.978769469615,869.3446499473295,10583.77650532518,872.4891116736351,638.7603645235042,0.22260709430765718,8.24192024871334,5.137318984124813,0,yes
204.6006128633693,141.9880015799675,222.61637280962628,283.0322283127765,4,78.23625851064544,836.756929022681,15372.212191774792,908.4037600523811,395.5253080757273,586.3776502532669,847.6960275895495,12872.3791435805,452.9792836740552,738.5753239341201,0.20950469783291759,7.98286443842546,5.891194429098721,0,yes
268.74456898623055,234.54231947944638,113.17621656995102,201.00700306001582,4,44.947328916731294,914.9538120834255,18636.172405728717,957.5326418398353,79.23437165387918,870.4843729405297,704.6346137623156,14270.962173524586,876.5915593202385,667.6407764901456,0.2121541061404649,9.639264703257282,6.549043292732555,0,yes
239.73540850776112,219.3724377749253,321.3124722082616,218.4628112688839,0,50.969066706802614,899.9782576886009,18345.190206620384,931.5357383442299,488.35685752444226,446.65047654984676,795.2361772972221,11455.580365446654,629.3606172541872,624.8285077402201,0.23229267251248792,9.486795415027007,5.352610101265694,0,yes
224.4587745717074,170.44563017749576,244.31066999399286,223.10832183438646,0,87.02108641284411,995.9310521215152,17087.24789675703,908.5495143107593,281.1267963444931,625.326097672982,782.1375924809913,10388.58344957231,597.5463534066375,797.0452878923576,0.20085333426808671,8.876672003977793,4.9267044198583445,0,yes
210.44199303246864,371.69403621611497,254.30395563790998,220.38753465316898,0,31.190586961124165,969.4795859354117,18038.80353457563,984.2703308150029,101.92342031496625,872.6634396121003,865.5222231300822,14737.724180101115,548.3613197361705,712.8345794327447,0.2740190798117977,9.356755645293198,6.6781949259799305,0,yes
289.3662484725716,336.69092263019746,161.50811223918944,224.91047438099986,1,52.56560982530057,611.9805191710767,16133.162751436434,986.3231251513627,946.4931887663635,13.153371499433547,863.6354555695065,14603.973737548939,529.7569425640913,618.9621022221343,0.25902961239565003,8.324427609401187,6.602107193059879,0,yes
228.09879298919873,336.0502220929983,124.33009023220197,297.6650596982689,1,23.91358777522808,715.8032492860897,19886.373246790485,936.4634745340644,141.6201941492953,786.6697596354636,958.1023170730282,12868.536371057296,742.2452655876813,717.2382037779389,0.2545371494717825,10.216879813350879,6.039317312721426,0,yes
269.0858306178705,326.44646973792476,182.74185769005274,286.50402597637776,1,41.9313964068267,683.9005156883524,17787.799350420402,903.7651606680253,388.9782848625851,609.6809259621998,867.7112244315974,13017.494234505128,817.3546625996865,774.9700802735463,0.26759242691330665,9.156104957434565,6.110162200793609,0,yes
261.6731744399043,328.34738477650274,149.2870570740746,239.3486714403762,1,79.55186534451958,676.261877066256,19847.413736461545,950.6303565221496,480.98904594817327,498.9749037402331,942.6502384570397,14106.13309454055,714.1899788037674,639.884165279863,0.2560220593993181,10.19065578992368,6.513890407232854,0,yes
263.4517482282355,193.6006875621153,353.2797758853699,279.92923501660647,4,54.43954881491485,872.363255223451,18760.692907684115,973.1267611724131,169.98499787105183,800.9612690010092,916.8344846312947,13818.62765520267,256.219942894233,767.6430292635786,0.2601059452862743,9.694014369202781,6.220995618311078,0,yes
220.07557664469766,227.8687876509219,292.3105240557761,277.25431410255237,0,31.152085970129537,926.8558203546403,16195.64297933485,978.2376500503754,329.42872250723764,623.4429675522567,899.405656447405,11407.333403634157,730.3167594100368,760.4606561226731,0.23667495729744656,8.424571700299142,5.43569642357906,0,yes
297.8941537395588,238.8509645778086,346.8852097041614,230.66227583854723,1,76.11339447734807,818.2104606786439,16321.710823333906,926.1887719963611,466.9640830959914,436.05851115695344,716.9795055931304,13461.954852354003,526.9768103601162,667.1216570092797,0.2621605536233646,8.455885896721913,6.084069599582139,0,yes
284.6947380989561,116.08625363431756,187.67072635893837,212.33717843156265,0,83.29114715402082,657.9630640317292,17286.194315062803,986.3627264093562,41.5722967194883,865.4003674862302,710.4797943250875,12434.537548547358,207.25403430899058,700.7284255142345,0.17277664351151945,8.91097326658937,5.547576776587048,0,yes
229.61850405782258,389.42258681334204,328.565089722063,241.3124240849496,0,31.522389740350796,693.783731070711,18458.1152716172,910.9214566752664,39.31163033454964,894.002814403592,772.5879488607864,11918.12698390988,307.3889005599623,779.7146467849336,0.30261075449174085,9.494409409090311,5.419995828506049,0,yes
213.9337310551079,381.6598143323601,248.28310213990764,249.85400494525547,1,36.451230750806104,796.7770405688727,16535.710238707477,986.2762360354001,101.01411784644691,896.9356772515739,884.2169676967134,14217.540243052299,136.81941942399538,623.5745483376206,0.28779640158610065,8.566370584657172,6.304492502984261,0,yes
217.3763876205638,209.11749531292057,301.687137401706,232.69976995653852,0,99.76134166972749,801.0759681702823,19976.14882244639,986.6625342769916,58.97348806879023,876.9505582871718,794.8215487465801,11995.312465644309,583.2181361613361,606.927927358092,0.23042373208264447,10.287602953028125,5.5476700288098035,0,yes
231.87470854721525,323.8318432884071,296.39721264247123,294.92733666393275,0,35.92917268606806,615.9153225853448,15478.760242449649,950.8510500052969,548.6650716959714,423.1204259602372,836.358531003599,13734.223724199128,401.0829957058446,733.8582080378119,0.2815027172889919,7.993184655798102,6.208614024153691,0,yes
269.2722668985524,354.0957051004966,392.6970193771235,288.80723133373607,0,81.7622932083868,707.4997771897512,16498.489097985104,963.9132414163378,974.0607522195368,20.084461662688113,816.6906171444213,12263.11561799877,866.937361282115,734.5471510119776,0.32213464466045516,8.52488482556642,5.801832485810854,0,yes
238.40438555321873,112.33484775515893,120.68809973912407,222.45307283308506,0,71.22839416670118,702.1061389745624,15235.926553535992,965.2542797581847,334.4447837921993,613.8646757142233,817.7977692124754,13586.296044587016,137.74693942344322,667.14818616285,0.1525294149791534,7.892601661392365,6.024645731793005,0,yes
246.73454346867118,116.93715982265772,391.79316125107346,263.93630462010873,0,75.49114903027404,702.058172267216,15843.587507503358,999.0706922525508,610.569149417359,367.32097983982305,924.4161417137215,13568.748740907895,213.32723111594527,743.7767179604929,0.21847685852556786,8.201102856405194,6.104704633948258,0,yes
207.74005117685914,226.56154230892486,338.33800191870023,225.3612127324149,0,52.20282477425272,881.951428036853,15546.897396949938,966.9315098137353,363.6238565604944,624.7472405275014,934.4390654688403,12971.578443136215,612.1250867914372,780.1617719751658,0.2360675602006168,8.088429774270312,6.035660682631561,0,yes
233.2027037528827,281.2206304438967,244.68143241029304,231.47868775100616,1,88.76304231889269,637.6453166653635,19726.048225075385,934.1046800873921,236.40698333531338,732.7299318105439,965.9499130280417,12737.845095929733,461.93043663132454,777.0645308628418,0.25223512118604385,10.119260660109157,5.891619574558566,0,yes
281.44512642624375,389.5822234567795,184.4524550794775,222.07090466322217,1,42.83571200681975,714.7095095467231,17192.998616951776,903.7820026908653,436.3241379783648,548.8498292160903,873.2472888395089,13668.625896886166,208.91613794722554,782.8234827752004,0.28198067316418607,8.865481307118824,6.128631865428693,0,yes
257.11202787658317,284.91703552251533,192.43493717629082,288.34390957797217,0,41.693933088016834,995.5474936366802,19834.45187738851,910.4463678223406,196.37220336914007,758.2289907911663,719.5322912177172,12415.41360673452,665.9077600434906,773.9636460861966,0.24774239923417812,10.250444194285308,5.743252998497757,0,yes
242.60686427992104,197.27446253495629,135.37542531579783,281.5262679554186,4,81.16804667026007,862.7555504013321,19601.94451844692,957.0411980478473,217.59435202057514,734.5245133494433,983.8410711552951,14475.780344742743,728.3050441039209,602.3947546370417,0.2190382611491275,10.1102515344784,6.675134186281987,0,yes
245.3446781030505,371.83349448587006,190.0610435946934,297.1642642534924,4,34.65478613602143,995.032889283224,19539.6044772451,998.1445580742251,29.020430638090414,871.7842450983537,850.0457764964401,14030.909868712106,442.1215087861981,658.9040429475276,0.297425601848113,10.11497596379281,6.329554864210701,0,yes
246.1998020306752,271.7033446481185,280.46312738343937,231.1271219831778,0,88.69033281718167,720.1784463745531,17905.144525228316,938.3290365083885,318.23688248076365,599.1524247977209,833.6187748447691,10741.866251934498,821.2822660941183,672.5142762600948,0.25314765147345286,9.227486043178283,5.163082057125246,0,yes
225.1446754351384,225.1054656222891,293.1145942463494,250.2171700395283,0,20.13668807062153,778.8657633116776,16069.659174345665,960.4280451903385,894.9552217865453,23.851920273483756,768.5026169865148,14111.685886093834,220.13757185939892,632.749551342271,0.22957881433831248,8.325782277781876,6.239486275101727,0,yes
221.09984815081958,199.8530391133189,154.93404881705237,274.94656289086777,1,42.368922469451334,814.361071060663,16432.967388848643,939.888570678163,127.66538419408718,809.6989902798693,975.6757852481696,12760.015495945872,410.10997703716214,611.7820729769769,0.20307088518751812,8.512530926073959,5.857480194017823,0,yes
257.8286368261954,356.27346649507433,169.25107836076876,251.41643503938505,0,27.504332052209932,945.4884458225126,16976.334171899634,973.423046186029,282.6255288263851,655.4746613766766,981.3538746990178,11951.327962339106,882.9025301944102,795.8922387143707,0.2625700169469124,8.818512094102541,5.749807287395113,0,yes
224.8802506877785,294.29006881858214,274.5280853094898,256.8736718080409,4,62.02170909951733,631.4644203593194,18244.53562437778,930.0206451815358,690.8815946674564,259.0766489616108,967.7337077894615,14534.009504776215,121.43536266020094,737.6342907815174,0.27609763868144277,9.376597133488112,6.466711295420535,0,yes
268.26429057403664,378.7136042738208,399.02066803685943,267.9160741895665,1,62.75543930200258,760.567463357808,18148.07284085473,911.2463390624813,150.1767924947332,759.8760314168564,937.5391405266971,12161.113872394715,120.64684132827975,622.1992532404852,0.3305510191429991,9.35417648078183,5.4845009832503635,0,yes
291.63810635261245,138.65264813316998,264.39402701416384,275.6016579618307,4,99.52926784327522,851.7079955064453,15730.92777303965,921.6824701306398,336.9839544884721,610.9087071671877,784.9295334658171,10695.735507097646,697.479165047595,670.4340585842631,0.22872270794460092,8.167399126323804,5.079541493608372,0,yes
217.0316634321276,177.2361470423316,120.0665985683657,299.8641236584182,4,80.97948517886522,831.6530924762453,16239.62165881651,959.0619043503356,46.5623772530667,947.7100904873901,905.7242135396984,12392.80198333029,674.3757482126197,732.8398321482007,0.20837432611366222,8.422370193687941,5.812087120967806,0,yes
277.83557089780595,261.9853997235746,116.26072562226251,206.0552862239745,4,22.916341552843022,836.9338955993032,19322.353136988117,994.0398618331803,61.46253241716144,891.7463253081299,932.0068445539908,10635.717789388837,886.2152326762229,749.8498868424178,0.22313994793279546,9.969758187533731,5.201085104707673,0,yes
251.8083349109117,363.9077438803448,351.8071525404396,245.51016323829302,4,49.464362353566464,631.1389274112524,16417.94668776389,902.4992921158522,403.33817255703116,584.291218937962,895.1756165489306,12445.376531344198,744.5549807335776,749.0660782367707,0.3189522787648728,8.4594701090305,5.85820162342874,0,yes
254.23284914608044,201.1034020820004,177.54368107880578,264.1466606092581,1,44.5341538442532,836.0428681620042,19974.168492235167,985.5304868521238,133.63608000144106,781.6321696820648,976.250155513587,14713.442326668217,406.07807085553594,753.7634911577004,0.21039207040672375,10.294285981657868,6.653134333826209,0,yes
269.6040724021897,274.48425712626903,199.9524008056606,296.80181399859254,4,21.12152065876075,646.6295977307204,17638.76584214969,968.5310499919124,303.76806805914964,614.0850158306655,963.0902903891185,11030.456571325052,332.5810926306897,698.7321593659956,0.2617594888381537,9.082316685988896,5.138342094838381,0,yes
205.0008008722954,376.4479776114233,199.43420458789723,237.76496081179295,1,29.53655277162179,666.1016419116157,16467.11527340163,931.7016182990753,294.7280847595476,696.8988178166389,714.3939575155616,11648.999405940778,432.13023169906546,716.1741196659862,0.27152763974683364,8.495681747167465,5.338562119687193,0,yes
285.29477633819795,168.0201016601414,160.93258241081807,295.81853285351946,4,21.97079550498802,667.3276033387763,15617.531144220702,934.4871712685092,429.7394069981245,559.9660110100979,727.2377557248062,11364.595926710652,456.2295750948711,689.3850998134069,0.21326674725720926,8.07153998333511,5.2357755237386545,0,yes
238.60674022039927,362.3002214193465,161.2668133800608,212.28216258666166,0,61.26428959498277,812.6181403470031,15123.546843815151,976.9044594371735,858.3393186682493,91.57371825001803,936.9392093885498,14077.086484954076,529.4788064571785,783.5041356510487,0.25737002723178776,7.862530867130811,6.440941779470082,0,yes
296.6159747072599,310.7546321473041,224.29719254343667,286.5308397772528,1,63.849581312065595,669.0687171312694,18560.554926923527,933.3677938168464,319.83320379173205,597.7640094577064,769.0896678702092,12882.848856943918,319.33901897047025,690.1579986680135,0.27587423708862796,9.5432795814625,5.7952365315240435,0,yes
250.68097385561782,172.14520017036926,111.09695082979792,215.95413421401267,0,33.25432858866349,832.0882772828518,18131.88203897392,901.2063895899923,657.1138559102346,255.83541856663362,768.6619247743304,10589.217406473119,251.89139097582034,774.191954242667,0.17001409920992713,9.360669513845433,4.861138448630132,0,yes
237.31033015046043,278.3101778391921,338.26957609482247,256.3685924851932,1,67.40964092768456,609.9237790248923,15064.495722807756,928.3712872985249,785.5419792140872,167.7535926663843,934.9397053949053,14318.364158756047,297.1160299863893,623.0950205536602,0.27260058621066824,7.781663734135062,6.422993616696014,0,yes
251.0545212836625,302.6206400388247,210.6022798858142,271.0400806748236,0,96.25913603550062,838.1367457435954,18238.529085417467,953.6910766372623,782.421423130536,123.57134577097861,963.399383498928,10334.994549266283,859.7757563697365,799.0718247956294,0.26109071866702915,9.422540010370334,5.08287392989582,0,yes
275.93219363475407,353.6941474081296,207.87193691983543,275.15171714653684,1,39.178763960587105,888.9599380566533,16319.252506503233,982.158190140813,572.6375411952807,345.47414183210105,847.9836247273923,13792.46655271907,791.6421321250459,629.3466270605335,0.2817677661904916,8.47829953734941,6.371652793700855,0,yes
230.49355201229693,360.7780535414352,265.96998798934885,276.24965031453803,4,51.15993125012829,836.0388394871154,18721.44405041045,926.7395309941435,532.7626448802745,394.5313806355049,872.1599791538322,12137.059780809082,451.0189653510702,647.4004020416738,0.30420005463285166,9.6598258331276,5.586530372845638,0,yes
205.85275748968928,325.17719996847563,278.03186408047566,214.09246671601898,1,63.4218625634574,830.3020003632314,17925.167813176857,942.2860765941982,891.9223670419916,87.20979708756954,735.607557301215,11405.999813128483,252.18724974719385,790.3250869734836,0.26637097083032985,9.26253216507725,5.186000287430852,0,yes
276.8171495156754,219.4873589530335,393.30497405545685,240.90467533317778,1,55.36606440769426,844.0935328204425,18218.796380636108,926.5958553450301,592.3214137976264,320.4522738024922,933.4447773080016,12896.70709366052,330.75093095612306,747.5183053689514,0.26046890855736976,9.410292473088921,5.878016312357369,0,yes
263.6409048184459,113.46296232937885,239.39695217138288,274.44751997861647,1,67.74835248524782,823.8772104201569,17100.404004687105,962.7027363183256,194.01565107663114,772.6875283907572,862.3827020061705,11841.015794102,757.2472997274045,691.696120107078,0.19387493353115667,8.851519374300498,5.597931354443365,0,yes
237.67061884153551,226.91366834936667,322.04975863706255,274.3701043613879,4,77.26732322920131,835.6600547339391,19698.031651716872,920.3886077588779,268.6554432501579,647.9621785326616,822.3961506288593,11604.66949731001,585.8484747575462,708.9795812221029,0.26568324335261795,10.147165343378347,5.414240474338622,0,yes
214.18933009259746,384.1439031303758,316.369237756766,201.27431260335212,0,35.64114297778471,953.6916216929731,17352.052327299443,953.0927699446457,923.080829230274,23.089433956753282,732.9606647074966,11901.425918762365,144.50441706440387,696.2409923242777,0.28862177929371924,9.005447885672274,5.3230006076860725,0,yes
200.7253933811715,124.06721648080477,103.73435512949479,296.5164382847861,1,44.80072965972981,848.2187640350395,19422.650474177284,952.3654250501786,408.74683642328114,555.181167363824,982.2152305278335,10605.32752176859,589.7492633830238,618.3373540671306,0.16456462742841438,10.016685202081034,5.074586289213392,0,yes
239.69375485481748,380.2144543096041,127.2440083148837,276.52284119456556,0,54.082959905797665,728.4604291425237,15649.88349970732,995.6405264147943,682.6405555933723,302.69954424352625,739.78309538221,11153.491078380184,804.8345609408171,721.830884695311,0.26981393814447274,8.109593151224887,5.299473175663569,0,yes
205.40767633025862,269.89959793921514,327.7760412260922,273.12995262926466,4,67.6592314349904,630.1274528389494,15573.950322575522,965.2709409024628,173.6849612196535,744.7115353640921,992.6034593675179,13825.966128495356,651.6495920435161,722.0246839057909,0.27849280738798465,8.04585995708039,6.399130688388486,0,yes
242.21965048009454,145.45215986559742,101.65714124753234,215.57877990275236,0,58.86424018777211,944.8602414923092,17236.50349782659,943.5062545693045,724.1793638953462,232.69534955010556,921.6077405666977,10271.719394086444,221.26484275162764,642.1550887622936,0.1595230966408692,8.944330799087242,4.771647594174088,0,yes
248.7873580525095,105.20998926100893,247.68042810406737,285.78172645427617,1,73.42384536710823,625.6654634570414,17437.14991225339,949.5907817216898,652.2034157132429,299.61211612375007,771.1001010553147,12500.926645871863,309.96996422934996,729.5049473014691,0.19333213430246354,8.974327875238457,5.649416275683041,0,yes
237.85893795425443,378.65555596489685,382.81540533252047,266.2055428205904,4,69.94670953003643,960.2224449840846,15117.536187884169,988.5240152644607,613.4655843132955,354.6888283514156,840.2419536831849,14169.655635167179,795.3511614265901,627.5073987937747,0.3360035848865022,7.89458285228286,6.52754980220763,0,yes
291.52570928598607,339.10930266434656,162.1716569070678,254.58791971407803,1,40.621218162514225,719.2615006023557,18702.970362778065,978.3925721427486,538.3758818651281,432.1329107316276,807.9240380025238,10979.426430462994,797.4288213280074,753.2329799770844,0.26483750029317543,9.631716816785472,5.256255843665832,0,yes
245.84485069078562,391.33624177646516,108.79232332449769,223.97191142383195,0,62.779802885878084,971.2383298753405,19564.331732715546,971.2208942401531,699.3421568478415,201.94158669539206,776.9452295572097,13141.61115943685,154.31144824405402,768.3562534156785,0.2619328602117933,10.118119718827527,5.844007416361229,0,yes
299.8755082286256,387.0182502307254,263.6912227199929,274.941769022869,4,86.7166620044795,874.2802187140761,17909.681208912443,979.8728144519271,121.38110576837421,840.1137145832653,958.039052861711,12694.473164064133,525.5862155576534,696.5635479460648,0.3272290808697654,9.269874616072874,5.884835686092295,0,yes
240.04368371497128,167.31702440764707,164.34445882355567,295.7301906021375,1,52.097813710060706,675.2799573574187,17187.031177781835,949.2420039757473,397.84986314196556,513.2139232920548,810.8485278894619,14343.714671222275,374.4941461337147,716.9371501112325,0.1997112199381519,8.860058327971766,6.4209908813941405,0,yes
226.98636658308897,326.8851915116992,369.46132481970966,241.2956551279715,4,58.153063035777215,994.2766231456254,17736.630405838892,904.1005156885328,692.6785781138979,279.8257078409488,843.4081522097034,11628.810118240277,757.874679846362,743.6294373571942,0.3047864107919757,9.200373585964794,5.51338088441108,0,yes
247.28634250070513,346.7672771712787,151.87450697536906,293.303652084058,1,97.39452419671332,692.7454441792846,18199.392738914084,973.2859336062927,188.36873385858587,785.0733167197963,838.092113605054,14755.756576709673,178.26479875305532,637.2450040335347,0.2751229055691812,9.373386018197984,6.516299273483434,0,yes
243.32095717907185,357.1912364640796,178.2505626116805,285.652943238298,0,61.413109440130384,719.5384903105665,19455.962091292306,985.1348419293276,845.0961073703996,75.86129320011992,752.5222761939385,12996.389428182532,541.5901088483533,708.1080463431099,0.2740118613918083,10.009207020240305,5.925753857085071,0,yes
260.7927709291593,184.11561030679516,110.58897714021435,288.16180057905126,0,44.987328877720174,768.44434463228,15573.518163017974,903.1946356616207,237.95442084888094,710.5709358576157,981.2767323035348,14203.411622550047,464.64933757655035,742.6018785943633,0.19189576301027234,8.06754915713914,6.477637116869059,0,yes
231.77723376012358,144.95531764497468,319.87641531916154,277.10368091327126,4,75.89656794678733,999.811704528435,18484.635188521606,955.865012852465,727.1949198828772,236.23533387868645,805.1413813901498,12635.349372982204,535.2277010120713,628.9431405172843,0.23209496924051254,9.582750424912831,5.795273474455703,0,yes
280.1762093106321,345.3068827931297,307.5889450924294,267.88418204327263,0,81.16427285491385,681.8497414757468,16138.190336998243,943.5551422369522,331.5803522079732,569.4761798551162,837.3891068606733,13408.347459658788,560.6710996734571,761.0416938346272,0.2987181811636705,8.336296631831981,6.136418044804985,0,yes
268.5017517690534,293.321414349968,154.55942800388945,234.70614071226709,1,70.3778926892765,905.3159305706039,18279.01535161353,967.6796372772912,52.152456031167596,927.1486786418036,822.8305352887081,11684.933831266517,586.8530652270179,652.9392797836665,0.24184824710031763,9.459892385077492,5.448166465714612,0,yes
283.55478274182076,246.6366394994941,294.3262138000034,252.999193243127,0,87.20347652018566,801.4379557238697,15277.441354555718,925.6322228838866,861.9560878415997,45.22494922749161,895.3676874077462,13120.07732320272,873.3213112787636,622.8789211604166,0.25480789051825903,7.929924564266865,6.151984373066496,0,yes
226.4233656419702,175.22653440381504,227.0545732717675,212.2976678109734,1,20.58478090340457,964.1429373675473,16728.207408835096,949.2970320742139,293.14516475393356,615.24479402008,762.7996619313534,12585.601843312754,638.643394750091,614.3525402751662,0.19304914465780915,8.695403416134656,5.790347812976486,0,yes
207.54900863165756,364.99185282140604,139.18447180795155,206.80017410842555,0,78.70811964442247,776.978831012092,16565.608593199715,973.5660253328435,431.0802374167982,503.92664566088405,810.8807864487832,10696.89209340697,148.52903445715944,667.6450967704419,0.2512048427813846,8.575150438434983,4.868668538238316,0,yes
201.72573847419477,345.2350612299408,256.37661499270416,259.8115489157525,1,90.59804615641755,852.9181334361223,19203.323609298433,989.2939021461706,116.085017917051,860.624110355574,818.046959215238,11178.775789239773,465.1978405763234,704.6100230540202,0.28210321424953644,9.91318033868712,5.2015669697506794,0,yes
291.36180515418096,337.6772286052625,163.53658896021233,282.18966430463524,1,27.23993718074473,667.2951412263818,15149.95347691903,980.64462231174,467.59452497191853,448.34794681983544,753.9053137525748,11798.937476122335,581.4528357166713,697.0837957335551,0.2683555006392055,7.844102790980352,5.461130565779753,0,yes
246.23251605153973,389.8283062344601,345.08237624035826,200.5655519984037,1,20.2766292563608,835.5452446858096,16399.055074557542,941.3754418223202,719.0461922124263,250.36105869066148,888.5579069682354,12753.429547114025,559.5169125048351,618.6783680373209,0.3026133374258479,8.500527633248568,5.88507190527474,0,yes
216.6637149313965,341.3888880981313,150.4738025370423,291.4850719550247,1,96.85296201586394,824.295533294313,18358.633649381896,908.9847049700261,52.328555077051504,888.7532474352507,846.5957593543119,13724.614106285057,391.1658271203276,762.925968734436,0.2683908813285946,9.47335848262982,6.204531776513072,0,yes
235.49329077831294,191.4304053350885,335.13403807548895,270.75148041921364,1,87.68565886681235,924.7586485908454,16931.937246078418,961.9748669105534,438.33426137858294,500.75028360154386,980.8283208615218,11870.312810043428,436.97757774949173,799.4269606148908,0.24241802826924144,8.789994373486769,5.539429422653365,0,yes
266.4243800845708,277.69891789710493,105.86860599270366,278.61757447096034,0,85.7695365303534,777.8716291112712,16988.430877560775,968.9188837659354,346.8534583682543,613.9048233419978,979.9268396977288,14894.281174518159,345.59380100566386,689.4490147048892,0.23231580766803542,8.786118273064194,6.700477711715099,0,yes
248.3594403581258,320.25134189577864,189.6918406588971,275.8985662757756,4,81.98716932663172,724.6957690233723,19320.199772317617,960.663080823154,725.0683652293163,179.17310501530176,906.2021569659477,13146.018415539424,888.0676736562096,608.7406769229843,0.2787969640645739,9.939082148739207,6.17034728831306,0,yes
205.65722368505106,155.96835910891576,239.5239768799031,205.62821020936644,0,41.61948114072217,631.9556843599636,18177.850671448003,993.8432673548801,617.1990239302088,315.09002704965167,710.3525491378764,12788.713194561657,725.9161899322497,633.2314417426671,0.1825278064889974,9.35216173394187,5.891257540532705,0,yes
202.0132525193385,220.73711696833163,372.8020308604543,264.1465710713975,1,88.50443769074505,750.8068313914475,15095.118932961996,998.7603971735675,152.30671140135345,835.6278368507943,842.4381279189078,14388.690716863042,534.2558873541475,764.5916972962782,0.2562291009846309,7.83758638734593,6.532420555599336,0,yes
241.82491147750702,180.348160353258,195.80685883431187,266.4816221956635,0,30.98102292653312,743.7441444202032,15327.509003718045,959.7947338085191,62.671538901926816,842.3172363760846,758.7095699579626,13289.741087414599,310.26883783746734,763.2990992701306,0.19893748774916759,7.946826599239656,5.958179501602163,0,yes
241.13615910921345,154.00540073730016,171.43138162261744,259.434079339346,1,75.7291865053896,778.3675868841605,16901.58528769075,989.1382464632073,252.46095694159894,681.1883532965255,930.8686147402759,13548.855150557654,222.0592962642212,676.301343981249,0.19165362168839278,8.74560304332572,6.087812545913397,0,yes
206.80550047130052,339.69680813091543,371.1865490628932,275.4669803480525,1,85.06308150534426,777.75630874931,19117.353885813674,908.9594185475836,438.198768497351,480.66406307914417,701.2424177317694,11772.343326055381,637.693192680768,707.406126076743,0.3059258897389078,9.84232348469177,5.453685512498422,0,yes
213.64025126521256,376.45560352287896,210.86545065337486,268.0585433257485,1,39.013415643313095,996.5667513486671,19066.645647725396,994.8311711206554,217.14556244373463,748.6783347887722,770.5771513134212,10927.405295089247,692.3171990033234,702.4518138305923,0.2821570669344812,9.878391411204822,5.17109011024429,0,yes
291.4309073761689,386.34233375637945,339.63461253449873,231.0083892625713,4,99.19737645215542,768.9861372777241,19371.971004643234,936.2726702337761,122.21680644217932,822.2480284504272,873.8611324567137,14826.417298156715,163.8716945912904,750.8937287795397,0.3338600411581375,9.97142000060568,6.564105418688938,0,yes
257.8720918826165,396.21798680902475,365.84582365820995,286.4911388715446,1,42.6012251589135,945.3181870689446,15652.848828913706,947.3116116569989,316.68544606036875,599.9291225492154,799.3129173819182,11403.68520402377,898.2702407744412,624.7651568637551,0.3307845767885143,8.153131344333328,5.438519890118098,0,yes
223.18978307405564,165.26683211588806,209.1514413671122,206.1099901082034,1,35.09098670576204,935.5102110643252,19567.459335981544,961.8595260377591,395.8518171466879,552.5521344260476,933.3822076003748,13875.316448721975,326.069836079644,651.6878587371216,0.18566177042363252,10.110195094319321,6.25980119226609,0,yes
231.73716532894693,347.06948572212946,354.7461756299484,270.3199593156403,1,29.361719147104466,887.6731614736003,16329.937297348024,977.6539988189511,901.5774075316865,92.30666050134892,711.5995681986017,11369.99246308105,577.4468218777572,695.3787688836396,0.3007033375538598,8.482727066983927,5.281535314414316,0,yes
246.19330165559418,349.9634682161119,243.57574525903883,257.80800890016667,1,39.40662901355695,689.0505610568598,18911.730806872256,943.0860975389396,918.5869155796687,56.188794015207804,749.8976916621184,13338.176373129083,588.2296140253419,739.3245174442249,0.28021377517893664,9.724582721091936,6.091607653711607,0,yes
238.26347805256646,397.6181365286896,208.60997558836834,216.53274825549465,0,55.41030939847195,626.8867691070848,17642.103642411654,991.3510769928205,19.965614197549524,931.4911518946028,886.2641656271128,13632.55999703295,661.9924720387954,650.3487596725441,0.28103668411350674,9.082838251030765,6.278464862895199,0,yes
248.73083001908267,254.38593881101343,292.0755427347806,294.9958527036299,1,86.10132056572593,719.3662484010692,17432.49776529397,965.9306044976319,56.94781030963261,882.9906371850155,968.7477930514532,11765.793079574907,606.4228166242797,782.3241848770153,0.26531131658714646,8.994781933782715,5.558397100051669,0,yes
227.0333558841923,194.7953421512024,300.559041639339,214.4057399454734,0,98.53762864115981,604.1206446451731,15846.668416997525,967.3962117299856,747.5391271128818,208.70275281625402,862.5570205634292,11315.450141119225,497.5934321488614,618.1644087486454,0.22187598436287237,8.176855418516471,5.272827792385884,0,yes
209.87731998853855,320.2449557548772,278.04488351261966,249.77032204567064,1,74.90306966541647,775.9585840842876,17240.76034519926,941.2369790568555,60.95952842181192,900.2878328572932,997.2174453939733,13368.759829636685,462.50517667596205,658.0928268381172,0.2734876064181922,8.908045873873059,6.139895057648457,0,yes
275.20650755220026,269.6437366162965,116.43537052144079,236.0001176427561,4,29.677404348014154,848.2784706731428,18365.353173479638,919.9207319516651,417.5706930924191,496.0043806070505,727.0016296392859,12044.439896357113,227.40346077991154,606.1124482681097,0.23274397275359723,9.483598796019194,5.394701362744469,0,yes
297.270333197798,188.138069494327,305.71462087470434,291.84221083610055,4,62.272347820097984,868.6098334766046,19459.762496358,979.0463981334043,691.5110094447223,260.37468103038464,819.7307743852313,13007.62101112775,654.2643336693156,695.8895034782095,0.25605804197280946,10.043519660744414,6.004830353126852,0,yes
250.06452404753998,223.18299932181893,396.7287547901547,236.452542707053,1,55.463872175180086,829.1763466810237,17937.95711599311,996.8756380375545,228.0674982721279,727.5296035743811,873.7889321447715,13255.478975279588,420.21076248210835,752.4043302045029,0.2583688017180642,9.276212480612024,6.03996898613499,0,yes
268.22864992521187,347.335165790172,259.4207706146737,263.64357046658097,4,64.70522302794048,652.4639363169198,19299.28693658066,949.3998512384853,387.35776631691067,519.290790528267,872.3324963783972,11635.687914285862,831.0678335820999,751.7611358297814,0.3014657681267454,9.911215279286518,5.549018195199268,0,yes
206.12476888405976,367.1421204775029,301.37611924119386,243.4050772444017,4,40.199417028241214,852.8789861390725,15093.421133376478,900.1843920682958,890.9800550127244,107.55896456553262,703.503692459922,14800.02685763321,764.8324511560284,620.2880801377382,0.30280363287901235,7.845974059620429,6.71605971727597,0,yes
254.04005456415663,139.7390300378749,395.9111103725367,278.7312241702942,0,78.47386382068274,712.855201340173,17077.428596631347,947.6747657154528,774.0050495217879,140.32304978706406,827.6552662496904,12782.57565832556,104.26623932207386,679.4924752926374,0.23267896069111754,8.813297720770883,5.690673310127463,0,yes
270.5985394158088,270.8089764001252,383.0181195864233,258.1364260276161,0,88.61450640812869,954.7752739112428,17073.453179948305,906.4913513821263,626.4079913507529,294.9526595204135,787.7509717166806,14363.403768873832,461.2873361010089,767.2599408788825,0.28177957269249626,8.860011176393888,6.462432606921135,0,yes
223.23095535438816,188.74732114507765,299.7498652743367,285.7981471600391,0,93.77125932637745,759.3049952267831,15329.11384943438,906.5921222147368,465.9323209778332,512.6483280239447,743.6953370069209,13453.049610016438,796.194734417982,785.3884613981161,0.23249369345439633,7.943781640669316,6.224922048960132,0,yes
230.82243309210517,134.24449890863428,233.54368184612372,227.49301601559483,1,29.218976540195705,745.3729937056172,16952.777131621067,999.1465958606744,425.5359715550404,538.2896187588005,919.8360807537105,12172.740245057286,542.0828223396477,745.3883313959965,0.18263395869500856,8.765265820298563,5.674242882839404,0,yes
254.7971783281363,256.7017949429186,319.1202063894313,207.29608116787756,4,58.35648615984815,762.6719368063211,16194.012256040622,970.2937187686316,820.3750432272437,108.87862649840213,754.8318739075584,13650.398133438186,700.4678479850992,791.4034379181062,0.2633854097801166,8.385721440911365,6.264038928489043,0,yes
278.3816883367636,275.4207392274408,365.5707756019982,203.30999325579216,0,30.763531287901742,949.0633803710784,19194.83172257008,902.5875496838523,881.6653412681558,78.75928282313623,707.907131059402,11676.540986359503,434.94192648746423,683.4767062850452,0.26288236638596063,9.918858029090323,5.339480492667678,0,yes
211.9405054845883,126.91990315907765,129.940221044262,258.077312219219,1,51.677922053897014,637.7815658929408,15679.029281174415,990.2663778452555,508.42123890980093,448.7002644284783,828.0164210776175,12597.951202227336,133.276170608129,625.2840936324177,0.165538734820033,8.10352492782365,5.6273359335924065,0,yes
219.1118028081042,303.95281342968383,382.1683026771497,291.37599620369116,1,94.77869289818646,649.525844705022,18157.52673121544,963.8349069137673,47.499346329172084,928.8318541549718,892.7098582259008,12529.65907279849,150.10168810631805,692.3954913686906,0.2997817214434486,9.341681546540283,5.644083445929871,0,yes
202.53238989129918,101.13096690128108,376.4716832562569,286.3272965713834,0,31.613751377912962,757.3778791699121,16722.968481120166,999.680888788378,244.47424253386922,731.7264995582781,701.6250741711101,11424.831075403925,383.1472743844782,707.8073098338022,0.20247038661038816,8.653095487624356,5.220952035247183,0,yes
271.2220580807135,222.6156803798064,100.7628623331182,277.140122066207,1,24.796046301858148,912.7576300094552,19578.962873167144,981.4384581871407,569.3320243938044,390.6501731692996,782.9473466246371,13078.972777622414,588.5336866084461,787.3543553747145,0.20590838718358728,10.113460845347669,6.005622445424491,0,yes
237.18865827293286,342.23496456834016,363.303112748636,233.17650802549082,1,40.402475343995874,742.2883311236423,19053.29719480176,974.6084260433859,566.5711544281999,352.038395298488,846.9659113960115,11178.899019547012,421.729338181491,647.482430460204,0.2951286019199333,9.811443135270917,5.180294862687663,0,yes
223.06840767145678,371.74950167325886,206.80533224179686,292.67388002596573,1,47.05772568924269,680.8633895709477,19544.296553770422,934.5120934415799,511.693680496538,473.2671837979421,754.8054786818326,12259.866024878764,649.6819175769017,627.5205202645413,0.2865871036962154,10.037892080664168,5.673517310164376,0,yes
242.67431060598878,251.6989868587067,247.35520421247404,277.3867961130401,1,24.792578773200873,937.6350499850162,16536.75060073455,934.9813547384041,143.81218216813127,840.8016733578002,946.7477207329584,14838.664498181615,668.164352491634,700.8216280122617,0.2432981587112313,8.591630440437937,6.798783246562439,0,yes
257.4886024089966,128.11390678067295,154.88969732271838,229.45541901587794,1,82.0803212038912,653.841355375057,19859.029493666578,956.6102191767268,834.3619636467877,139.14485701371518,934.3391525225531,10178.230776787808,416.0354089332453,749.3381978043433,0.17485912426403322,10.19237995280859,4.833682698963552,0,yes
279.12806708207967,254.20616900542205,180.53495692571872,279.00789488053306,0,39.845151509496915,612.0523941948003,15043.627148335423,933.1106447215087,791.5235756281488,176.8208637090811,956.9321827527258,12350.819345595717,240.94738328333057,635.7146413027551,0.2337648418351201,7.772341635374612,5.626029150384986,0,yes
296.1335252725506,380.7082838596197,349.061997506315,214.84802101049615,0,97.65418275841279,750.747246539895,18294.27977669245,970.6204268977484,753.0844169272843,190.93706598463586,925.7265803694291,11101.874740606,671.2711088043405,659.2935174217005,0.314661726646305,9.433256179607648,5.28583782887391,0,yes
216.16764898929387,157.92662176793309,353.53491793999376,283.64141319299597,4,90.02114172200659,863.0903516856326,17894.847304578645,990.6456384516208,119.1692154586512,791.8489881018506,751.903263607528,13168.409413162088,895.8863866495299,703.4955626450997,0.24512758723172295,9.261422680571393,6.134065260616652,0,yes
269.404909916777,117.49142844636903,383.66579813706255,232.5771893138837,1,30.785355761436914,967.1632770049312,17936.002959788802,904.2447238037417,320.685583822206,593.6425361125442,735.9472846661332,11001.941932764244,703.9747390300162,680.5660171586107,0.2120493791312966,9.293825776914039,5.181761284739832,0,yes
278.7582430452128,137.00907344814973,111.77085084928723,263.3683870007539,0,84.39596385903026,654.8179891230297,17501.8024493122,983.9262580953155,646.404985076361,264.7938608785804,979.4150720587893,14971.968716445775,132.19907662104663,717.1467994610789,0.17555909313788182,9.017752324476744,6.642847260404884,0,yes
288.48907175439825,164.58951274545382,124.46190752147997,293.4401190236324,1,71.71526725901657,647.4448409897567,17012.969177371066,915.5062378127561,668.245982182147,281.082625432325,962.6203923410696,12819.632914977601,841.1145122338606,737.9508502656379,0.19878193548252923,8.762313405424244,6.06674238450646,0,yes
297.61113555817826,190.94592460724095,175.21458326242538,201.3264146300644,1,74.2429735202532,700.4826505843297,16968.773683063013,941.4479101911716,297.88343999787674,603.854895374459,721.2798183042867,14211.710893490646,500.19869036802936,681.9395885067984,0.20252618677616124,8.75539127538413,6.3767540772689415,0,yes
281.17037149235404,105.87985466826098,221.76770108770756,272.2406843094701,4,62.543294821243705,955.0303773993052,15829.16297738673,978.9011797132648,120.81154989079783,871.5160911387532,907.8005935925464,10731.281342012206,886.6191577698024,708.1087593450452,0.20043914748862351,8.247871636528684,5.229664318240799,0,yes
234.64019836877412,217.92920202108854,146.42687501860632,257.7429600653243,0,42.50816083219122,776.719784202141,19160.346477491978,999.461952357195,501.8013487688488,405.88659779278646,828.3467086672164,12909.803671854394,271.19625080864716,796.0332691045967,0.20288697838138556,9.87604969783108,5.8231691513055726,0,yes
223.4774414550229,155.62636661327545,309.4398500902411,279.5736051020532,4,59.645727382154554,700.5437284939445,18925.573708627486,952.0504809581828,825.6863951650062,163.77784296907203,863.8368941794254,10190.471870554258,570.0460227940182,657.8461622898684,0.23167865416746677,9.735262263668412,4.862112431074546,0,yes
247.20980016759498,184.38221967786393,161.8202392563262,260.3764803625212,4,96.57986984445695,983.8573118561342,15117.267715025275,970.5112429500872,601.0538808782047,369.69007004257685,757.4731963272645,14857.10848813414,242.3929191705528,652.0053959350467,0.2174604502372108,7.897398428808426,6.551804019483318,0,yes
215.73529629956306,212.66437704114395,269.00024568271607,259.9151447284399,0,92.66264257377432,819.570259883344,16024.28199692352,956.4979823143485,350.7955367951743,566.3466043850071,978.2100274826067,13108.619979199877,261.48031673615856,680.5586880554126,0.22964813361099834,8.311638334270215,5.944723448335951,0,yes
212.7765493404656,204.76817017485115,353.19371627845794,236.5556720385278,0,86.56974003183836,689.759603500381,15537.780261149715,957.202857486809,40.76313860541694,902.2203935372113,951.683360583645,12430.513065165716,894.2141514148688,624.3650103692477,0.237516689506347,8.03970505451871,5.912137786057836,0,yes
256.79453179892744,301.3177219407887,250.4983903043239,236.13452071962638,1,75.09402902203634,974.4618759693835,19485.64302334342,955.3600498293466,574.3842119102567,371.5188354794918,766.3793350839411,12453.399020926676,898.8439420494188,630.7294784930152,0.2636319590342236,10.077330284944729,5.8502553364826095,0,yes
238.65915694980612,156.15807802949382,330.6123798772336,212.37420548439064,4,36.68379855983717,641.2517910563238,16293.945991022816,943.8998766508199,463.48687484288206,478.1462932854832,721.5077654989957,11167.530596560739,778.4008528563664,652.485385632728,0.22171769351962406,8.405340757132754,5.272043553881352,0,yes
254.31660620695763,123.81572885539944,120.01639140974758,264.04394383740885,4,21.941628449966906,972.5706827154249,15965.663501129506,938.9794977239355,400.68350967076583,530.6199421014453,728.5622339811014,12067.77139390007,753.5270735627993,628.7624704659075,0.17712221052552105,8.314652912028523,5.620489695807053,0,yes
286.7410680888351,120.47349768873619,261.7914138550158,277.5922014940552,1,79.21216389410225,641.5792699417299,17754.073661684884,918.6273330421872,442.53860499604724,552.6322263678205,730.5425494144395,14694.531784269418,206.27922787738112,783.8336263464655,0.20615300134989126,9.132012043900904,6.482378608209356,0,yes
260.59880098819684,394.81914092955384,284.4930159561315,200.6278634995115,0,97.05855724921256,734.3057617138876,16937.26470744763,971.6787493539553,393.9640063331258,555.3904841816534,709.2607115216932,10849.935748095939,752.3743974353222,776.001523523021,0.2999735248849621,8.751256928570552,5.147089769615562,0,yes
238.40638844979122,336.47309968470785,213.0057865907257,264.00257853313934,1,37.79871076416939,687.7672065095192,16435.65550523037,972.3305044785507,129.1309821334359,859.7763217550096,748.3689948613596,12042.441916678226,767.9644485939633,774.045458568342,0.26875623844551244,8.490292139289233,5.651171820160686,0,yes
203.41179516157422,150.28139700920372,238.07775045470683,248.80364411715212,1,78.10440556440413,609.6319633225698,18252.21590692438,992.9812948535823,891.4795726367043,35.058142657845224,897.4683523133955,12601.326831636183,731.6605419567588,678.16389733211,0.1969020290063611,9.384366821836643,5.898552056248117,0,yes
278.7225185657141,280.70518710849524,215.39492293464102,296.5478621584888,4,90.06472800966216,677.5307845273976,16641.690851890664,984.4451482257192,699.0508993186489,250.78018381636878,915.4080963136897,12098.952536577372,374.19410531416383,670.4619195818375,0.2771066175221304,8.592739959602259,5.563975952305837,0,yes
249.39802224892583,234.3874949068431,104.91889488252892,240.45950467835058,4,61.898037369534464,625.0532265470641,18927.347434894273,909.9738117155532,586.5939472140477,346.4391380611312,935.0144870818075,12302.823493938697,666.9851314284147,630.9633466972139,0.21801456379123976,9.713864672651294,5.762999461177182,0,yes
259.7838977144454,103.48830929527503,226.74810707951863,226.7212413782807,4,74.47492673838181,768.6076222539779,16136.567925390527,956.5584072739235,99.39959724801324,862.6191926280228,986.816746968382,14113.87875070217,198.85993446977687,652.2603575657712,0.19016777898145878,8.356422899433209,6.327665725817896,0,yes
274.25320467363844,293.98419475987043,304.54523415572686,264.77608353392225,0,63.218898158816245,727.7849556732741,17125.73503199636,937.6609920798858,115.44854771046383,847.4360136489775,937.3107545610176,14882.826220184605,247.18313722223897,622.2453990065466,0.27395251457934366,8.839368060051191,6.630963851062239,0,yes
221.11857486805764,160.8478273903773,331.15211753403986,267.9223045504765,4,82.73552525726654,799.6288623303192,18650.04269827528,962.9241952553491,28.856388220266545,936.3678910468653,897.9491440948902,13636.356250370352,351.30304276131733,730.9024312189415,0.2383845716602214,9.62094551574705,6.172893677724493,0,yes
275.2341050946813,199.03309701584007,398.62377407337476,269.66851884652704,4,72.39612221898983,968.0884579620225,15697.14727681208,932.4478091560775,443.2878845391275,554.3478774759343,902.5509686072866,10650.522076262985,456.17548776387827,653.6460261788244,0.27304422527976396,8.178467085647833,5.016652860121289,0,yes
233.04175658425095,170.58768060124507,308.6757752169211,232.3430864761424,4,57.34619726892144,892.8538646924421,16242.764809630202,960.0943456152438,950.5026935624578,12.18764156767702,949.0592206093514,11650.522360480143,466.72896080718857,616.647293150162,0.2289832858927804,8.4378909939564,5.429802431539261,0,yes
239.96333371313742,271.52975084117446,219.82509261751636,246.8537634057085,1,81.2843531644766,757.0458315752378,16219.399000519326,969.0162268176771,512.4112758679073,426.33620832992824,726.0563267026835,10671.07188154872,622.3808318778857,750.3781509838908,0.24637632206891574,8.396990296308596,5.025395262457731,0,yes
246.93686850058546,213.98783064822317,347.23126018936614,265.83210972547585,4,82.65142340836917,708.700363025256,16434.545277057197,948.520722150803,90.4668360411402,853.8084800319568,967.2996761626689,12950.194985266591,785.9810723043166,702.5608651316531,0.2656898285407955,8.491057324690393,6.09340786722642,0,yes
232.30402184640954,227.17851599021995,384.29300153052264,241.11291940615763,0,50.685387147682505,969.4069765292952,15931.94585448843,943.882316151706,254.42887473230658,741.7187106175227,721.6892905257303,14658.698946902174,103.30227584271032,641.6365892873944,0.2515665648361237,8.297739095150732,6.404649638121063,0,yes
215.61353787016913,345.66032057292904,244.68453854438982,200.60618893580357,0,56.46621040287492,767.509878128119,19583.781325271666,912.9662243155855,693.6017813994694,218.10995962957588,799.9997314499317,11437.842615271358,537.1286199053753,617.3647045305283,0.26155508354453244,10.073806729501378,5.306364787021276,0,yes
283.0917296716449,216.6492381513392,354.82261581647526,248.98847348596507,0,58.28225192715148,971.9963500165682,16910.086677400257,904.3285756940888,379.3627104930669,614.8211312490573,887.0449301481183,12715.242689421182,374.9319931706373,754.239975343944,0.25041514198399906,8.781991356165078,5.816643366386282,0,yes
215.04738294478915,283.7625957423496,248.74085814620452,237.64219827157964,1,72.31060256272697,659.8236852203512,19239.34000099103,989.448487629054,576.5129165018177,407.3735893374155,959.5932859834022,11765.717846812408,193.07479158250516,632.1861119337093,0.25093487178481005,9.888380638896312,5.375591384782567,0,yes
241.05603414478662,196.33404928276167,243.64442676755073,222.48787406008375,4,78.15034965173041,785.1147084275403,16184.544520788928,968.7115844405532,815.4815452024485,169.64944725558973,760.2402445392222,12821.068286397378,205.3583101617348,681.8303594417198,0.22793275247267797,8.385758705171922,5.72958825026908,0,yes
280.58786204219024,187.59382553213237,294.1044148401302,266.6952689846851,0,71.9134222610433,671.3744534973025,16725.470546321776,912.3176856671707,965.1823623132207,28.989250651434872,929.1718034024774,10658.975388190178,836.5916018785917,636.8912390874411,0.23158723347397617,8.62336169360907,5.180173666535884,0,yes
284.73985693817434,324.2915892917723,273.77600618718805,250.66791745451872,4,79.99906519793545,779.6171321525168,15386.952693635563,988.3585973958279,138.3433241229503,762.9586639493674,735.0068635471401,11761.260734501182,137.50649457381712,767.7584312631676,0.2965377294045517,7.988456702177777,5.268292731296744,0,yes
287.947969165663,257.45778113701306,343.8619307780875,216.52496253723498,4,75.1205591205651,632.1030639206836,19954.74529009168,979.6321524133187,81.85541059535868,853.0287450978958,851.24637191605,13886.258481992976,130.05125204044364,740.4831575685312,0.2767858080579442,10.238672100851254,6.162769795379696,0,yes
283.2011230550306,131.38384929620548,191.13642443300427,235.18423045402292,1,25.151779350764087,781.3002556126922,18764.294677740047,908.4934628099346,777.9958201812884,143.52321409976548,701.9312883195174,11348.4142116006,835.9181746862203,798.7168670767253,0.1806607049286351,9.666518883079144,5.376185125787473,0,yes
288.749902893007,282.96756721452755,353.74376414676055,279.3453945456282,4,31.758290803660493,952.4804022864778,15105.053695121958,996.3621290757304,617.7213899585269,334.3586536956526,794.8270396929432,14659.049168360623,350.3943881423951,687.1756881218771,0.2961810972007738,7.887651746037585,6.532770524373101,0,yes
268.3575563708214,222.74628221586286,238.72506480627533,279.63365413386634,4,94.19347526765453,879.0270644576443,17819.932354011853,912.7465183216409,933.3481402888435,26.637843873856923,878.3107331259828,12051.071092389262,150.35835045488142,734.7317952514961,0.2544133439003008,9.216846209984322,5.45033168584383,0,yes
223.6963139459374,287.57855429060123,293.47699259040326,250.05561522088743,1,38.02128477914452,743.5591390749654,18876.409807767188,955.6599099034203,308.0061819860464,623.1016221415839,761.2668864034168,14902.202885908893,374.7599013712357,747.456963075606,0.26067294250695155,9.720666432333044,6.6314474745088186,0,yes
219.6484118893591,124.51152082714638,107.61432311703258,293.925016084835,4,95.08289215529514,621.8572471734547,15041.055878787449,986.5197823757403,859.1745777018974,56.17882061044668,814.8243607172743,10964.24762903614,601.7336364666658,671.8719275082829,0.1857102269000489,7.780549687841052,5.156334688432755,0,yes
248.8343739598397,199.7144165292998,282.58918711959245,285.0678382309362,1,58.780205013724554,706.6609005790986,15949.863074413885,983.7623711200087,519.7175111844713,460.54151535279266,743.1963833283644,13267.441857549336,329.1899700300247,692.9063257644627,0.23613785263485398,8.253130330532514,5.95163712383332,0,yes
212.83333080869807,332.2828571486508,129.68526322047634,294.0048273060769,0,27.035982863698784,704.2476714662603,18697.52331819528,971.6051432076401,513.5399526118983,448.4106693491851,952.0265093108065,14983.833359486234,687.2093714060018,712.5831412575212,0.24783403826300268,9.624747940791469,6.865001882003647,0,yes
272.7867699468429,270.8549185229612,321.39156375279975,234.20109877074634,4,77.95621596362705,778.2550980995718,19396.52164032389,970.7796782428769,41.95569729015952,951.4136595843988,848.4299410902576,10462.583446158393,805.9514235143542,767.6180100359792,0.27962228834290925,9.990505924389174,5.074209421349052,0,yes
241.17608223360992,239.27240514858784,265.09383297724617,213.66765545612327,1,69.47041526191825,973.5644548113717,18381.286726552178,924.2512940299073,606.8696274273383,335.704443955642,778.8780394747511,10696.704087674443,475.31065625810004,635.5437076921813,0.23455776481745633,9.520674533238651,4.983335669873953,0,yes
208.67654751624113,388.96742421763076,100.4153482315667,248.88225050406626,4,79.8428322777009,846.1940489154895,15279.503387089471,903.5632982489941,421.92648162961353,516.6418558095222,749.1956485630434,14641.543796880156,251.81549591594398,602.8737650087662,0.27774264070206806,7.937971035756212,6.455185684523909,0,yes
299.569674737028,291.09758140274766,341.19141943033617,247.94252788829363,1,93.83966642501953,721.2729035872203,19468.32589570222,974.8882272664104,725.7009747449019,201.7279283164862,878.3127112222292,14626.469604275702,558.8662686362057,644.2936489710057,0.287818053416117,10.014353605927548,6.627505859735539,0,yes
204.84112170749,388.1501758920377,356.153678573502,221.81115467987797,0,31.821617846496608,912.8139629874884,18599.085080436387,987.9105335467736,882.7466107573201,29.953432587001316,954.8829670623393,11466.482722208571,713.60608797897,781.6169554637725,0.30062867979513086,9.624431155649257,5.472175903712301,0,yes
238.30686982535812,108.65682367026378,196.3346850126883,279.3716159949667,4,31.161372292920156,863.2428583650477,15856.217773049113,958.0015876542384,372.5351230967905,585.827748137084,782.8403312547373,10031.621615864457,107.81723942163532,721.534678362941,0.18852256822117627,8.237630410136234,4.5853753223174,0,yes
256.69116682322425,260.7698449990322,212.77993655240152,252.97053482157798,1,29.325212911824234,790.360701267714,17737.117961814296,910.8060659277912,556.6471776056624,373.664835535268,827.9306602231331,12298.642528208198,465.43386773229355,737.151592491065,0.23747012037220103,9.155264362530497,5.651481290592404,0,yes
246.42049134504643,106.59802884221278,275.4085702881196,248.86492983908897,0,93.16460299133252,660.2537428826021,18743.575974285628,981.7724141330505,369.09630619844705,562.1297843569791,787.8444150961473,13736.205839707214,659.9957939940515,740.8170525909617,0.1902327871753313,9.639529346974138,6.288908525249708,0,yes
253.0606101991998,169.14760814100578,340.40299514209255,263.27707864806797,1,98.47572924537621,709.7040615224612,17107.538746083308,949.8958142330974,522.4480057416214,429.73732061536725,861.4570820982372,10782.850056356834,253.58116320990484,763.7680535618184,0.23664153461847245,8.827964188245675,4.980375342259432,0,yes
244.13477269346015,238.99067427278464,243.06398634656443,201.56162180009383,4,45.141385472485716,782.0179033318822,16916.35881246869,925.6399000145827,317.03715531676426,593.9403545111271,759.8480229001482,13895.774090750212,437.16053420472446,708.6758857107723,0.23693358344333396,8.745054618975034,6.245377229220111,0,yes
297.2013906158773,305.2959789351289,148.47363174713865,283.2050938326258,4,21.58900080698576,670.4501256357751,17949.40123380347,940.2857047212254,89.34346857924687,830.9197776875043,813.9937591522005,11385.331982954121,205.71756183610557,627.9717256732775,0.2646234679106281,9.238954457412142,5.160947732647817,0,yes
229.6469851729728,369.5669307345568,136.78711977339296,230.21235267176218,0,99.5123933330274,796.0704962442791,16809.348691312778,950.4187904070012,561.024242137579,354.02334166536593,960.8391460475096,13908.770690478821,367.9087118532883,784.3711773982141,0.26264430343852513,8.698081959552987,6.31388325322659,0,yes
294.5415276622287,124.70245463029903,326.696511008829,217.44643920746992,1,32.619756649861884,616.8445800658715,18361.838474502885,950.2512114623661,803.0717472043989,113.35587856602592,944.4784381924599,12737.01924691044,704.3119422048219,642.2218681037668,0.2039280178508613,9.434843358550724,5.954593759332768,0,yes
293.65157140504255,300.13953875266475,243.552459105339,289.3909390311384,4,82.23928284860051,782.78662048439,16561.392029301154,900.6532997019226,630.3575694990803,272.6643825287035,972.945045490603,12043.67329922469,664.5659084327812,769.5706535294064,0.2899876758780736,8.564329158078756,5.687732812762524,0,yes
200.59338394303035,372.15707935210173,283.5098746414036,235.47702704263168,4,80.18521864649772,610.7167497750694,16054.335682701196,942.8116688079589,533.4672173350199,454.6539496627083,819.8339669886092,14152.155366256193,611.467680424003,686.8692947711094,0.3039794455633449,8.278736949203525,6.449382027151215,0,yes
237.44223229697528,143.50258391672594,223.3889639490136,229.77717586580795,1,53.35036804445132,824.3516370807055,17564.84574923884,907.689342832586,27.558270355604943,947.9993191657633,768.5701498506736,10970.32294364615,522.3598372826818,796.9486431544099,0.18863243164929186,9.076300317808478,5.1333755641417,0,yes
228.49140738818224,351.300532256304,118.60774121409999,208.12926664136748,4,85.20599065900856,655.9384241265103,19335.369663127978,973.5865082593073,478.3642421267772,480.59571959204357,807.383901325626,11816.377288496626,128.60027861295026,610.9537574800593,0.2613399692638403,9.933350469888168,5.3029658337491155,0,yes
205.26041994796466,289.1045699372967,283.56333171128097,248.7785369461761,4,88.59030659439257,668.8587004141788,17038.5476964407,950.7128812760474,588.9621094243703,340.2533693927603,773.61755434166,12509.452775938864,401.18226941941185,646.8714078198292,0.275075260213695,8.784612269979233,5.676329835948563,0,yes
248.81400070782007,156.89214312962224,331.7924662598713,260.54957037734783,0,77.87371427414577,669.0052116899832,16433.158832821282,904.7514685787701,170.77555513967795,798.8610423344438,816.4506071109349,11947.813171023548,511.7891237660414,737.8661903106831,0.2223438438829154,8.475654292094307,5.53060385311164,0,yes
257.4140136851125,210.56915323989787,187.1966408538347,226.40317143633777,1,84.33503504111752,699.936114719368,16593.21611324376,924.8331797840074,749.9703973379612,241.27790978465896,902.873951916334,10314.196952468856,720.433884522612,745.4508728220726,0.21396625676549225,8.56521419133543,4.999182101409086,0,yes
273.20040186696923,169.37132313642883,254.13720239740354,245.13418746726154,1,34.81407856008589,805.7416464589755,18339.99240322482,954.0143589036064,651.8216508846672,257.73048755472325,757.7935195612292,13137.343802732361,490.1310795730074,713.1273625914189,0.2103937729078521,9.466057991655124,5.962765174078628,0,yes
215.03291898719817,183.46753609719633,227.51881443219915,213.03183365182701,4,89.06364673166101,834.0403808561956,18800.300826537918,923.1685117400197,748.558485203331,229.89056570725688,712.2617695353404,14355.035139812997,168.7668895693184,706.8758315156772,0.2157551481483339,9.698316606116807,6.311724089488305,0,yes
263.0764471312308,145.38960345738926,367.20666759209035,272.13405203248186,4,60.22563593020537,943.646487206411,19800.391036328023,977.52332100759,449.2980508171827,460.92931378729304,909.116715156214,12016.037566519073,681.506120748537,654.074542289152,0.24272770486503945,10.230685522906722,5.643640038774715,0,yes
209.35710583788602,166.44057446777046,144.7223175685194,241.88940939332815,1,21.349980340157497,989.6803061517114,17880.61363794964,902.4934970626718,848.5767704358003,66.17932690647717,784.1110828577421,12809.254602609039,711.6656863814299,675.1140660855901,0.17692812464804622,9.271083534434688,5.926369583184158,0,yes
212.80646322619782,356.36401760124375,113.16728365872068,238.9578086055053,4,26.279439140682676,775.2368637404228,17807.53799683066,972.8564783736117,446.17568123194474,477.62384055600637,946.7046362282781,12517.385560532688,158.82068206966747,643.9999888675989,0.2590550346171819,9.19562967719865,5.650675391373494,0,yes
272.76287403664696,352.99911354110156,242.02858255078036,232.046608147372,1,87.12441642888946,935.0653409447768,17119.836149512576,941.1288223401995,499.16774047726824,495.9386436852361,963.0019764624112,10338.118060773033,598.165520430603,674.7146452179298,0.2853263328579883,8.883429309544832,4.975082795264697,0,yes
213.13712711682322,241.56770331647468,361.05260240326925,233.32639597215984,1,43.92585975100661,623.2731273254323,19208.110138576558,913.5605530159638,888.8328965272161,74.47853108041488,904.8152569994974,13100.902442562594,269.27798845931255,696.2092204554017,0.25184681914027657,9.854348315931178,5.923798351879963,0,yes
232.45341873769564,121.72104075701057,263.5985642645404,288.81592302627155,1,75.52197023296944,953.851690975331,17071.16328341477,932.4191557966554,501.2155149972314,489.24316748745804,938.0670102491764,12019.277355117234,199.09289971962085,768.6534631893653,0.20192646207502948,8.86220024178274,5.489732686457089,0,yes
257.44401935359065,279.7828090088882,268.5701680641582,223.7891878183683,4,96.99670679377077,933.1771936044731,18004.804476900532,999.6484476847975,501.1686325496786,412.84627070586566,758.1023175476663,10013.352382210931,223.05495459991764,689.9969477878752,0.2709998294740411,9.333564128765012,4.604018568971997,0,yes
231.06605909191532,294.4746452821031,386.0078914329185,248.58904217760477,0,93.76303795954627,907.3636510085125,18457.335969109827,928.6193261775987,739.5686811733126,258.44535331779457,752.2987627339875,12602.906773650828,574.991648170597,644.5611337161663,0.28558299295420564,9.544147127934906,5.783894386966807,0,yes
292.03578394936005,300.55671678870726,269.19742164341164,210.11400717058817,0,89.1085028930323,602.0340800288154,18971.50445526822,920.834861812931,554.9050729192888,432.2342383712887,938.7419484090722,12688.997453654098,811.4263309423918,701.7256626624971,0.2640872167002955,9.732422637837384,5.993488072997371,0,yes
205.58123842007166,217.88428739915156,123.22270007072451,211.1125102383843,0,68.25024713973389,619.2833719719767,17008.720744774084,932.2156764739196,818.6679206625479,124.42029098491798,908.4392194379544,11123.687697649433,490.48030623473505,657.8024941768866,0.18846873115502866,8.756338285579073,5.215007905776098,0,yes
285.54589778677683,322.34380947341253,263.66898006119084,289.80324436423007,0,79.16543678496117,621.418656801949,16413.89750766829,909.244736499429,659.0107136627992,336.7118068368485,752.169328580448,14178.703157690346,808.2039817924095,673.9284027578028,0.2855615625533694,8.456249015178452,6.510981307273349,0,yes
212.72165368411376,384.1011118067937,204.5470787190792,212.36960480371553,4,56.69994444423634,983.7387335276547,15743.422004149406,918.9182753578644,539.176162126609,419.4990214051343,783.633793026192,11776.4220995343,782.3900814859406,639.0726851609766,0.286920917406262,8.20335826779895,5.542633765168211,0,yes
286.8936722066121,191.36032829123434,338.62340518435866,244.19835378355617,4,82.93662391013885,627.5282284099206,17220.95069135654,995.9930586509411,219.04712092561016,710.7005922126646,902.6899487462224,10812.040071271558,258.3742217301272,733.9447858684266,0.2556830289205395,8.873045559240824,5.003417550003486,0,yes
270.9141923978957,209.35620454013934,283.27815036753236,258.421027226814,0,37.78032909568264,717.2151362759657,17365.958568930186,985.395908172785,41.02746105096429,869.5135347175365,976.7952492324862,12517.80593505108,399.9783552059517,680.1060343162055,0.23095667903962677,8.963729167927696,5.7622697371517235,0,yes
227.9118577502802,168.82610225330458,250.5809758283794,210.5620228096453,0,26.74090440685882,917.5924631617238,17562.323709084078,910.1261789555654,866.6136014737788,95.77575328789578,830.8671175454267,12889.363947064428,178.95869427965803,712.2009702946762,0.1918087729645561,9.096440370443117,5.77546007009095,0,yes
273.18251765619345,243.95814524643862,168.56727782571767,243.54213123229414,1,48.32868253939388,639.2490296336131,17894.06639300633,990.1417960343513,722.9757193202776,193.94734788209996,885.011828974589,14217.871142473032,860.5693414400787,732.6924473390708,0.22449242903610198,9.211346261430569,6.597635561690545,0,yes
236.98440848474118,263.6674814925327,397.06160296424025,257.2324543583822,1,95.81682456641404,965.2241428804878,18851.330617956373,982.1086188802295,875.5379058029866,70.97742952169824,743.9659732039529,10446.782215153708,619.6172779741871,683.1858286065437,0.28220562418936634,9.761740960669615,4.933917763347296,0,yes
227.0044087617247,200.7755069803894,218.37678754624477,287.1896565897856,1,45.05024267211951,886.8008344828571,15394.165515148678,935.7170359076704,123.94858575713472,845.5617978945229,872.0743116966605,12669.288250859292,243.7320704356213,746.2747955538214,0.2196597245476738,8.008867201958624,5.7353193494364865,0,yes
229.33024983698562,387.1771167912398,232.1836845707266,260.900547917184,4,75.06799123407447,887.7990388314217,15232.484113860239,952.8788150698072,869.9652420239864,107.17972445140708,932.0942395864982,10705.828883986118,674.6582154799047,729.158050732485,0.30779121962494477,7.930610824861765,5.145098269198471,0,yes
254.15905563823475,297.33801351767556,225.10309127267192,275.3668902728605,0,88.49638596998777,775.3045713493364,15489.42064223262,944.248666804811,604.1783485790442,362.6210888775811,754.356613706812,11471.714987751448,558.8152828785467,636.2083729651738,0.2621594683924114,8.032644279953,5.3203556719063165,0,yes
200.11234047410588,342.4617653078016,331.3540920329857,219.74728222276624,4,70.33656789132513,818.8373201524706,16608.93704693238,987.6395004996544,309.91852619885736,633.4968170205318,728.2161730720694,12057.946999323423,155.64877839489668,746.2509135946214,0.29722521355926157,8.608104031241167,5.394409024036921,0,yes
229.66036413733036,251.08431182515957,392.06452593091177,235.30382024844502,4,66.55304731792049,882.6056740706645,17375.371642423175,984.1797148224061,459.5433049205791,444.386714441011,981.3786976831938,14346.2587415645,278.0464801312086,784.9668986572746,0.2791820703991,9.0051995464717,6.459711363510195,0,yes
295.04258386702725,169.80763622498813,202.05295850847136,226.3363467350813,1,71.97288407210391,783.7023526056245,16720.16274904413,981.0965609199009,312.0081802077356,646.8521410341552,783.9851916791602,12496.413098965138,379.773229855821,628.8874228398643,0.20382952720364292,8.654965276406209,5.668417428443961,0,yes
259.96931453155906,387.14379265298635,171.87162900270096,271.1789672573725,1,44.74728906130002,991.9844963883073,16853.753645112345,989.919147981617,316.24493810984166,650.5341046268794,761.5535058762222,14460.676333951395,750.7523726250461,691.2449525574667,0.2858326552671242,8.770204248842806,6.602816933442128,0,yes
239.79628783373775,205.75846146249853,118.73427532988522,275.17132137597514,1,24.375684217031832,664.7895965705217,17293.850619638066,983.4105402930732,522.7974888386073,441.7923172833399,878.3865148753721,13527.459214727109,803.4386008490739,767.8185879345594,0.1983385279411226,8.915885815340825,6.307182500456149,0,yes
287.28664921390373,226.43190913187672,179.82646039356098,220.24014953634065,1,30.67165711004476,865.7182516771857,15192.846563543038,980.6338293108798,322.768499600908,671.1431929615026,842.0729942571253,10148.503024144207,194.01419624488386,763.4433602194154,0.21464036906482198,7.9096284614371015,4.700778678024255,0,yes
229.61081701672933,155.2947439262108,205.91686680300424,233.1589698635767,1,76.29137380233969,655.468116076474,15299.247376538686,948.423470707695,168.6184448444996,781.0625317297429,738.120686801081,12088.197079352749,598.5963364189251,765.6974329185211,0.19242585401897333,7.911717737245011,5.591098113772916,0,yes
271.7528271541696,178.64634727510304,388.19456060030967,285.4709783928505,4,69.83962607524631,673.1369738895447,16426.19594681361,946.2901407527786,20.000931866459705,892.0542985572527,813.7342874761648,12326.730432155175,463.9409246350043,712.8936346696297,0.2652020395355535,8.47876525960026,5.650730950619681,0,yes
267.12987617880515,112.59563882528738,395.6218608520571,243.50735182868047,4,95.30804254298533,963.4048513013984,18520.399758598527,959.1047030512661,452.85550861431966,489.2110735306478,726.6957493596735,10000.210171221406,107.41268841230482,706.0749053443616,0.2344919985858231,9.592680133797119,4.545905523175525,0,yes
290.96995529836613,305.78549145423466,310.44720345021267,208.15720173315538,0,97.92170705503429,624.638034075898,19112.934994865835,958.2244324809386,984.4392472060877,5.125586221517096,930.4614021016828,11226.742658829531,420.4386536756881,681.1585234923626,0.27501071333047505,9.813185231888609,5.246504600000983,0,yes
287.9678174897607,316.8396843772291,144.87181597479818,275.986244888104,4,57.7874068473244,689.9105939809949,16096.1135459004,909.5258518180266,891.3897535516595,61.61846509010991,701.3643660534149,13188.729830518192,886.0295459924816,611.3736060352817,0.2704562144241205,8.312367259632454,6.111705843001948,0,yes
292.7068021676237,192.88394822560514,384.0183193905316,292.95767121574124,4,24.059987889469685,892.2462738126178,18257.118220757166,970.0392348991718,670.5033783585135,322.79729645367627,793.0381723479102,13948.898175066426,753.4177041763436,726.0496315811102,0.2684589537454361,9.44630190419505,6.420033413412652,0,yes
206.677746517125,209.75331197962763,277.84399357193536,288.61056539824745,4,34.44745646623253,657.6935477054558,17148.268509290727,940.311808179767,575.5200061144237,358.19969261294636,746.4263827643493,13068.20176713197,775.6677889689113,731.0459027423929,0.24352965192549691,8.8356001995039,6.050454419286332,0,yes
256.79790865113256,170.5058643994731,185.12467082495596,223.7429394291251,4,51.47436218487932,788.769094275783,17329.930979609715,985.4007793629213,770.5405541436237,154.63812625461196,984.4302439264388,13026.73466530506,598.4713889430748,610.176668753635,0.20478526095774144,8.961574001719157,6.041134615727479,0,yes
